# timestamp tx ty tz qx qy qz qw
1341845948.911866 0.000000 0.000000 0.000000 0.000000 0.000000 0.000000 1.000000
1341845948.947808 -0.001771 -0.005315 0.000814 -0.005289 0.000707 0.001093 0.999985
1341845948.979787 -0.000106 -0.009388 0.004966 -0.011405 0.001201 0.000275 0.999934
1341845949.011787 0.003390 -0.014689 0.010380 -0.017654 0.003643 -0.000595 0.999837
1341845949.047774 0.003557 -0.024563 0.015495 -0.022007 0.005254 0.002498 0.999741
1341845949.079745 0.004810 -0.032314 0.020167 -0.022576 0.004912 0.007020 0.999708
1341845949.115941 0.007561 -0.035569 0.021512 -0.023113 0.006393 0.008929 0.999673
1341845949.147691 0.008147 -0.041585 0.025393 -0.025639 0.009960 0.010404 0.999567
1341845949.179815 0.007454 -0.050627 0.030588 -0.028339 0.012941 0.013013 0.999430
1341845949.215795 0.009858 -0.057622 0.032262 -0.029875 0.014831 0.014086 0.999344
1341845949.247763 0.012985 -0.061104 0.035334 -0.032731 0.018341 0.014206 0.999195
1341845949.283892 0.017405 -0.068764 0.046731 -0.036335 0.022404 0.014484 0.998984
1341845949.315792 0.019332 -0.078843 0.055986 -0.037309 0.026451 0.015346 0.998836
1341845949.347811 0.019699 -0.086814 0.055350 -0.036402 0.029574 0.014393 0.998796
1341845949.383752 0.018461 -0.090708 0.056012 -0.036596 0.033563 0.011878 0.998696
1341845949.415733 0.013979 -0.094969 0.057083 -0.038131 0.036164 0.010323 0.998565
1341845949.451907 0.013451 -0.099634 0.061024 -0.040711 0.036307 0.009774 0.998463
1341845949.483823 0.016957 -0.101975 0.068124 -0.044524 0.036686 0.008083 0.998302
1341845949.515817 0.013377 -0.103154 0.073844 -0.050398 0.038256 0.005636 0.997980
1341845949.551896 0.017283 -0.111856 0.080193 -0.058516 0.034677 0.004296 0.997675
1341845949.583736 0.020939 -0.110823 0.085094 -0.061820 0.032821 0.001910 0.997546
1341845949.619753 0.022602 -0.114226 0.089602 -0.066867 0.032925 0.000556 0.997218
1341845949.651764 0.021832 -0.121438 0.096304 -0.069306 0.031068 0.000470 0.997111
1341845949.683707 0.022554 -0.120293 0.096834 -0.068461 0.027366 -0.000116 0.997278
1341845949.719890 0.022140 -0.118297 0.098112 -0.073054 0.027886 -0.004372 0.996929
1341845949.751778 0.021293 -0.122588 0.101693 -0.081410 0.028753 -0.003823 0.996259
1341845949.787857 0.018875 -0.126845 0.108100 -0.086826 0.026623 -0.001432 0.995867
1341845949.819784 0.017097 -0.125510 0.109741 -0.092401 0.024013 -0.003299 0.995427
1341845949.851908 0.016537 -0.127666 0.115131 -0.104040 0.024175 -0.005885 0.994262
1341845949.887758 0.014674 -0.133725 0.118061 -0.114439 0.022632 -0.004236 0.993163
1341845949.920013 0.015193 -0.138233 0.124436 -0.119446 0.017884 -0.003863 0.992672
1341845949.955673 0.016464 -0.140553 0.127227 -0.122752 0.015849 -0.004988 0.992298
1341845949.987737 0.013680 -0.148215 0.131773 -0.128253 0.015875 -0.006007 0.991596
1341845950.019789 0.010754 -0.153565 0.137185 -0.131312 0.013936 -0.007590 0.991214
1341845950.055847 0.009332 -0.157571 0.139442 -0.133798 0.012095 -0.009548 0.990889
1341845950.087728 0.007866 -0.159320 0.142609 -0.138306 0.012946 -0.012301 0.990229
1341845950.124078 0.006385 -0.166546 0.146999 -0.144278 0.013086 -0.013071 0.989364
1341845950.155757 0.005826 -0.170590 0.151315 -0.146893 0.012312 -0.014225 0.988973
1341845950.187677 0.008022 -0.171093 0.156250 -0.149314 0.013057 -0.016710 0.988562
1341845950.223782 0.004783 -0.178536 0.157657 -0.155657 0.016804 -0.020146 0.987463
1341845950.255885 0.003578 -0.185109 0.165492 -0.159400 0.016179 -0.020573 0.986867
1341845950.287784 0.004614 -0.185648 0.167119 -0.159953 0.015681 -0.020903 0.986779
1341845950.323864 0.003632 -0.178209 0.166924 -0.164601 0.018914 -0.024434 0.985876
1341845950.355780 0.002184 -0.185135 0.171304 -0.179588 0.020973 -0.026866 0.983151
1341845950.387911 0.001166 -0.195893 0.177420 -0.188621 0.019832 -0.029228 0.981415
1341845950.424265 0.006316 -0.202617 0.187087 -0.190205 0.019031 -0.030339 0.981091
1341845950.455762 0.002013 -0.212698 0.187873 -0.189062 0.020955 -0.032393 0.981207
1341845950.487870 0.000753 -0.216604 0.190946 -0.187098 0.020004 -0.034224 0.981541
1341845950.523880 0.000804 -0.218282 0.187874 -0.187573 0.019784 -0.034908 0.981431
1341845950.555793 0.001174 -0.215874 0.185344 -0.195014 0.021977 -0.037452 0.979839
1341845950.587742 -0.002924 -0.218413 0.184738 -0.208049 0.023209 -0.039346 0.977051
1341845950.623823 -0.001859 -0.233315 0.188523 -0.221107 0.022166 -0.038267 0.974246
1341845950.655770 -0.003413 -0.241462 0.192126 -0.229682 0.021654 -0.038478 0.972264
1341845950.691815 -0.004504 -0.250221 0.195872 -0.235406 0.020522 -0.039043 0.970896
1341845950.756034 -0.002867 -0.269080 0.202953 -0.240953 0.021386 -0.035303 0.969659
1341845950.817895 -0.002165 -0.284595 0.211074 -0.245667 0.022999 -0.034981 0.968450
1341845950.853851 -0.000945 -0.291246 0.213885 -0.247034 0.024186 -0.035766 0.968044
1341845950.885881 -0.000337 -0.300359 0.221044 -0.249751 0.025794 -0.038310 0.967208
1341845950.917771 0.000755 -0.309483 0.228980 -0.249999 0.027116 -0.037926 0.967123
1341845950.953822 0.000208 -0.316294 0.233908 -0.248620 0.029699 -0.037676 0.967412
1341845950.985908 -0.000920 -0.323150 0.236182 -0.248383 0.031927 -0.039605 0.967325
1341845951.017817 -0.000464 -0.329529 0.239194 -0.251001 0.032713 -0.041610 0.966539
1341845951.053777 0.001835 -0.334987 0.246846 -0.254628 0.033707 -0.040337 0.965609
1341845951.085819 0.001748 -0.344165 0.252362 -0.257914 0.036054 -0.035835 0.964830
1341845951.121819 0.001679 -0.349783 0.256742 -0.261557 0.036541 -0.032922 0.963934
1341845951.153788 0.005134 -0.356464 0.268677 -0.264439 0.036438 -0.030020 0.963246
1341845951.185690 0.004527 -0.365480 0.273937 -0.265277 0.035837 -0.027458 0.963115
1341845951.221846 0.005519 -0.372292 0.279892 -0.264912 0.033009 -0.024804 0.963388
1341845951.253677 0.004646 -0.380774 0.283526 -0.264471 0.029330 -0.021998 0.963696
1341845951.289833 0.011335 -0.389259 0.293647 -0.259921 0.022893 -0.013357 0.965266
1341845951.321746 0.016654 -0.392048 0.296953 -0.257416 0.021859 -0.012230 0.965976
1341845951.353781 0.016851 -0.397543 0.299719 -0.259031 0.021513 -0.008791 0.965590
1341845951.389710 0.014032 -0.404468 0.302186 -0.255907 0.019468 -0.006690 0.966482
1341845951.421759 0.018036 -0.409180 0.306790 -0.250405 0.016140 -0.005208 0.967993
1341845951.453714 0.018113 -0.408513 0.305598 -0.244987 0.015272 -0.004198 0.969397
1341845951.489750 0.018314 -0.411856 0.311505 -0.244183 0.014079 -0.002912 0.969623
1341845951.521791 0.021893 -0.411167 0.314433 -0.242054 0.013134 -0.005546 0.970158
1341845951.557734 0.019392 -0.413804 0.316589 -0.242935 0.015389 -0.007746 0.969890
1341845951.621927 0.019032 -0.427093 0.328543 -0.244876 0.009272 -0.007807 0.969479
1341845951.657740 0.018253 -0.426253 0.332295 -0.246193 0.007027 -0.009760 0.969146
1341845951.689997 0.019621 -0.436522 0.339003 -0.250487 0.003942 -0.008484 0.968075
1341845951.721802 0.018187 -0.444378 0.345631 -0.248588 0.000293 -0.007364 0.968581
1341845951.757837 0.025758 -0.438795 0.342232 -0.245504 -0.004299 -0.007685 0.969356
1341845951.789992 0.026393 -0.441317 0.345244 -0.252089 -0.003364 -0.011816 0.967626
1341845951.825880 0.029720 -0.450691 0.355694 -0.257839 -0.004674 -0.010408 0.966121
1341845951.857655 0.034902 -0.452896 0.360965 -0.258923 -0.007159 -0.010279 0.965817
1341845951.889934 0.036165 -0.453233 0.361813 -0.261029 -0.007334 -0.010429 0.965247
1341845951.925973 0.037817 -0.458294 0.369113 -0.267544 -0.009804 -0.009029 0.963453
1341845951.957775 0.039575 -0.457781 0.372606 -0.269155 -0.011952 -0.008487 0.962985
1341845951.989866 0.041467 -0.454200 0.376331 -0.273640 -0.014037 -0.009223 0.961685
1341845952.026044 0.039679 -0.462609 0.384387 -0.281971 -0.016743 -0.010088 0.959224
1341845952.057894 0.040297 -0.465713 0.389328 -0.283663 -0.019361 -0.009549 0.958681
1341845952.125827 0.039271 -0.471190 0.397710 -0.285631 -0.021189 -0.013602 0.958009
1341845952.157796 0.040833 -0.474600 0.401550 -0.285204 -0.022548 -0.013553 0.958106
1341845952.193712 0.040458 -0.476103 0.401495 -0.284753 -0.022532 -0.014295 0.958229
1341845952.225758 0.043047 -0.479212 0.405707 -0.285303 -0.022995 -0.015026 0.958044
1341845952.261888 0.042427 -0.481688 0.407201 -0.282926 -0.021320 -0.014343 0.958798
1341845952.293773 0.044601 -0.482700 0.403863 -0.279678 -0.019769 -0.014372 0.959783
1341845952.325830 0.044074 -0.481742 0.401400 -0.280493 -0.016210 -0.016135 0.959584
1341845952.361889 0.047246 -0.487789 0.405274 -0.283596 -0.015027 -0.017810 0.958661
1341845952.393746 0.050191 -0.490661 0.404543 -0.284393 -0.011759 -0.019109 0.958445
1341845952.425943 0.050602 -0.492418 0.404471 -0.286494 -0.008565 -0.021190 0.957809
1341845952.461990 0.046981 -0.493885 0.405867 -0.287055 -0.006594 -0.023831 0.957595
1341845952.493879 0.047262 -0.494416 0.402971 -0.287965 -0.005665 -0.024240 0.957317
1341845952.529859 0.049657 -0.492482 0.407302 -0.289568 -0.003343 -0.025186 0.956820
1341845952.561728 0.045973 -0.494212 0.404580 -0.290314 0.000450 -0.025793 0.956584
1341845952.593773 0.042500 -0.496251 0.399530 -0.292890 0.002877 -0.024796 0.955820
1341845952.629782 0.046144 -0.492165 0.402362 -0.294542 0.004107 -0.024440 0.955317
1341845952.661822 0.043620 -0.490918 0.404730 -0.295003 0.005601 -0.024919 0.955155
1341845952.694133 0.037458 -0.491448 0.397260 -0.293743 0.005839 -0.022811 0.955594
1341845952.729992 0.040369 -0.486859 0.399262 -0.295207 0.003474 -0.022034 0.955173
1341845952.761932 0.047574 -0.487493 0.409208 -0.294605 0.001318 -0.021980 0.955366
1341845952.835955 0.043305 -0.479862 0.395357 -0.287235 0.005476 -0.023115 0.957565
1341845952.897807 0.033437 -0.473541 0.391878 -0.285234 0.010350 -0.030771 0.957908
1341845952.929858 0.032791 -0.468844 0.389950 -0.282260 0.009896 -0.029809 0.958824
1341845952.962152 0.030615 -0.463177 0.384797 -0.279462 0.010069 -0.032369 0.959558
1341845952.997732 0.026933 -0.453215 0.380389 -0.278036 0.010058 -0.034111 0.959912
1341845953.029881 0.023082 -0.449045 0.380111 -0.278984 0.008890 -0.031883 0.959725
1341845953.065883 0.025705 -0.447295 0.381065 -0.277147 0.006131 -0.028499 0.960385
1341845953.097744 0.019584 -0.434414 0.372484 -0.272401 0.006116 -0.029489 0.961713
1341845953.130426 0.016310 -0.428978 0.371300 -0.274647 0.003330 -0.026101 0.961185
1341845953.165700 0.019766 -0.433874 0.375559 -0.274308 0.000529 -0.024268 0.961335
1341845953.197916 0.015260 -0.419871 0.365089 -0.266045 0.000268 -0.026204 0.963604
1341845953.230076 0.013553 -0.412409 0.356601 -0.266262 0.001885 -0.027937 0.963494
1341845953.265747 0.010670 -0.407024 0.356645 -0.268413 0.005111 -0.030911 0.962794
1341845953.297823 0.006242 -0.405502 0.357006 -0.267127 0.005765 -0.030862 0.963150
1341845953.333820 0.007253 -0.402423 0.353471 -0.262167 0.005287 -0.034089 0.964406
1341845953.398118 0.003399 -0.389416 0.347996 -0.254445 0.010637 -0.040796 0.966168
1341845953.433817 -0.000073 -0.391797 0.345567 -0.247541 0.013802 -0.042981 0.967825
1341845953.465793 -0.001866 -0.381810 0.342248 -0.235787 0.014724 -0.043187 0.970733
1341845953.501850 -0.002530 -0.372997 0.335717 -0.227250 0.015510 -0.045183 0.972664
1341845953.533841 -0.002620 -0.372805 0.331926 -0.219336 0.019200 -0.046261 0.974363
1341845953.565884 -0.003565 -0.370380 0.330205 -0.208612 0.022277 -0.045457 0.976687
1341845953.601851 -0.004963 -0.361926 0.321163 -0.199469 0.024713 -0.045227 0.978548
1341845953.633727 -0.004740 -0.364885 0.315197 -0.194240 0.028501 -0.045376 0.979489
1341845953.665877 -0.007412 -0.358478 0.310976 -0.185498 0.032671 -0.042770 0.981170
1341845953.701988 -0.012240 -0.349122 0.301653 -0.179146 0.034334 -0.041785 0.982335
1341845953.733959 -0.014250 -0.342289 0.293970 -0.178495 0.034666 -0.042888 0.982394
1341845953.769755 -0.013182 -0.336213 0.293382 -0.179327 0.035335 -0.045436 0.982104
1341845953.801776 -0.017551 -0.335166 0.289412 -0.178455 0.037851 -0.045207 0.982180
1341845953.833838 -0.021257 -0.330462 0.286129 -0.177196 0.037351 -0.046261 0.982378
1341845953.869932 -0.020811 -0.323036 0.283424 -0.174529 0.036219 -0.050137 0.982708
1341845953.901831 -0.026226 -0.312884 0.280501 -0.172357 0.037344 -0.053693 0.982861
1341845953.933922 -0.030397 -0.308827 0.285109 -0.170863 0.035881 -0.054746 0.983118
1341845953.969955 -0.032240 -0.303475 0.285374 -0.163723 0.032565 -0.057632 0.984283
1341845954.001752 -0.039108 -0.294706 0.273646 -0.158911 0.032304 -0.059695 0.984957
1341845954.037754 -0.044122 -0.283752 0.272261 -0.159542 0.032295 -0.062335 0.984692
1341845954.069971 -0.050552 -0.279485 0.274084 -0.160636 0.030807 -0.062620 0.984543
1341845954.101821 -0.056015 -0.270377 0.271640 -0.158773 0.028022 -0.059611 0.985115
1341845954.137723 -0.059206 -0.265617 0.269921 -0.160928 0.024028 -0.056073 0.985079
1341845954.169776 -0.062436 -0.261048 0.268852 -0.163078 0.021709 -0.054492 0.984868
1341845954.201769 -0.066383 -0.257379 0.268587 -0.163064 0.020555 -0.052313 0.985013
1341845954.237931 -0.069248 -0.254076 0.267860 -0.163081 0.018794 -0.050213 0.985155
1341845954.269821 -0.068807 -0.251135 0.267553 -0.162485 0.017059 -0.049294 0.985331
1341845954.305896 -0.071200 -0.246970 0.264600 -0.161630 0.017826 -0.050071 0.985419
1341845954.337899 -0.078630 -0.245305 0.259142 -0.162984 0.018926 -0.050478 0.985155
1341845954.370323 -0.080542 -0.241384 0.260831 -0.163330 0.017207 -0.049508 0.985178
1341845954.405781 -0.080635 -0.238351 0.259101 -0.161984 0.016009 -0.049421 0.985425
1341845954.437770 -0.088214 -0.231789 0.253913 -0.161786 0.015161 -0.047919 0.985545
1341845954.473700 -0.086231 -0.228385 0.260776 -0.162173 0.009617 -0.045013 0.985688
1341845954.505685 -0.075972 -0.221284 0.266226 -0.155329 0.004441 -0.041897 0.986964
1341845954.537884 -0.089142 -0.218502 0.247074 -0.153189 0.006750 -0.041911 0.987285
1341845954.574129 -0.092821 -0.214283 0.246038 -0.156610 0.004661 -0.039603 0.986855
1341845954.605772 -0.089687 -0.222170 0.247273 -0.155933 0.001195 -0.035212 0.987139
1341845954.637774 -0.090671 -0.207811 0.242887 -0.145138 0.000558 -0.035267 0.988783
1341845954.673990 -0.087239 -0.201124 0.241756 -0.142415 -0.001496 -0.033699 0.989232
1341845954.705864 -0.080565 -0.198993 0.246180 -0.141231 -0.003996 -0.033771 0.989392
1341845954.741959 -0.079270 -0.197573 0.245042 -0.136350 -0.003080 -0.035824 0.990008
1341845954.779824 -0.086198 -0.197875 0.240791 -0.133585 -0.000783 -0.035990 0.990383
1341845954.815761 -0.090422 -0.197453 0.240908 -0.131891 -0.000431 -0.036377 0.990596
1341845954.847702 -0.086426 -0.194267 0.245433 -0.125832 -0.000879 -0.037925 0.991326
1341845954.879857 -0.099591 -0.197789 0.238967 -0.123163 0.002561 -0.035220 0.991758
1341845954.915883 -0.105497 -0.194866 0.233852 -0.123074 0.002385 -0.034463 0.991796
1341845954.947742 -0.100650 -0.190219 0.238034 -0.123267 0.000645 -0.033962 0.991792
1341845954.979793 -0.100955 -0.191821 0.241058 -0.121226 0.001741 -0.032071 0.992105
1341845955.015775 -0.106379 -0.191445 0.237508 -0.117406 0.002296 -0.027387 0.992704
1341845955.047748 -0.104627 -0.188455 0.238796 -0.112950 -0.000464 -0.024262 0.993304
1341845955.079963 -0.096405 -0.181055 0.239182 -0.107966 -0.001916 -0.024075 0.993861
1341845955.115765 -0.103445 -0.179682 0.233154 -0.107447 0.002905 -0.024411 0.993907
1341845955.147819 -0.104265 -0.179019 0.235044 -0.107462 0.003888 -0.025082 0.993885
1341845955.179771 -0.105093 -0.177166 0.233911 -0.105229 0.004107 -0.025168 0.994121
1341845955.215834 -0.104827 -0.173788 0.232362 -0.102969 0.005206 -0.024040 0.994380
1341845955.247700 -0.106229 -0.172393 0.232573 -0.101908 0.005875 -0.023341 0.994503
1341845955.283796 -0.104973 -0.170096 0.233335 -0.099358 0.005562 -0.024581 0.994733
1341845955.315766 -0.106616 -0.166065 0.230656 -0.096527 0.006515 -0.025398 0.994985
1341845955.347689 -0.105017 -0.162368 0.230687 -0.095590 0.007453 -0.026829 0.995031
1341845955.383825 -0.106036 -0.163521 0.231290 -0.094421 0.008993 -0.027466 0.995113
1341845955.415689 -0.108891 -0.161736 0.229887 -0.091540 0.009310 -0.027405 0.995381
1341845955.447780 -0.103216 -0.159102 0.231113 -0.088054 0.007529 -0.030289 0.995627
1341845955.483775 -0.102452 -0.156854 0.230214 -0.083740 0.010250 -0.032141 0.995916
1341845955.515995 -0.109546 -0.156466 0.226569 -0.080486 0.012715 -0.032219 0.996154
1341845955.547652 -0.107996 -0.155080 0.228111 -0.076403 0.011048 -0.033696 0.996446
1341845955.583803 -0.108865 -0.147668 0.224382 -0.071205 0.011152 -0.035770 0.996758
1341845955.645874 -0.109881 -0.142992 0.226256 -0.068921 0.010861 -0.037495 0.996858
1341845955.677690 -0.108705 -0.139561 0.226689 -0.064302 0.010843 -0.037882 0.997152
1341845955.713997 -0.113750 -0.136348 0.223871 -0.060548 0.012220 -0.037971 0.997368
1341845955.745913 -0.117382 -0.132861 0.222908 -0.058584 0.010867 -0.037215 0.997529
1341845955.777825 -0.110639 -0.126692 0.225694 -0.055194 0.008062 -0.035817 0.997800
1341845955.814143 -0.111858 -0.122573 0.224417 -0.051931 0.010221 -0.034557 0.998000
1341845955.845690 -0.117417 -0.119472 0.222767 -0.050090 0.010595 -0.031507 0.998191
1341845955.877977 -0.111065 -0.116918 0.225993 -0.046490 0.007619 -0.028480 0.998484
1341845955.913787 -0.108904 -0.113025 0.224999 -0.038122 0.009093 -0.027069 0.998865
1341845955.945707 -0.110003 -0.106502 0.224170 -0.031008 0.011093 -0.024624 0.999154
1341845955.981865 -0.109083 -0.098738 0.222602 -0.025349 0.010867 -0.024033 0.999331
1341845956.013788 -0.107011 -0.088438 0.220739 -0.021996 0.012774 -0.025474 0.999352
1341845956.045763 -0.109804 -0.082995 0.218529 -0.023100 0.015673 -0.025519 0.999284
1341845956.081817 -0.107877 -0.080971 0.221236 -0.024079 0.016217 -0.022750 0.999320
1341845956.113872 -0.103959 -0.077710 0.222953 -0.020293 0.016587 -0.017426 0.999505
1341845956.145853 -0.106747 -0.067099 0.218001 -0.016654 0.018441 -0.014350 0.999588
1341845956.181712 -0.103326 -0.058250 0.219440 -0.017402 0.019836 -0.011682 0.999584
1341845956.213966 -0.100871 -0.057313 0.223512 -0.017385 0.021747 -0.009091 0.999571
1341845956.249720 -0.104967 -0.049816 0.218076 -0.014565 0.024007 -0.007473 0.999578
1341845956.281792 -0.108215 -0.039095 0.216643 -0.015964 0.024592 -0.005957 0.999552
1341845956.313799 -0.108068 -0.035020 0.217690 -0.020071 0.024737 -0.007019 0.999468
1341845956.349790 -0.110205 -0.030110 0.219225 -0.023149 0.024751 -0.006876 0.999402
1341845956.381671 -0.112662 -0.021670 0.222406 -0.025116 0.023030 -0.004495 0.999409
1341845956.414041 -0.112751 -0.019138 0.222650 -0.028927 0.019822 -0.003589 0.999379
1341845956.449886 -0.109604 -0.015961 0.228450 -0.030117 0.018676 -0.004117 0.999363
1341845956.481751 -0.113512 -0.013028 0.231239 -0.029092 0.018000 -0.002962 0.999410
1341845956.517751 -0.116586 -0.005483 0.231030 -0.028083 0.015517 -0.001241 0.999484
1341845956.550178 -0.113815 -0.000802 0.237303 -0.028343 0.013431 -0.001303 0.999507
1341845956.581882 -0.112667 -0.000488 0.242868 -0.025713 0.012239 -0.000102 0.999594
1341845956.617921 -0.113280 0.003521 0.246136 -0.019315 0.011140 0.003313 0.999746
1341845956.649823 -0.114178 0.010498 0.247791 -0.012676 0.011600 0.003828 0.999845
1341845956.686207 -0.120400 0.017294 0.247222 -0.008188 0.014247 0.000945 0.999865
1341845956.717815 -0.125032 0.019258 0.248425 -0.008337 0.014366 -0.002629 0.999859
1341845956.749871 -0.125304 0.022665 0.253446 -0.006298 0.011676 -0.004599 0.999901
1341845956.785882 -0.122837 0.027350 0.257402 -0.000881 0.010667 -0.007216 0.999917
1341845956.817915 -0.125412 0.038657 0.258619 0.005581 0.011543 -0.006877 0.999894
1341845956.849925 -0.127888 0.043023 0.261615 0.008046 0.010206 -0.004966 0.999903
1341845956.885848 -0.124529 0.046549 0.265619 0.013834 0.009086 -0.002696 0.999859
1341845956.953936 -0.133353 0.063870 0.264655 0.020030 0.011398 0.002489 0.999731
1341845956.985677 -0.131344 0.070995 0.268498 0.019082 0.011811 0.000648 0.999748
1341845957.017739 -0.133113 0.078032 0.269771 0.015662 0.013946 0.001321 0.999779
1341845957.053817 -0.132235 0.078346 0.275224 0.015201 0.012881 0.007341 0.999775
1341845957.085894 -0.129563 0.084887 0.281963 0.018418 0.013968 0.008388 0.999698
1341845957.118069 -0.131057 0.090794 0.282377 0.018963 0.017216 0.009933 0.999623
1341845957.153924 -0.127400 0.093197 0.288484 0.021232 0.017677 0.013515 0.999527
1341845957.185730 -0.125762 0.099326 0.291445 0.027535 0.020198 0.013960 0.999319
1341845957.222219 -0.128531 0.110554 0.290155 0.030178 0.023958 0.013331 0.999168
1341845957.253784 -0.130642 0.112961 0.291121 0.028182 0.026325 0.011141 0.999194
1341845957.285979 -0.127207 0.115554 0.294386 0.030243 0.027219 0.009921 0.999123
1341845957.321826 -0.129517 0.124048 0.292205 0.031921 0.029327 0.008816 0.999021
1341845957.353642 -0.126540 0.127607 0.295910 0.032437 0.029622 0.008574 0.998998
1341845957.385918 -0.122616 0.130842 0.300296 0.034141 0.032125 0.006679 0.998878
1341845957.421801 -0.124410 0.132579 0.300246 0.037493 0.034419 0.008236 0.998670
1341845957.453856 -0.126887 0.137215 0.299683 0.042167 0.033608 0.009426 0.998501
1341845957.490017 -0.124129 0.144211 0.302513 0.046400 0.033385 0.005284 0.998351
1341845957.521783 -0.128258 0.148724 0.301347 0.048114 0.035280 0.000170 0.998219
1341845957.553863 -0.133076 0.150684 0.302169 0.048984 0.033966 -0.003344 0.998216
1341845957.589817 -0.127279 0.153885 0.307361 0.052457 0.030362 -0.007273 0.998135
1341845957.621927 -0.128616 0.160792 0.307788 0.056200 0.032042 -0.012234 0.997830
1341845957.690210 -0.127523 0.164724 0.314339 0.062028 0.028792 -0.012340 0.997583
1341845957.721718 -0.124549 0.174786 0.315927 0.068924 0.029125 -0.014874 0.997086
1341845957.757797 -0.125071 0.181644 0.317270 0.070865 0.031426 -0.016290 0.996858
1341845957.790095 -0.123030 0.184739 0.320926 0.073559 0.031089 -0.014750 0.996697
1341845957.821762 -0.118442 0.189207 0.325555 0.082486 0.029223 -0.010631 0.996107
1341845957.858271 -0.115802 0.199487 0.328358 0.091939 0.029870 -0.007921 0.995285
1341845957.890302 -0.113006 0.204243 0.332034 0.098989 0.030374 -0.004501 0.994615
1341845957.926548 -0.110941 0.211076 0.334883 0.108092 0.030602 -0.000723 0.993670
1341845957.963818 -0.108501 0.219462 0.336996 0.118061 0.031740 0.000787 0.992499
1341845957.996582 -0.111731 0.229578 0.333960 0.122747 0.037280 -0.003563 0.991731
1341845958.028437 -0.107575 0.238130 0.339364 0.127630 0.038658 -0.000082 0.991068
1341845958.064063 -0.102531 0.243490 0.345238 0.135141 0.036602 0.005217 0.990136
1341845958.096285 -0.101980 0.256601 0.343893 0.142719 0.040488 0.002670 0.988931
1341845958.163750 -0.101355 0.268890 0.355359 0.150884 0.042846 0.009084 0.987581
1341845958.225916 -0.100842 0.287914 0.362916 0.160550 0.043148 0.005923 0.986066
1341845958.257855 -0.100128 0.289054 0.367003 0.163502 0.041470 0.008628 0.985633
1341845958.293941 -0.098125 0.297080 0.371575 0.170280 0.038004 0.009721 0.984615
1341845958.325982 -0.092041 0.302818 0.378348 0.174796 0.037839 0.009772 0.983829
1341845958.357886 -0.093821 0.307480 0.379138 0.179219 0.039337 0.012142 0.982947
1341845958.393794 -0.092656 0.310762 0.382657 0.186795 0.035591 0.018628 0.981577
1341845958.425833 -0.090714 0.320817 0.387354 0.195724 0.033001 0.021014 0.979878
1341845958.461910 -0.093326 0.332325 0.388510 0.199383 0.036383 0.018607 0.979069
1341845958.493906 -0.091040 0.334517 0.392146 0.204120 0.033930 0.027770 0.977963
1341845958.525948 -0.091895 0.341901 0.395211 0.211776 0.029188 0.032247 0.976350
1341845958.561735 -0.094811 0.352252 0.396277 0.213915 0.030478 0.028088 0.975973
1341845958.593854 -0.096540 0.368757 0.400382 0.212101 0.033399 0.023062 0.976405
1341845958.625936 -0.089188 0.371078 0.410042 0.215791 0.027572 0.030785 0.975565
1341845958.661751 -0.088800 0.385803 0.412187 0.223442 0.024985 0.031013 0.973903
1341845958.693866 -0.093869 0.400094 0.412180 0.221521 0.028038 0.027462 0.974365
1341845958.729747 -0.093080 0.405416 0.419166 0.219148 0.026943 0.026902 0.974949
1341845958.761798 -0.089904 0.409591 0.424562 0.222175 0.023809 0.034293 0.974113
1341845958.793976 -0.088356 0.417197 0.428716 0.228204 0.021957 0.039904 0.972548
1341845958.836099 -0.090490 0.428628 0.430054 0.230554 0.023887 0.037986 0.972024
1341845958.872548 -0.090441 0.430537 0.431008 0.229034 0.024070 0.040141 0.972292
1341845958.905812 -0.089097 0.434345 0.433882 0.233544 0.021237 0.043405 0.971145
1341845958.936045 -0.091129 0.443017 0.433759 0.237008 0.021378 0.041547 0.970383
1341845958.967857 -0.093223 0.453939 0.434669 0.236510 0.023442 0.035632 0.970692
1341845959.003881 -0.091165 0.455306 0.438155 0.234990 0.022494 0.036408 0.971055
1341845959.035807 -0.091912 0.463800 0.441248 0.237648 0.021378 0.036745 0.970421
1341845959.067708 -0.093458 0.474497 0.444925 0.236800 0.024449 0.032755 0.970698
1341845959.103767 -0.092095 0.478679 0.447954 0.234080 0.025960 0.034922 0.971243
1341845959.135750 -0.089989 0.479357 0.451987 0.237183 0.022707 0.041670 0.970305
1341845959.172042 -0.092693 0.489680 0.455693 0.243870 0.022514 0.041020 0.968678
1341845959.203734 -0.096328 0.498483 0.456926 0.244281 0.026808 0.036725 0.968638
1341845959.235702 -0.099242 0.500531 0.456290 0.242663 0.027550 0.034647 0.969100
1341845959.271710 -0.097166 0.506923 0.463063 0.246268 0.021438 0.033739 0.968377
1341845959.303719 -0.097294 0.509911 0.470655 0.247816 0.022914 0.030318 0.968062
1341845959.339991 -0.100658 0.509308 0.467402 0.247648 0.027206 0.030678 0.967982
1341845959.371830 -0.104056 0.513561 0.466740 0.255797 0.022836 0.037995 0.965714
1341845959.403707 -0.104768 0.528828 0.474681 0.268583 0.019505 0.036266 0.962376
1341845959.440061 -0.109574 0.537893 0.473903 0.273694 0.024561 0.033785 0.960910
1341845959.471779 -0.110717 0.539492 0.473737 0.275267 0.025658 0.037262 0.960303
1341845959.507756 -0.111286 0.541292 0.475827 0.279550 0.022292 0.042349 0.958938
1341845959.539837 -0.112974 0.547473 0.478720 0.284212 0.022633 0.040922 0.957620
1341845959.571785 -0.116922 0.551858 0.477517 0.284965 0.024079 0.041060 0.957355
1341845959.607783 -0.116618 0.552614 0.480384 0.288677 0.020871 0.045888 0.956098
1341845959.639762 -0.118351 0.561247 0.485622 0.294891 0.020573 0.042500 0.954363
1341845959.671901 -0.121416 0.566886 0.487251 0.297752 0.022464 0.040955 0.953500
1341845959.707824 -0.122180 0.568554 0.489298 0.300609 0.021584 0.043173 0.952525
1341845959.740041 -0.124160 0.574424 0.492614 0.304894 0.020024 0.044334 0.951143
1341845959.776084 -0.124288 0.577582 0.496881 0.309485 0.018535 0.047864 0.949518
1341845959.807848 -0.125875 0.584720 0.500639 0.315421 0.017737 0.052129 0.947353
1341845959.839796 -0.131416 0.596078 0.501139 0.319681 0.019132 0.052264 0.945889
1341845959.875965 -0.132075 0.603275 0.504908 0.320562 0.020485 0.052874 0.945529
1341845959.907911 -0.132722 0.608609 0.507363 0.322881 0.019942 0.055615 0.944594
1341845959.939861 -0.134496 0.619355 0.511376 0.325089 0.019198 0.058259 0.943692
1341845959.975710 -0.136236 0.628946 0.515955 0.325086 0.020293 0.058996 0.943624
1341845960.007688 -0.136693 0.635838 0.519586 0.322787 0.021309 0.058700 0.944409
1341845960.039963 -0.136354 0.641845 0.524112 0.323522 0.019644 0.063198 0.943903
1341845960.075794 -0.139241 0.644400 0.527190 0.324927 0.021519 0.065983 0.943189
1341845960.107770 -0.140570 0.655770 0.528779 0.326730 0.023506 0.065531 0.942550
1341845960.144033 -0.139029 0.659429 0.533753 0.325430 0.022265 0.067013 0.942926
1341845960.175727 -0.136794 0.662166 0.539821 0.328581 0.021185 0.068768 0.941731
1341845960.207727 -0.140844 0.673194 0.540999 0.329274 0.024443 0.065193 0.941664
1341845960.243768 -0.138558 0.676955 0.548741 0.327380 0.023848 0.065738 0.942301
1341845960.275774 -0.139440 0.680087 0.554067 0.330412 0.024325 0.068872 0.941006
1341845960.307922 -0.145766 0.689626 0.553054 0.333374 0.027420 0.068615 0.939895
1341845960.343783 -0.147497 0.695114 0.555616 0.331044 0.028049 0.068107 0.940736
1341845960.375748 -0.142152 0.694610 0.564429 0.332725 0.026229 0.069811 0.940071
1341845960.407669 -0.140237 0.697130 0.568129 0.335357 0.027569 0.071704 0.938954
1341845960.443816 -0.141410 0.700881 0.569829 0.337072 0.028104 0.072738 0.938244
1341845960.475859 -0.141932 0.703391 0.573906 0.339002 0.028999 0.072360 0.937551
1341845960.507864 -0.137342 0.704649 0.582514 0.342171 0.030207 0.071275 0.936444
1341845960.543808 -0.142947 0.707636 0.579951 0.345442 0.032318 0.072122 0.935106
1341845960.575920 -0.132623 0.717876 0.586643 0.349484 0.026251 0.068547 0.934063
1341845960.611822 -0.125244 0.731921 0.595283 0.355971 0.022920 0.062804 0.932102
1341845960.675868 -0.116493 0.733451 0.598311 0.360508 0.018121 0.061100 0.930576
1341845960.738006 -0.120336 0.734389 0.599937 0.355830 0.020455 0.054025 0.932764
1341845960.773767 -0.114207 0.741003 0.595609 0.356049 0.017870 0.056079 0.932612
1341845960.805854 -0.077223 0.746454 0.580540 0.353596 0.009741 0.058210 0.933535
1341845960.837918 -0.082030 0.749119 0.576088 0.352888 0.012628 0.057043 0.933840
1341845960.873825 -0.131517 0.742383 0.530425 0.341614 0.025484 0.072845 0.936666
1341845960.905884 -0.128089 0.740156 0.532653 0.343525 0.025244 0.075977 0.935725
1341845960.941780 -0.131585 0.744679 0.521916 0.344975 0.028422 0.075614 0.935129
1341845960.973838 -0.153199 0.775386 0.472380 0.346066 0.036034 0.076805 0.934367
1341845961.006150 -0.140427 0.763907 0.467186 0.344942 0.032173 0.080399 0.934621
1341845961.041828 -0.146802 0.767507 0.461497 0.350921 0.036478 0.077692 0.932463
1341845961.073796 -0.112509 0.737234 0.450753 0.343509 0.027928 0.080433 0.935282
1341845961.110987 -0.110572 0.731893 0.444624 0.345049 0.026612 0.079230 0.934856
1341845961.141834 -0.113916 0.728506 0.434835 0.347345 0.029773 0.073580 0.934372
1341845961.173863 -0.098503 0.714044 0.438103 0.346393 0.025288 0.074969 0.934747
1341845961.209891 -0.074376 0.698321 0.423761 0.346668 0.019722 0.074882 0.934786
1341845961.242098 -0.069316 0.692940 0.424321 0.349567 0.019065 0.073988 0.933791
1341845961.273933 -0.050136 0.666170 0.406504 0.341286 0.015540 0.072782 0.937009
1341845961.310022 -0.042811 0.657805 0.405758 0.338747 0.013557 0.070477 0.938136
1341845961.341758 -0.041132 0.654228 0.393959 0.336618 0.013855 0.068438 0.939049
1341845961.378106 -0.038398 0.648236 0.391520 0.329458 0.013322 0.066469 0.941733
1341845961.409796 -0.027782 0.627716 0.408535 0.325599 0.005956 0.103368 0.939822
1341845961.441821 -0.021971 0.618533 0.407524 0.316891 0.003284 0.102745 0.942875
1341845961.477824 -0.017150 0.611163 0.406225 0.308538 0.002037 0.101072 0.945825
1341845961.509791 -0.015520 0.603641 0.399538 0.304058 -0.000214 0.103966 0.946964
1341845961.541896 -0.009135 0.589911 0.398829 0.297621 -0.005377 0.106972 0.948657
1341845961.577897 -0.006611 0.578437 0.395584 0.294217 -0.006770 0.108472 0.949539
1341845961.609802 -0.009003 0.568565 0.381992 0.287225 -0.007934 0.109035 0.951604
1341845961.645986 -0.006415 0.557417 0.379297 0.278725 -0.010825 0.105428 0.954505
1341845961.677834 -0.002967 0.545201 0.377422 0.276707 -0.011404 0.105080 0.955124
1341845961.709764 -0.006643 0.532135 0.362589 0.271049 -0.010697 0.106145 0.956635
1341845961.745888 -0.008792 0.524936 0.356352 0.265170 -0.011333 0.104893 0.958412
1341845961.778055 -0.005463 0.504385 0.350538 0.257972 -0.012399 0.107161 0.960111
1341845961.809850 -0.008790 0.494212 0.340112 0.253863 -0.010493 0.106779 0.961271
1341845961.845697 -0.010321 0.482301 0.334889 0.249234 -0.010254 0.108800 0.962258
1341845961.877872 -0.013466 0.469854 0.324943 0.245399 -0.010771 0.111717 0.962903
1341845961.913718 -0.019089 0.462825 0.316469 0.240271 -0.008022 0.107559 0.964695
1341845961.945896 -0.021914 0.447981 0.308914 0.233359 -0.008315 0.108092 0.966328
1341845961.977939 -0.020298 0.428608 0.304664 0.228845 -0.013641 0.111046 0.967012
1341845962.013984 -0.018232 0.417289 0.299581 0.225841 -0.013903 0.109410 0.967901
1341845962.046683 -0.022823 0.403089 0.289195 0.221352 -0.011440 0.106890 0.969251
1341845962.078169 -0.022385 0.388836 0.284281 0.217667 -0.013271 0.106175 0.970140
1341845962.114007 -0.016181 0.367638 0.282496 0.214728 -0.013662 0.106011 0.970807
1341845962.145797 -0.021807 0.353499 0.272819 0.214262 -0.011014 0.107195 0.970814
1341845962.182026 -0.027197 0.343162 0.263318 0.211997 -0.009474 0.105521 0.971511
1341845962.214096 -0.030762 0.325508 0.254891 0.207131 -0.007427 0.102984 0.972849
1341845962.245784 -0.036725 0.314082 0.245340 0.202935 -0.005540 0.100907 0.973963
1341845962.281938 -0.040344 0.296230 0.237641 0.197690 -0.003692 0.100969 0.975044
1341845962.313944 -0.046371 0.281940 0.225290 0.193812 -0.000584 0.098777 0.976053
1341845962.349929 -0.055481 0.264327 0.218242 0.185982 0.004685 0.095407 0.977899
1341845962.381891 -0.062715 0.234339 0.210836 0.179868 0.006116 0.099426 0.978634
1341845962.413742 -0.068150 0.220296 0.202169 0.179698 0.005531 0.100820 0.978526
1341845962.449828 -0.064678 0.216490 0.191743 0.178252 0.003277 0.100647 0.978818
1341845962.487817 -0.067634 0.203579 0.189313 0.174525 0.001882 0.097650 0.979797
1341845962.549874 -0.089374 0.169941 0.168783 0.164190 0.008325 0.096116 0.981700
1341845962.581942 -0.094603 0.150747 0.164423 0.161631 0.010630 0.098195 0.981896
1341845962.617866 -0.092214 0.143168 0.159036 0.161791 0.012427 0.099758 0.981691
1341845962.649869 -0.091293 0.133659 0.146721 0.161091 0.014216 0.100413 0.981715
1341845962.682115 -0.101254 0.123345 0.139116 0.158131 0.016914 0.098730 0.982324
1341845962.717940 -0.104846 0.109710 0.134497 0.155596 0.018756 0.097064 0.982861
1341845962.749929 -0.114244 0.101439 0.126434 0.153396 0.021682 0.092314 0.983605
1341845962.781986 -0.123807 0.094320 0.123422 0.151336 0.023298 0.091947 0.983921
1341845962.817763 -0.104865 0.096557 0.118445 0.150414 0.020862 0.091321 0.984175
1341845962.849755 -0.136295 0.076202 0.112600 0.146389 0.030516 0.089622 0.984686
1341845962.885818 -0.144885 0.069445 0.106269 0.145159 0.031861 0.090705 0.984726
1341845962.918631 -0.140927 0.073045 0.102876 0.144136 0.030045 0.092558 0.984761
1341845962.964414 -0.152863 0.061494 0.111850 0.136953 0.034916 0.085474 0.986265
1341845963.017793 -0.165290 0.062376 0.096210 0.124306 0.038036 0.092338 0.987206
1341845963.085942 -0.167132 0.056972 0.092597 0.110960 0.039579 0.086758 0.989239
1341845963.117888 -0.168217 0.044311 0.088265 0.101471 0.041099 0.088394 0.990051
1341845963.154202 -0.169143 0.033402 0.084973 0.097570 0.041317 0.089219 0.990360
1341845963.185770 -0.170552 0.030559 0.084610 0.094101 0.044042 0.086881 0.990786
1341845963.217782 -0.174279 0.023621 0.083490 0.089266 0.047103 0.084088 0.991333
1341845963.253885 -0.176955 0.016977 0.083974 0.084896 0.048578 0.083439 0.991701
1341845963.285844 -0.175869 0.007465 0.086006 0.081512 0.049484 0.082794 0.991994
1341845963.321913 -0.171608 0.012100 0.088600 0.079519 0.051696 0.078953 0.992356
1341845963.353695 -0.180986 0.012595 0.087869 0.071315 0.056154 0.075264 0.993024
1341845963.385792 -0.177632 -0.003585 0.093742 0.060460 0.056116 0.078562 0.993491
1341845963.421875 -0.172810 -0.005546 0.098120 0.056509 0.058274 0.078672 0.993590
1341845963.453923 -0.170728 -0.009167 0.101784 0.050127 0.062903 0.080235 0.993525
1341845963.485900 -0.160662 -0.014272 0.118091 0.047061 0.066617 0.085476 0.992996
1341845963.521709 -0.151972 -0.017869 0.121897 0.048015 0.073080 0.088110 0.992265
1341845963.553742 -0.154435 -0.019521 0.124568 0.048034 0.084226 0.089853 0.991224
1341845963.589977 -0.157626 -0.024810 0.129714 0.047322 0.095362 0.090611 0.990180
1341845963.621850 -0.165710 -0.027162 0.129275 0.047175 0.107882 0.089803 0.988975
1341845963.654421 -0.175876 -0.027559 0.133086 0.045067 0.119206 0.088826 0.987861
1341845963.690029 -0.177732 -0.033356 0.144384 0.043025 0.126360 0.090995 0.986865
1341845963.721864 -0.184715 -0.034988 0.145299 0.042493 0.133652 0.092372 0.985799
1341845963.753762 -0.200714 -0.031109 0.146339 0.040596 0.142947 0.090877 0.984713
1341845963.790051 -0.201386 -0.035693 0.158533 0.033032 0.147366 0.094946 0.983960
1341845963.821840 -0.207428 -0.040732 0.163817 0.028334 0.152221 0.096388 0.983227
1341845963.857878 -0.214689 -0.041852 0.168531 0.025243 0.157565 0.096901 0.982419
1341845963.891494 -0.221079 -0.044643 0.174995 0.022293 0.161740 0.098374 0.981665
1341845963.922038 -0.227278 -0.044985 0.178120 0.020219 0.165487 0.096833 0.981238
1341845963.957711 -0.233557 -0.044002 0.182245 0.014839 0.171018 0.094066 0.980655
1341845963.989918 -0.236555 -0.044778 0.189362 0.013429 0.174600 0.095492 0.979906
1341845964.021882 -0.241215 -0.050384 0.194258 0.016939 0.179729 0.099595 0.978515
1341845964.057871 -0.251275 -0.045047 0.195031 0.018785 0.185996 0.099282 0.977341
1341845964.089943 -0.255742 -0.041721 0.198711 0.013545 0.192611 0.099042 0.976170
1341845964.125808 -0.255256 -0.054676 0.210180 0.009470 0.200805 0.101105 0.974354
1341845964.157672 -0.262071 -0.055311 0.213562 0.016421 0.208457 0.102020 0.972557
1341845964.189845 -0.279000 -0.055518 0.201812 0.017562 0.217007 0.102172 0.970650
1341845964.225746 -0.277981 -0.055161 0.212685 0.015276 0.224390 0.102586 0.968964
1341845964.257798 -0.284107 -0.056640 0.219115 0.016146 0.230259 0.101792 0.967656
1341845964.290067 -0.297985 -0.055035 0.215423 0.017140 0.235059 0.103683 0.966283
1341845964.325751 -0.299798 -0.055568 0.221221 0.015687 0.236334 0.106131 0.965731
1341845964.357836 -0.301271 -0.057686 0.226583 0.016640 0.241456 0.107422 0.964304
1341845964.399837 -0.309382 -0.057818 0.226888 0.018323 0.247386 0.109698 0.962513
1341845964.458009 -0.318453 -0.058375 0.221790 0.016415 0.255504 0.111391 0.960229
1341845964.493690 -0.323177 -0.062700 0.226683 0.015164 0.262499 0.111668 0.958329
1341845964.525868 -0.324092 -0.065144 0.232594 0.018905 0.266990 0.115668 0.956546
1341845964.561820 -0.333078 -0.066510 0.221504 0.022512 0.273143 0.119190 0.954295
1341845964.593698 -0.346221 -0.067941 0.212433 0.019680 0.280568 0.118172 0.952329
1341845964.625703 -0.355777 -0.072797 0.215728 0.015259 0.285504 0.118894 0.950852
1341845964.661788 -0.354220 -0.078544 0.227491 0.015185 0.288455 0.121044 0.949690
1341845964.693836 -0.358507 -0.077061 0.229695 0.017027 0.295858 0.120553 0.947441
1341845964.725966 -0.375288 -0.086110 0.225345 0.016015 0.304828 0.120426 0.944628
1341845964.761841 -0.379288 -0.089866 0.232888 0.018720 0.310076 0.121745 0.942698
1341845964.793975 -0.390347 -0.091201 0.230303 0.021278 0.316628 0.121403 0.940508
1341845964.829971 -0.398380 -0.092768 0.234521 0.020261 0.323236 0.120907 0.938344
1341845964.861928 -0.409844 -0.096655 0.236462 0.019179 0.326529 0.119145 0.937452
1341845964.893679 -0.419773 -0.097615 0.239109 0.016993 0.326993 0.119076 0.937341
1341845964.929863 -0.421800 -0.105503 0.243648 0.014451 0.326946 0.119980 0.937285
1341845964.961832 -0.428557 -0.106755 0.245858 0.014978 0.330037 0.119743 0.936223
1341845965.029810 -0.438063 -0.120064 0.252687 0.016004 0.333235 0.122497 0.934715
1341845965.061873 -0.449654 -0.118475 0.252779 0.020447 0.339576 0.120678 0.932581
1341845965.097818 -0.456547 -0.120893 0.255405 0.019954 0.343776 0.119758 0.931170
1341845965.130110 -0.459352 -0.127182 0.259066 0.018922 0.346910 0.118795 0.930152
1341845965.162645 -0.468110 -0.132401 0.258414 0.017928 0.352948 0.118237 0.927969
1341845965.198514 -0.477332 -0.135960 0.261438 0.016127 0.360089 0.118096 0.925273
1341845965.230304 -0.484731 -0.138991 0.268548 0.014431 0.365470 0.119212 0.923045
1341845965.298444 -0.492679 -0.142730 0.279036 0.011479 0.377787 0.121075 0.917870
1341845965.331043 -0.503198 -0.146875 0.285187 0.011108 0.385032 0.123793 0.914496
1341845965.366018 -0.508203 -0.148166 0.286973 0.010159 0.390531 0.126633 0.911782
1341845965.398649 -0.508574 -0.149546 0.296419 0.008669 0.397933 0.128274 0.908361
1341845965.431881 -0.516009 -0.154344 0.307623 0.008178 0.407068 0.129707 0.904105
1341845965.466122 -0.527891 -0.156127 0.310968 0.007842 0.412983 0.132234 0.901054
1341845965.498735 -0.532920 -0.157595 0.317277 0.005757 0.418734 0.135537 0.897919
1341845965.538924 -0.541560 -0.160325 0.325698 0.003592 0.425408 0.138629 0.894314
1341845965.574497 -0.545541 -0.162194 0.335310 0.002677 0.429265 0.144678 0.891512
1341845965.604085 -0.549482 -0.165230 0.340650 0.003334 0.433389 0.150213 0.888594
1341845965.640215 -0.555411 -0.166711 0.344680 0.003184 0.439974 0.153487 0.884790
1341845965.671775 -0.559111 -0.170295 0.354184 0.002865 0.445699 0.156614 0.881372
1341845965.703769 -0.565830 -0.172460 0.358001 0.004766 0.450707 0.159683 0.878260
1341845965.739932 -0.572855 -0.173309 0.362458 0.004891 0.455675 0.161490 0.875361
1341845965.771986 -0.577880 -0.173862 0.368430 0.003143 0.460322 0.161956 0.872848
1341845965.803746 -0.582200 -0.176122 0.378191 0.000943 0.464043 0.161691 0.870930
1341845965.840020 -0.583882 -0.179104 0.389544 0.001345 0.465990 0.162842 0.869675
1341845965.871716 -0.591469 -0.179482 0.387991 0.002379 0.466569 0.163470 0.869244
1341845965.907848 -0.598510 -0.180265 0.390485 -0.000357 0.468740 0.162595 0.868243
1341845965.939897 -0.600106 -0.185126 0.403426 -0.001570 0.469763 0.163192 0.867576
1341845965.971777 -0.602766 -0.185767 0.404777 0.000564 0.468109 0.164811 0.868165
1341845966.007712 -0.608809 -0.185505 0.402038 0.000647 0.468687 0.164632 0.867887
1341845966.039925 -0.618169 -0.186617 0.405572 -0.002801 0.469208 0.163663 0.867784
1341845966.071842 -0.618440 -0.188712 0.413818 -0.004263 0.466082 0.165009 0.869208
1341845966.107724 -0.618288 -0.187490 0.412183 -0.004482 0.463161 0.165888 0.870599
1341845966.139710 -0.618702 -0.187784 0.415744 -0.005616 0.463152 0.165673 0.870639
1341845966.171793 -0.626396 -0.188332 0.416607 -0.005921 0.461121 0.165166 0.871810
1341845966.207829 -0.624486 -0.186537 0.415085 -0.007265 0.456146 0.164925 0.874459
1341845966.239904 -0.620985 -0.186085 0.415355 -0.007941 0.454369 0.164745 0.875412
1341845966.275869 -0.634507 -0.186422 0.414478 -0.008452 0.452585 0.164413 0.876392
1341845966.307882 -0.632920 -0.185085 0.409670 -0.010499 0.445813 0.167174 0.879314
1341845966.339897 -0.629166 -0.181577 0.407458 -0.011381 0.441545 0.168401 0.881221
1341845966.375773 -0.633202 -0.181217 0.416746 -0.011224 0.438075 0.171201 0.882414
1341845966.408401 -0.626843 -0.177884 0.403509 -0.010593 0.424039 0.174412 0.888628
1341845966.470009 -0.617447 -0.172682 0.391132 -0.014766 0.416311 0.170548 0.892962
1341845966.502100 -0.612029 -0.172677 0.387133 -0.011311 0.410882 0.171381 0.895364
1341845966.537769 -0.604213 -0.166555 0.373455 -0.009119 0.405976 0.170119 0.897864
1341845966.570051 -0.600158 -0.166225 0.367648 -0.011637 0.405691 0.166353 0.898669
1341845966.605694 -0.596256 -0.166584 0.365264 -0.010138 0.401061 0.165455 0.900928
1341845966.637893 -0.586508 -0.160742 0.349807 -0.007289 0.391866 0.163386 0.905369
1341845966.669930 -0.581252 -0.158420 0.335956 -0.009301 0.387995 0.158337 0.907911
1341845966.705984 -0.576951 -0.157538 0.334497 -0.011808 0.384983 0.153592 0.909977
1341845966.737793 -0.568075 -0.154021 0.324079 -0.010720 0.375436 0.151079 0.914389
1341845966.773893 -0.561764 -0.150869 0.312993 -0.011237 0.370708 0.147210 0.916940
1341845966.806068 -0.560050 -0.146780 0.304063 -0.013105 0.366714 0.142501 0.919262
1341845966.837941 -0.556614 -0.145911 0.298978 -0.015000 0.357569 0.139417 0.923300
1341845966.873813 -0.550935 -0.137696 0.288006 -0.016247 0.348558 0.138068 0.926920
1341845966.905683 -0.542136 -0.136387 0.284412 -0.019500 0.342791 0.135144 0.929435
1341845966.937810 -0.538747 -0.135613 0.282757 -0.020675 0.335339 0.131383 0.932662
1341845966.973800 -0.530963 -0.134372 0.271554 -0.019069 0.326197 0.131367 0.935935
1341845967.005805 -0.524613 -0.130223 0.265066 -0.017564 0.321071 0.129761 0.937959
1341845967.042225 -0.528346 -0.128784 0.256999 -0.017291 0.315640 0.128628 0.939961
1341845967.073828 -0.520995 -0.125017 0.251227 -0.017685 0.304975 0.130701 0.943183
1341845967.105887 -0.511807 -0.122101 0.248956 -0.018319 0.298384 0.131431 0.945176
1341845967.141740 -0.509280 -0.120514 0.244895 -0.018504 0.292062 0.130163 0.947320
1341845967.173814 -0.508400 -0.117355 0.241480 -0.018843 0.282192 0.129793 0.950351
1341845967.205958 -0.502586 -0.114812 0.235971 -0.020923 0.273408 0.129840 0.952865
1341845967.241684 -0.495193 -0.112511 0.236168 -0.023149 0.267705 0.127545 0.954741
1341845967.273869 -0.487255 -0.111419 0.236761 -0.023738 0.259034 0.128319 0.957012
1341845967.310009 -0.476690 -0.109087 0.233405 -0.022415 0.250740 0.129567 0.959083
1341845967.341721 -0.472895 -0.105613 0.227647 -0.021348 0.246001 0.128358 0.960496
1341845967.373873 -0.470992 -0.102581 0.225309 -0.022748 0.240465 0.126945 0.962052
1341845967.409855 -0.460694 -0.099269 0.226444 -0.023542 0.232938 0.127855 0.963763
1341845967.441891 -0.452641 -0.095971 0.222458 -0.025182 0.228107 0.124822 0.965273
1341845967.473782 -0.444338 -0.091792 0.222885 -0.027003 0.225969 0.122984 0.965963
1341845967.509844 -0.437359 -0.089822 0.223825 -0.026804 0.222266 0.124610 0.966619
1341845967.541835 -0.427873 -0.084354 0.221035 -0.025780 0.217942 0.124378 0.967660
1341845967.583843 -0.417354 -0.078803 0.218329 -0.027746 0.217605 0.121376 0.968063
1341845967.641865 -0.406407 -0.069311 0.212992 -0.029798 0.212969 0.117174 0.969550
1341845967.677848 -0.394935 -0.064239 0.210743 -0.038560 0.209392 0.112444 0.970579
1341845967.709875 -0.386031 -0.063704 0.211846 -0.045129 0.208645 0.108025 0.970959
1341845967.745878 -0.377629 -0.062650 0.212989 -0.043864 0.206270 0.110426 0.971254
1341845967.778746 -0.368932 -0.058288 0.209146 -0.040996 0.203016 0.111511 0.971941
1341845967.809778 -0.362943 -0.053557 0.204690 -0.043222 0.202415 0.109290 0.972222
1341845967.845933 -0.357485 -0.052609 0.204561 -0.045508 0.199043 0.109949 0.972739
1341845967.878439 -0.349696 -0.050154 0.202195 -0.045471 0.193118 0.112047 0.973696
1341845967.910100 -0.339008 -0.048715 0.200898 -0.048829 0.189601 0.108278 0.974650
1341845967.945831 -0.334383 -0.047210 0.198179 -0.050925 0.187399 0.104815 0.975347
1341845967.977896 -0.324656 -0.046707 0.199651 -0.050317 0.180799 0.106095 0.976485
1341845968.013873 -0.313937 -0.045110 0.199147 -0.048185 0.175805 0.104950 0.977628
1341845968.046014 -0.308508 -0.042763 0.193236 -0.046481 0.171935 0.101545 0.978758
1341845968.077840 -0.304719 -0.041197 0.185796 -0.046492 0.167070 0.101013 0.979654
1341845968.113779 -0.297701 -0.039531 0.182829 -0.047544 0.160518 0.100222 0.980780
1341845968.146343 -0.291831 -0.037006 0.178283 -0.050071 0.154413 0.095154 0.982138
1341845968.178020 -0.285550 -0.033218 0.174808 -0.054019 0.147392 0.092350 0.983275
1341845968.213838 -0.275387 -0.032376 0.176790 -0.056664 0.138782 0.091939 0.984417
1341845968.245986 -0.265237 -0.029550 0.173543 -0.056483 0.130775 0.089098 0.985783
1341845968.281755 -0.257071 -0.026457 0.168922 -0.056905 0.124358 0.085698 0.986890
1341845968.313859 -0.245306 -0.023995 0.168716 -0.057175 0.117655 0.083273 0.987904
1341845968.381845 -0.228260 -0.019261 0.157818 -0.048263 0.102564 0.078206 0.990472
1341845968.413829 -0.221432 -0.014371 0.147550 -0.048531 0.094022 0.072691 0.991726
1341845968.445783 -0.205262 -0.010852 0.148828 -0.049749 0.084911 0.067834 0.992831
1341845968.481950 -0.196757 -0.010153 0.149305 -0.046925 0.077888 0.065649 0.993691
1341845968.513880 -0.187728 -0.006545 0.143642 -0.041194 0.067714 0.064763 0.994748
1341845968.549874 -0.176051 -0.003041 0.136957 -0.040642 0.059004 0.059072 0.995679
1341845968.581797 -0.164317 0.002103 0.129736 -0.044772 0.052942 0.050317 0.996324
1341845968.613836 -0.149659 -0.000195 0.136310 -0.045019 0.044921 0.050197 0.996712
1341845968.649866 -0.135274 0.004995 0.129606 -0.039182 0.037081 0.049190 0.997331
1341845968.681800 -0.122101 0.010415 0.122950 -0.039647 0.034725 0.044437 0.997621
1341845968.713888 -0.110325 0.010717 0.121926 -0.042268 0.032669 0.043163 0.997639
1341845968.749871 -0.094891 0.010086 0.123286 -0.041228 0.028662 0.044738 0.997736
1341845968.781921 -0.081002 0.016063 0.117836 -0.039185 0.026812 0.044193 0.997894
1341845968.817754 -0.069239 0.019271 0.114819 -0.042337 0.026284 0.040280 0.997945
1341845968.850259 -0.053913 0.019227 0.117863 -0.044175 0.023442 0.040158 0.997941
1341845968.881826 -0.038236 0.022681 0.118028 -0.040985 0.020261 0.040438 0.998136
1341845968.917722 -0.028799 0.026945 0.111420 -0.040743 0.020035 0.038052 0.998244
1341845968.949889 -0.015664 0.029841 0.112483 -0.043289 0.017880 0.036320 0.998242
1341845968.985958 0.000592 0.030755 0.116661 -0.043625 0.014368 0.036400 0.998281
1341845969.017732 0.012332 0.034093 0.114221 -0.042655 0.012805 0.034428 0.998414
1341845969.049916 0.022622 0.037460 0.113077 -0.044217 0.011281 0.031237 0.998470
1341845969.085845 0.036328 0.038977 0.114277 -0.046989 0.007906 0.028766 0.998450
1341845969.117802 0.051186 0.040459 0.119793 -0.047173 0.006065 0.026714 0.998511
1341845969.149856 0.064641 0.042451 0.120968 -0.044846 0.005068 0.025573 0.998654
1341845969.185864 0.077800 0.046618 0.122401 -0.043573 0.003028 0.025377 0.998723
1341845969.217819 0.092150 0.048697 0.126316 -0.043222 0.001989 0.023873 0.998778
1341845969.254025 0.107023 0.050666 0.131132 -0.041211 0.001949 0.021812 0.998910
1341845969.317925 0.130978 0.057054 0.135127 -0.037635 -0.000001 0.018341 0.999123
1341845969.353755 0.134382 0.055925 0.123469 -0.041015 0.001171 0.012430 0.999081
1341845969.386150 0.152817 0.061984 0.142599 -0.042899 -0.006524 0.006933 0.999034
1341845969.417886 0.162662 0.060782 0.146660 -0.043251 -0.010464 0.003148 0.999004
1341845969.453876 0.172139 0.059660 0.146706 -0.042338 -0.011317 -0.001011 0.999039
1341845969.485873 0.182667 0.060149 0.153389 -0.041133 -0.013599 -0.004167 0.999052
1341845969.521785 0.186330 0.059354 0.152574 -0.039593 -0.018083 -0.003623 0.999046
1341845969.553864 0.195911 0.061844 0.152314 -0.039078 -0.024147 -0.004538 0.998934
1341845969.585920 0.203887 0.063781 0.154040 -0.042455 -0.026804 -0.008689 0.998701
1341845969.621808 0.211219 0.061199 0.160012 -0.044307 -0.029965 -0.005653 0.998552
1341845969.653912 0.219538 0.059309 0.163413 -0.039668 -0.034835 0.001766 0.998604
1341845969.685996 0.226874 0.059782 0.159105 -0.035849 -0.035649 0.002433 0.998718
1341845969.721838 0.232092 0.062016 0.155772 -0.036519 -0.036557 0.003618 0.998658
1341845969.753718 0.240497 0.060864 0.157395 -0.038623 -0.041405 0.004092 0.998387
1341845969.789954 0.249574 0.060567 0.155934 -0.038769 -0.044691 0.002244 0.998246
1341845969.821781 0.257771 0.063463 0.153778 -0.040306 -0.047288 -0.000521 0.998068
1341845969.853649 0.266902 0.065461 0.157472 -0.042766 -0.051903 -0.001164 0.997735
1341845969.889965 0.277660 0.066082 0.160960 -0.042603 -0.058745 -0.001305 0.997363
1341845969.922004 0.288728 0.067826 0.161173 -0.041882 -0.064646 -0.001513 0.997028
1341845969.957892 0.297601 0.068630 0.161675 -0.042255 -0.072491 -0.001840 0.996472
1341845969.989937 0.307627 0.069045 0.164634 -0.042442 -0.081883 -0.001189 0.995737
1341845970.021841 0.320761 0.069290 0.163314 -0.043092 -0.088203 -0.003879 0.995162
1341845970.057886 0.330898 0.069827 0.169156 -0.043811 -0.093394 -0.005929 0.994647
1341845970.089962 0.340854 0.068476 0.174358 -0.041430 -0.101296 -0.005448 0.993978
1341845970.121869 0.358105 0.070576 0.171648 -0.037064 -0.109334 -0.007193 0.993288
1341845970.158120 0.370353 0.070766 0.165545 -0.036520 -0.112884 -0.010753 0.992879
1341845970.189970 0.384490 0.072284 0.166589 -0.037848 -0.118628 -0.014083 0.992117
1341845970.225844 0.399959 0.074212 0.174376 -0.037061 -0.124705 -0.017921 0.991339
1341845970.258244 0.411890 0.074729 0.176720 -0.035257 -0.131080 -0.021568 0.990510
1341845970.289882 0.424875 0.076580 0.172045 -0.034861 -0.139283 -0.021774 0.989399
1341845970.325836 0.437772 0.077506 0.170247 -0.038269 -0.144147 -0.026970 0.988448
1341845970.357771 0.445914 0.079924 0.175326 -0.040312 -0.147415 -0.033052 0.987700
1341845970.400198 0.452683 0.082868 0.182697 -0.041309 -0.158927 -0.034792 0.985812
1341845970.432233 0.464628 0.082428 0.177146 -0.045434 -0.171393 -0.033305 0.983591
1341845970.464489 0.474615 0.083997 0.179137 -0.047588 -0.175186 -0.039410 0.982595
1341845970.500675 0.477987 0.081804 0.184802 -0.046864 -0.179675 -0.041323 0.981740
1341845970.532407 0.488542 0.082840 0.187665 -0.038590 -0.191843 -0.030637 0.980188
1341845970.567803 0.502581 0.084352 0.187405 -0.032976 -0.195389 -0.027129 0.979796
1341845970.600041 0.506819 0.085476 0.191058 -0.029637 -0.195664 -0.027121 0.979848
1341845970.631820 0.514513 0.086114 0.191196 -0.024280 -0.202350 -0.019375 0.978820
1341845970.667826 0.525242 0.091230 0.190331 -0.022412 -0.206124 -0.016979 0.978122
1341845970.699966 0.530355 0.091150 0.195551 -0.025514 -0.207087 -0.022111 0.977740
1341845970.735804 0.535075 0.089117 0.202801 -0.024119 -0.211211 -0.021851 0.976898
1341845970.767731 0.542583 0.089857 0.206365 -0.019365 -0.216619 -0.017213 0.975912
1341845970.799873 0.550744 0.092182 0.209761 -0.018169 -0.218920 -0.018818 0.975392
1341845970.835874 0.556943 0.092636 0.208257 -0.019861 -0.221495 -0.021241 0.974728
1341845970.867820 0.563952 0.094107 0.212851 -0.021620 -0.225092 -0.022610 0.973835
1341845970.899906 0.570733 0.094513 0.221748 -0.023119 -0.226784 -0.025986 0.973324
1341845970.935978 0.575211 0.091996 0.231546 -0.020458 -0.231247 -0.028125 0.972273
1341845970.967783 0.584982 0.094042 0.236541 -0.013884 -0.236162 -0.025185 0.971288
1341845970.999794 0.593032 0.095051 0.242731 -0.010524 -0.235466 -0.027214 0.971444
1341845971.035783 0.597953 0.089455 0.249609 -0.007969 -0.238481 -0.026242 0.970760
1341845971.067826 0.606953 0.093720 0.253653 -0.003233 -0.244468 -0.025292 0.969322
1341845971.099725 0.615466 0.096403 0.258659 -0.004042 -0.245636 -0.028329 0.968940
1341845971.135748 0.620805 0.094696 0.267352 -0.005085 -0.248295 -0.031749 0.968151
1341845971.167793 0.629333 0.095686 0.272221 -0.006788 -0.252751 -0.029538 0.967057
1341845971.203833 0.637352 0.099294 0.278160 -0.011107 -0.255561 -0.032106 0.966196
1341845971.235879 0.640229 0.098333 0.288014 -0.012639 -0.258073 -0.035135 0.965404
1341845971.267817 0.648363 0.098633 0.291368 -0.010891 -0.265367 -0.029488 0.963635
1341845971.303920 0.661645 0.104124 0.295951 -0.011044 -0.269278 -0.029165 0.962557
1341845971.335818 0.666223 0.101811 0.304937 -0.013398 -0.268442 -0.038334 0.962440
1341845971.367721 0.672283 0.098262 0.309346 -0.011980 -0.274000 -0.037203 0.960935
1341845971.403863 0.684502 0.102908 0.310324 -0.010312 -0.278495 -0.037261 0.959659
1341845971.436064 0.690971 0.101846 0.315501 -0.014766 -0.277517 -0.046750 0.959469
1341845971.467656 0.695578 0.098161 0.320020 -0.015358 -0.282806 -0.048603 0.957822
1341845971.503829 0.707674 0.100192 0.317506 -0.015506 -0.287769 -0.045378 0.956498
1341845971.535782 0.715626 0.100440 0.323891 -0.017636 -0.286396 -0.054410 0.956403
1341845971.567956 0.717079 0.096605 0.338794 -0.014571 -0.287093 -0.052572 0.956348
1341845971.603941 0.729831 0.098072 0.332305 -0.012255 -0.291377 -0.044094 0.955513
1341845971.636365 0.740036 0.104026 0.339873 -0.014778 -0.290170 -0.050666 0.955519
1341845971.671762 0.742440 0.097317 0.344292 -0.015673 -0.288584 -0.052159 0.955904
1341845971.703863 0.751716 0.100176 0.346959 -0.010774 -0.291381 -0.041982 0.955625
1341845971.735710 0.761704 0.102280 0.351449 -0.010792 -0.289157 -0.042038 0.956297
1341845971.771695 0.759690 0.099868 0.372406 -0.009120 -0.285078 -0.041029 0.957582
1341845971.803762 0.764762 0.100591 0.364657 -0.002353 -0.284389 -0.031454 0.958190
1341845971.835834 0.779604 0.101095 0.352979 -0.002990 -0.283788 -0.029326 0.958434
1341845971.871793 0.774033 0.101048 0.364566 -0.005366 -0.281579 -0.034400 0.958906
1341845971.903763 0.776828 0.099654 0.375337 -0.001811 -0.284500 -0.028569 0.958248
1341845971.939872 0.787140 0.098621 0.358812 -0.000280 -0.284197 -0.027132 0.958382
1341845971.971790 0.784084 0.099603 0.366076 -0.002845 -0.283279 -0.031977 0.958500
1341845972.003888 0.779286 0.098555 0.377984 -0.001988 -0.284433 -0.032004 0.958159
1341845972.039793 0.780642 0.098785 0.375739 0.001584 -0.285481 -0.029797 0.957920
1341845972.071849 0.783075 0.098625 0.371904 0.001757 -0.283973 -0.030853 0.958334
1341845972.107796 0.775732 0.096472 0.376028 0.002733 -0.282027 -0.031352 0.958890
1341845972.139775 0.772267 0.093586 0.373152 0.006846 -0.282538 -0.028587 0.958806
1341845972.171696 0.771494 0.096270 0.367708 0.007678 -0.281792 -0.029069 0.959004
1341845972.207893 0.763705 0.093754 0.368475 0.004711 -0.279667 -0.031925 0.959555
1341845972.270076 0.749273 0.091260 0.365598 0.010294 -0.279009 -0.022002 0.959981
1341845972.301845 0.743132 0.092153 0.362424 0.010556 -0.276528 -0.019514 0.960750
1341845972.334234 0.731114 0.090431 0.364495 0.011344 -0.274101 -0.015233 0.961513
1341845972.369757 0.721804 0.089979 0.362326 0.015945 -0.272287 -0.009100 0.962041
1341845972.401738 0.712600 0.089244 0.358683 0.018350 -0.268867 -0.005109 0.962989
1341845972.437788 0.701455 0.088113 0.356617 0.019114 -0.266043 -0.003143 0.963767
1341845972.469777 0.690811 0.086088 0.354716 0.020279 -0.264076 0.000202 0.964289
1341845972.501817 0.680538 0.085024 0.352940 0.021482 -0.259347 0.001939 0.965543
1341845972.537909 0.668935 0.081644 0.352888 0.023911 -0.255238 0.006500 0.966561
1341845972.569894 0.658934 0.080104 0.349706 0.027771 -0.250884 0.011962 0.967545
1341845972.601946 0.651118 0.078193 0.346906 0.030317 -0.243465 0.014665 0.969325
1341845972.637827 0.637903 0.075202 0.347340 0.032562 -0.235605 0.016608 0.971161
1341845972.669939 0.626875 0.068657 0.345460 0.036352 -0.230701 0.021132 0.972116
1341845972.705766 0.616117 0.068723 0.342118 0.043404 -0.222558 0.024716 0.973639
1341845972.737731 0.603532 0.067271 0.339185 0.046064 -0.215239 0.025280 0.975147
1341845972.770011 0.590065 0.064793 0.338489 0.047524 -0.209302 0.028652 0.976275
1341845972.805697 0.578189 0.062552 0.336951 0.048482 -0.204466 0.031800 0.977155
1341845972.837902 0.565847 0.058921 0.336826 0.050023 -0.200307 0.034382 0.977851
1341845972.869858 0.553115 0.058041 0.332419 0.051846 -0.197395 0.038480 0.978196
1341845972.905813 0.542047 0.056520 0.332251 0.051461 -0.196368 0.040318 0.978349
1341845972.937837 0.532779 0.054315 0.333035 0.052224 -0.193765 0.040717 0.978810
1341845973.006643 0.509632 0.051371 0.326485 0.052300 -0.191758 0.041294 0.979177
1341845973.037797 0.503087 0.051215 0.326834 0.051154 -0.190390 0.039652 0.979573
1341845973.073733 0.492230 0.047226 0.330656 0.050831 -0.187425 0.038886 0.980192
1341845973.106021 0.483174 0.046007 0.327821 0.054726 -0.184478 0.039995 0.980497
1341845973.137862 0.474628 0.046779 0.320989 0.056919 -0.180500 0.041382 0.981054
1341845973.173821 0.464671 0.046260 0.318213 0.057261 -0.176897 0.040032 0.981746
1341845973.205866 0.455003 0.042307 0.316753 0.058987 -0.174747 0.040532 0.982009
1341845973.241913 0.448127 0.044386 0.313958 0.063018 -0.171095 0.042598 0.982314
1341845973.273972 0.437378 0.044051 0.309574 0.063694 -0.166780 0.041798 0.983046
1341845973.306456 0.427984 0.042927 0.307117 0.064666 -0.165161 0.041635 0.983263
1341845973.341851 0.420114 0.042601 0.303267 0.066262 -0.162272 0.044007 0.983535
1341845973.373892 0.410771 0.039758 0.299464 0.068301 -0.158488 0.045713 0.983934
1341845973.409787 0.400520 0.040823 0.293556 0.073059 -0.155346 0.049277 0.983922
1341845973.441766 0.392444 0.044770 0.285908 0.074528 -0.151952 0.050975 0.984255
1341845973.474155 0.382847 0.042219 0.284163 0.073005 -0.146157 0.051787 0.985204
1341845973.509824 0.371517 0.039317 0.279238 0.076038 -0.140464 0.055111 0.985622
1341845973.541876 0.361915 0.041084 0.272396 0.079663 -0.133959 0.059487 0.985987
1341845973.573858 0.350614 0.040468 0.268708 0.081764 -0.127177 0.061641 0.986581
1341845973.609706 0.338375 0.038816 0.261592 0.085439 -0.120887 0.063985 0.986911
1341845973.641832 0.326127 0.043474 0.253556 0.089361 -0.115982 0.067310 0.986931
1341845973.677783 0.314469 0.046962 0.245862 0.087605 -0.109435 0.065677 0.987945
1341845973.709911 0.302191 0.040774 0.240114 0.085457 -0.104406 0.067155 0.988578
1341845973.741811 0.291071 0.042537 0.231466 0.088099 -0.101039 0.070474 0.988465
1341845973.777893 0.280047 0.043553 0.222907 0.087881 -0.094550 0.071759 0.989034
1341845973.810234 0.267991 0.044404 0.216767 0.086688 -0.087502 0.071374 0.989815
1341845973.841682 0.257686 0.040271 0.210742 0.087047 -0.081886 0.076661 0.989869
1341845973.877808 0.247538 0.041438 0.202532 0.090175 -0.074711 0.078744 0.989993
1341845973.909935 0.235408 0.045582 0.191233 0.089291 -0.066311 0.078951 0.990655
1341845973.946008 0.224473 0.043966 0.185613 0.085886 -0.059288 0.082989 0.991071
1341845973.977874 0.214639 0.037557 0.181066 0.084218 -0.052889 0.087046 0.991228
1341845974.009966 0.202351 0.036335 0.171401 0.086096 -0.047663 0.090715 0.991003
1341845974.045762 0.192078 0.039032 0.160148 0.085687 -0.042585 0.091039 0.991240
1341845974.077904 0.183092 0.035547 0.154147 0.080856 -0.035614 0.086800 0.992300
1341845974.109840 0.173402 0.033026 0.147550 0.076845 -0.029128 0.082056 0.993234
1341845974.145742 0.166621 0.026417 0.143464 0.074449 -0.024902 0.083088 0.993445
1341845974.177833 0.161011 0.022899 0.139643 0.075650 -0.019276 0.081721 0.993593
1341845974.213769 0.152243 0.022002 0.134154 0.076745 -0.010911 0.081208 0.993678
1341845974.245781 0.145497 0.013707 0.127601 0.076569 -0.003459 0.084493 0.993472
1341845974.278874 0.136993 0.012885 0.124145 0.082188 0.003023 0.084789 0.992999
1341845974.313829 0.121320 0.015112 0.115357 0.084199 0.007174 0.084796 0.992808
1341845974.345963 0.110258 0.010823 0.107063 0.083794 0.005455 0.087570 0.992613
1341845974.381701 0.107458 0.009252 0.106812 0.085993 0.004665 0.088797 0.992320
1341845974.413828 0.094824 0.015360 0.102442 0.087137 0.005330 0.087752 0.992310
1341845974.445772 0.082334 0.010301 0.090036 0.084020 0.004260 0.086928 0.992656
1341845974.481775 0.081967 0.007805 0.090117 0.081906 0.002032 0.083863 0.993103
1341845974.513798 0.075887 0.006111 0.094158 0.080854 0.003864 0.077054 0.993736
1341845974.545930 0.067645 0.011429 0.102784 0.080074 0.001752 0.068748 0.994414
1341845974.581793 0.063012 0.010676 0.098944 0.074660 0.001494 0.059604 0.995425
1341845974.613863 0.062929 0.008001 0.107126 0.069177 0.006047 0.045394 0.996553
1341845974.649867 0.048945 0.003353 0.101123 0.066549 0.010967 0.035555 0.997089
1341845974.681899 0.047108 0.002967 0.103822 0.064852 0.009751 0.028903 0.997429
1341845974.713894 0.049871 0.002271 0.103596 0.062711 0.011734 0.020819 0.997746
1341845974.749846 0.043861 0.001529 0.111954 0.060124 0.018366 0.013617 0.997929
1341845974.783846 0.036249 -0.006921 0.115927 0.060457 0.018742 0.014728 0.997886
1341845974.815998 0.035346 -0.006083 0.112832 0.063406 0.017093 0.010992 0.997781
1341845974.850024 0.031578 0.001278 0.117240 0.059281 0.021758 -0.001049 0.998004
1341845974.882164 0.021193 -0.009129 0.120080 0.052461 0.023161 -0.006605 0.998333
1341845974.918337 0.019272 -0.014377 0.123475 0.052452 0.019398 -0.012484 0.998357
1341845974.982668 0.009516 -0.013249 0.128207 0.041847 0.020235 -0.035051 0.998304
1341845975.017979 0.008263 -0.019940 0.130399 0.038175 0.018448 -0.043462 0.998155
1341845975.051071 0.004921 -0.021441 0.126474 0.036888 0.018384 -0.053725 0.997705
1341845975.081985 0.003441 -0.026323 0.127197 0.033595 0.019750 -0.063464 0.997223
1341845975.124057 -0.001919 -0.039579 0.128908 0.032395 0.022349 -0.072311 0.996605
1341845975.149794 -0.008027 -0.041905 0.127685 0.037209 0.023280 -0.080367 0.995799
1341845975.186157 -0.011454 -0.034882 0.124451 0.039759 0.023423 -0.088765 0.994983
1341845975.249885 -0.023033 -0.043904 0.122106 0.034146 0.023070 -0.111734 0.992883
1341845975.285858 -0.028009 -0.043143 0.119123 0.034572 0.020275 -0.121256 0.991812
1341845975.318226 -0.026639 -0.048041 0.118719 0.033395 0.017381 -0.131375 0.990618
1341845975.349820 -0.037140 -0.057068 0.115433 0.033836 0.017361 -0.143799 0.988876
1341845975.385748 -0.043957 -0.053764 0.108557 0.038798 0.012046 -0.151356 0.987644
1341845975.418586 -0.029740 -0.043949 0.101918 0.037597 0.006624 -0.162409 0.985985
1341845975.453683 -0.042327 -0.051109 0.106519 0.028770 0.008406 -0.186384 0.982020
1341845975.485815 -0.054927 -0.054001 0.106437 0.029013 0.004038 -0.196305 0.980105
1341845975.518370 -0.040766 -0.051462 0.101539 0.030735 -0.005375 -0.202525 0.978780
1341845975.553830 -0.037795 -0.043804 0.100427 0.026634 -0.006790 -0.225014 0.973968
1341845975.585815 -0.048754 -0.046382 0.104040 0.017433 -0.006710 -0.241388 0.970249
1341845975.621790 -0.047296 -0.049137 0.105886 0.015615 -0.012387 -0.249631 0.968136
1341845975.653892 -0.044491 -0.047992 0.098516 0.016068 -0.015502 -0.262267 0.964737
1341845975.685822 -0.047141 -0.041094 0.104610 0.013694 -0.016059 -0.274351 0.961398
1341845975.721839 -0.048542 -0.043782 0.106371 0.010152 -0.020612 -0.282177 0.959087
1341845975.753916 -0.047611 -0.046907 0.101872 0.008753 -0.022700 -0.292445 0.955973
1341845975.785898 -0.050241 -0.042563 0.106751 0.007897 -0.022810 -0.300616 0.953440
1341845975.822033 -0.052886 -0.044444 0.104153 0.005933 -0.025100 -0.309371 0.950592
1341845975.853847 -0.053464 -0.050133 0.101990 0.004989 -0.025077 -0.322173 0.946336
1341845975.889898 -0.057651 -0.048530 0.105166 0.007128 -0.022940 -0.330816 0.943389
1341845975.921738 -0.050523 -0.046981 0.101525 0.008825 -0.023809 -0.337765 0.940888
1341845975.953818 -0.050456 -0.050730 0.093706 0.008100 -0.020736 -0.351717 0.935842
1341845975.990225 -0.053935 -0.046486 0.095472 0.008337 -0.016848 -0.363910 0.931244
1341845976.021756 -0.053907 -0.043854 0.096890 0.006834 -0.016631 -0.375923 0.926476
1341845976.053955 -0.054246 -0.047224 0.094670 0.006444 -0.017404 -0.391463 0.920006
1341845976.089793 -0.047559 -0.041296 0.095999 0.006918 -0.017498 -0.405710 0.913808
1341845976.121752 -0.044825 -0.039580 0.097291 0.003399 -0.019902 -0.421794 0.906467
1341845976.157709 -0.052502 -0.044950 0.087357 -0.000130 -0.020626 -0.439785 0.897866
1341845976.189850 -0.052875 -0.044903 0.085869 -0.000547 -0.018525 -0.458289 0.888610
1341845976.221929 -0.059488 -0.040865 0.094584 -0.000430 -0.018097 -0.472027 0.881398
1341845976.257665 -0.058038 -0.040864 0.092101 0.000640 -0.022873 -0.483483 0.875055
1341845976.289829 -0.060182 -0.042767 0.083860 -0.000327 -0.022412 -0.497009 0.867456
1341845976.321779 -0.061087 -0.038833 0.089824 -0.000633 -0.020815 -0.508002 0.861104
1341845976.357875 -0.064251 -0.034908 0.098239 0.000648 -0.023354 -0.512325 0.858474
1341845976.389787 -0.060901 -0.038899 0.084144 0.000400 -0.026135 -0.519470 0.854089
1341845976.425771 -0.063601 -0.038808 0.081783 -0.001556 -0.022184 -0.529747 0.847864
1341845976.457783 -0.069368 -0.035883 0.095743 -0.000342 -0.019905 -0.535199 0.844491
1341845976.490566 -0.065795 -0.032867 0.092768 0.005396 -0.022271 -0.537745 0.842796
1341845976.525853 -0.064916 -0.036513 0.077932 0.005319 -0.021740 -0.542126 0.839999
1341845976.557683 -0.063531 -0.032823 0.085436 0.004730 -0.020228 -0.550735 0.834422
1341845976.593985 -0.063979 -0.030615 0.084887 0.004067 -0.020287 -0.560078 0.828181
1341845976.625785 -0.062840 -0.032948 0.071496 0.001469 -0.020072 -0.570923 0.820757
1341845976.657816 -0.062891 -0.034361 0.060982 -0.003703 -0.015195 -0.586829 0.809560
1341845976.693834 -0.064601 -0.031032 0.063944 -0.008602 -0.011276 -0.599349 0.800362
1341845976.725744 -0.065440 -0.029466 0.066558 -0.011762 -0.011015 -0.608384 0.793479
1341845976.757761 -0.067086 -0.029598 0.065296 -0.013704 -0.009512 -0.616235 0.787386
1341845976.793836 -0.065143 -0.027987 0.068110 -0.013520 -0.008770 -0.620884 0.783737
1341845976.826300 -0.065365 -0.029393 0.066828 -0.013758 -0.007548 -0.624392 0.780953
1341845976.861779 -0.069942 -0.028524 0.074700 -0.011915 -0.004642 -0.628198 0.777949
1341845976.893752 -0.062259 -0.029426 0.064161 -0.008780 -0.004340 -0.627476 0.778574
1341845976.925967 -0.062575 -0.029637 0.067368 -0.009774 -0.003144 -0.628727 0.777558
1341845976.961807 -0.062726 -0.028444 0.072028 -0.008420 -0.002096 -0.631199 0.775573
1341845976.993832 -0.057555 -0.031074 0.064166 -0.008397 -0.001459 -0.631381 0.775426
1341845977.025851 -0.057037 -0.031073 0.062109 -0.010502 -0.000715 -0.631355 0.775423
1341845977.061870 -0.061681 -0.033974 0.065370 -0.012374 0.003023 -0.634996 0.772410
1341845977.093926 -0.066618 -0.032889 0.074042 -0.007724 0.006376 -0.633672 0.773537
1341845977.129845 -0.052054 -0.032050 0.079666 -0.000328 0.003912 -0.628352 0.777919
1341845977.161883 -0.053818 -0.035327 0.062717 -0.000004 0.004565 -0.627341 0.778731
1341845977.193791 -0.054478 -0.033377 0.073983 0.000639 0.007054 -0.626825 0.779128
1341845977.229795 -0.052447 -0.036384 0.068525 0.002392 0.007797 -0.621937 0.783025
1341845977.261832 -0.056994 -0.041092 0.064187 0.003640 0.009587 -0.612662 0.790279
1341845977.293884 -0.056399 -0.042771 0.074125 0.008404 0.012177 -0.601279 0.798902
1341845977.329839 -0.050905 -0.042834 0.079618 0.014841 0.014735 -0.585645 0.810298
1341845977.361782 -0.041210 -0.040284 0.101464 0.023223 0.014070 -0.570644 0.820748
1341845977.397810 -0.037135 -0.043185 0.092633 0.028676 0.014067 -0.557449 0.829596
1341845977.429761 -0.037178 -0.043932 0.094836 0.031186 0.016008 -0.545343 0.837480
1341845977.461824 -0.037942 -0.045508 0.097910 0.034463 0.015919 -0.533259 0.845100
1341845977.498015 -0.037378 -0.046699 0.098660 0.039138 0.014665 -0.521146 0.852443
1341845977.529931 -0.035731 -0.050516 0.086572 0.040219 0.014042 -0.511455 0.858254
1341845977.562577 -0.037612 -0.051671 0.092102 0.040565 0.015709 -0.504596 0.862259
1341845977.597887 -0.036305 -0.052296 0.094039 0.044715 0.016087 -0.493094 0.868677
1341845977.634076 -0.034788 -0.053398 0.091478 0.048162 0.016693 -0.478166 0.876789
1341845977.666205 -0.033015 -0.055534 0.089240 0.049923 0.017909 -0.462864 0.884841
1341845977.704065 -0.034152 -0.056556 0.091532 0.053736 0.020198 -0.446916 0.892732
1341845977.737376 -0.032676 -0.056196 0.092519 0.059988 0.020630 -0.426959 0.902043
1341845977.803839 -0.030508 -0.056702 0.087114 0.062789 0.024063 -0.393160 0.917008
1341845977.865926 -0.025235 -0.053625 0.088478 0.071452 0.021855 -0.357535 0.930906
1341845977.897857 -0.023183 -0.051756 0.081139 0.071737 0.023803 -0.340009 0.937380
1341845977.933745 -0.024328 -0.052822 0.086962 0.071496 0.025509 -0.324283 0.942909
1341845977.965785 -0.025188 -0.052961 0.088647 0.074901 0.026272 -0.306575 0.948531
1341845977.997875 -0.023174 -0.051799 0.083177 0.076319 0.028179 -0.287939 0.954187
1341845978.033893 -0.022402 -0.050814 0.091479 0.077601 0.029541 -0.270738 0.959065
1341845978.065776 -0.020573 -0.049935 0.095056 0.080724 0.029849 -0.251960 0.963903
1341845978.101685 -0.025376 -0.053143 0.097510 0.082971 0.032449 -0.232535 0.968499
1341845978.133916 -0.026895 -0.055125 0.101525 0.087233 0.034557 -0.212576 0.972629
1341845978.166013 -0.017269 -0.048240 0.097137 0.091639 0.034467 -0.188982 0.977087
1341845978.201775 -0.015476 -0.046863 0.100379 0.091871 0.035752 -0.169276 0.980626
1341845978.233774 -0.018022 -0.048565 0.099000 0.091697 0.038919 -0.151402 0.983440
1341845978.266075 -0.026417 -0.057001 0.106527 0.090955 0.042483 -0.134699 0.985788
1341845978.301839 -0.028846 -0.061128 0.111321 0.092144 0.043745 -0.110261 0.988655
1341845978.333873 -0.033960 -0.064120 0.114186 0.097018 0.045673 -0.082276 0.990824
1341845978.369922 -0.034728 -0.061077 0.112145 0.102393 0.048393 -0.055864 0.991994
1341845978.401825 -0.022694 -0.058027 0.117771 0.104031 0.047038 -0.032744 0.992921
1341845978.433846 -0.023940 -0.065067 0.122108 0.104753 0.047669 -0.011898 0.993284
1341845978.469873 -0.026208 -0.064651 0.125574 0.109464 0.050447 0.006266 0.992690
1341845978.501917 -0.034534 -0.056121 0.125722 0.111881 0.052120 0.023370 0.992079
1341845978.533810 -0.034751 -0.058302 0.128810 0.109037 0.050232 0.038322 0.992028
1341845978.569963 -0.030236 -0.067364 0.135020 0.108382 0.051380 0.052220 0.991406
1341845978.602229 -0.032888 -0.069928 0.138710 0.111779 0.053363 0.068542 0.989929
1341845978.638563 -0.034709 -0.068909 0.139847 0.116525 0.053088 0.086898 0.987954
1341845978.677613 -0.037448 -0.063963 0.136824 0.119119 0.054685 0.100044 0.986312
1341845978.711940 -0.040627 -0.064615 0.136492 0.118566 0.056592 0.111335 0.985060
1341845978.744132 -0.039188 -0.069064 0.142677 0.118297 0.056960 0.124709 0.983468
1341845978.776002 -0.038233 -0.071882 0.145684 0.121156 0.057022 0.137376 0.981426
1341845978.813431 -0.040390 -0.068683 0.144623 0.123063 0.058639 0.147601 0.979608
1341845978.871942 -0.038321 -0.077277 0.151658 0.126583 0.062444 0.179874 0.973510
1341845978.906198 -0.039486 -0.074058 0.148148 0.133167 0.066411 0.200398 0.968347
1341845978.938406 -0.039163 -0.076420 0.149701 0.135478 0.069091 0.219455 0.963697
1341845978.970707 -0.039133 -0.074939 0.146570 0.139518 0.071820 0.236052 0.958987
1341845979.008922 -0.038721 -0.074657 0.145290 0.140154 0.075170 0.253212 0.954248
1341845979.038481 -0.036888 -0.077949 0.150636 0.141506 0.079247 0.271272 0.948740
1341845979.106609 -0.033750 -0.080718 0.153805 0.147045 0.084730 0.305456 0.936961
1341845979.138100 -0.030833 -0.081748 0.150482 0.154627 0.088842 0.325737 0.928490
1341845979.174196 -0.029238 -0.077317 0.149147 0.157251 0.092637 0.339542 0.922714
1341845979.207845 -0.028185 -0.076556 0.148110 0.154717 0.095205 0.353083 0.917786
1341845979.238051 -0.020564 -0.084176 0.148666 0.155250 0.098074 0.369193 0.911030
1341845979.275090 -0.019442 -0.078529 0.151994 0.161997 0.102623 0.384191 0.903118
1341845979.306155 -0.018419 -0.075606 0.149544 0.162078 0.106224 0.402557 0.894648
1341845979.341682 -0.012057 -0.082386 0.149145 0.163842 0.111841 0.425981 0.882716
1341845979.373833 -0.013840 -0.080783 0.145781 0.172141 0.117137 0.443824 0.871589
1341845979.405940 -0.016569 -0.076613 0.145782 0.175752 0.119344 0.463416 0.860299
1341845979.441794 -0.011201 -0.073581 0.148300 0.173843 0.119616 0.478490 0.852360
1341845979.506448 -0.007108 -0.079896 0.154492 0.182901 0.126615 0.513623 0.828678
1341845979.541810 -0.002409 -0.075293 0.150188 0.181794 0.121064 0.527313 0.821119
1341845979.573970 0.000668 -0.072921 0.151737 0.178716 0.121913 0.540087 0.813329
1341845979.610159 0.003617 -0.077933 0.150623 0.176002 0.122993 0.558276 0.801389
1341845979.641873 0.003825 -0.077514 0.153136 0.178624 0.121797 0.577109 0.787531
1341845979.673902 0.000416 -0.068136 0.150288 0.173682 0.119620 0.579009 0.787575
1341845979.709834 0.002833 -0.069954 0.161844 0.167396 0.121812 0.595845 0.775957
1341845979.741768 0.011657 -0.079635 0.140544 0.167228 0.118232 0.616187 0.760506
1341845979.773945 0.012068 -0.070685 0.152351 0.173561 0.119222 0.631252 0.746447
1341845979.809735 0.006600 -0.067098 0.157990 0.172484 0.120607 0.641167 0.737975
1341845979.841996 0.008781 -0.063582 0.161674 0.168471 0.117669 0.650947 0.730780
1341845979.877871 0.011898 -0.060856 0.163362 0.163640 0.115646 0.661199 0.722955
1341845979.909740 0.013157 -0.059379 0.163358 0.160959 0.115886 0.673039 0.712517
1341845979.942014 0.011503 -0.057517 0.164510 0.156951 0.115835 0.682345 0.704524
1341845979.977959 0.013175 -0.055602 0.164947 0.153787 0.113869 0.692218 0.695858
1341845980.009881 0.013625 -0.053291 0.167323 0.152840 0.114411 0.701352 0.686772
1341845980.045974 0.010853 -0.054394 0.163074 0.149903 0.113851 0.709175 0.679440
1341845980.077990 0.014668 -0.051294 0.166298 0.146028 0.110057 0.715576 0.674177
1341845980.109753 0.012936 -0.050437 0.164756 0.144825 0.111008 0.722386 0.666979
1341845980.145844 0.010364 -0.050975 0.162707 0.142779 0.108360 0.730923 0.658501
1341845980.177822 0.013752 -0.048747 0.164828 0.142275 0.107146 0.736569 0.652491
1341845980.209884 0.011359 -0.049547 0.162168 0.142224 0.109258 0.743400 0.644354
1341845980.246566 0.007022 -0.051656 0.162831 0.139131 0.103650 0.748087 0.640520
1341845980.277813 0.013966 -0.049919 0.161289 0.139462 0.098741 0.754023 0.634232
1341845980.313780 0.014318 -0.048740 0.168143 0.145298 0.101459 0.757044 0.628872
1341845980.345768 0.008611 -0.051880 0.166766 0.143617 0.099078 0.756901 0.629808
1341845980.377905 0.015426 -0.050058 0.166078 0.140867 0.092960 0.754876 0.633780
1341845980.413651 0.013287 -0.049645 0.166953 0.143902 0.097714 0.751993 0.635807
1341845980.445742 0.010211 -0.052469 0.163959 0.143025 0.097018 0.751850 0.636280
1341845980.478245 0.014296 -0.050432 0.167616 0.143268 0.094269 0.751913 0.636565
1341845980.513799 0.011355 -0.049867 0.164799 0.145401 0.098793 0.752881 0.634247
1341845980.546985 0.007646 -0.054253 0.160144 0.145653 0.096333 0.755209 0.631795
1341845980.581857 0.011404 -0.052827 0.161841 0.143736 0.093921 0.752195 0.636177
1341845980.614011 0.008529 -0.054417 0.160001 0.142541 0.096183 0.748401 0.640568
1341845980.646075 0.009332 -0.057083 0.157351 0.140956 0.094338 0.739310 0.651654
1341845980.681743 0.008273 -0.057450 0.159602 0.142543 0.095139 0.725734 0.666289
1341845980.713878 0.006873 -0.059378 0.160622 0.149161 0.104615 0.704909 0.685500
1341845980.745857 0.008593 -0.062700 0.150245 0.147778 0.106793 0.688105 0.702331
1341845980.781789 0.003186 -0.068749 0.139576 0.143627 0.111120 0.670934 0.718938
1341845980.813856 0.012414 -0.056854 0.158014 0.143303 0.119288 0.643285 0.742576
1341845980.849947 0.005873 -0.064841 0.149755 0.141883 0.128135 0.627631 0.754672
1341845980.881654 0.011167 -0.070058 0.140690 0.145570 0.130168 0.617898 0.761622
1341845980.913789 0.000959 -0.070705 0.134067 0.153290 0.134774 0.606360 0.768548
1341845980.949937 -0.003345 -0.072578 0.130493 0.158462 0.136793 0.599112 0.772814
1341845980.981906 -0.007658 -0.072367 0.131799 0.162130 0.133364 0.589059 0.780344
1341845981.017867 -0.007952 -0.072108 0.135383 0.163680 0.130297 0.577348 0.789241
1341845981.049727 -0.008289 -0.075403 0.134091 0.163307 0.128343 0.562825 0.800054
1341845981.081877 -0.005289 -0.074551 0.147882 0.164343 0.125187 0.543930 0.813302
1341845981.117941 -0.003437 -0.075999 0.134119 0.162253 0.119245 0.523868 0.827657
1341845981.150069 -0.012476 -0.083507 0.133015 0.154856 0.121123 0.495574 0.846023
1341845981.181996 -0.012174 -0.081587 0.147402 0.152837 0.120639 0.472210 0.859712
1341845981.217830 -0.009992 -0.076767 0.161162 0.152840 0.116371 0.443506 0.875443
1341845981.249922 -0.001873 -0.072905 0.156222 0.149650 0.113334 0.420336 0.887738
1341845981.285840 -0.010341 -0.072061 0.162008 0.147026 0.115375 0.385633 0.903526
1341845981.317832 -0.016831 -0.067669 0.159669 0.143509 0.112072 0.358919 0.915435
1341845981.349932 -0.019022 -0.067054 0.160101 0.130773 0.108631 0.321757 0.931434
1341845981.385812 -0.018226 -0.067041 0.156856 0.120447 0.108711 0.291933 0.942576
1341845981.417735 -0.021160 -0.069947 0.164635 0.118703 0.108998 0.270970 0.949002
1341845981.449800 -0.021747 -0.065821 0.153000 0.121961 0.105809 0.251270 0.954355
1341845981.485916 -0.021631 -0.055530 0.146204 0.118053 0.108333 0.233323 0.959108
1341845981.517844 -0.030743 -0.064291 0.147301 0.110002 0.109757 0.209034 0.965483
1341845981.553971 -0.033301 -0.063488 0.129670 0.109095 0.104704 0.195321 0.969012
1341845981.585866 -0.036631 -0.061269 0.119228 0.101336 0.103340 0.179207 0.973107
1341845981.617907 -0.037187 -0.062470 0.135311 0.095638 0.102499 0.164303 0.976397
1341845981.653938 -0.042180 -0.068056 0.144559 0.096432 0.099663 0.154510 0.978210
1341845981.685889 -0.042674 -0.057553 0.141995 0.097706 0.096361 0.145439 0.979804
1341845981.718038 -0.046663 -0.046655 0.116158 0.098734 0.096258 0.139738 0.980540
1341845981.753884 -0.059844 -0.062434 0.112779 0.097958 0.098805 0.134017 0.981163
1341845981.785897 -0.067857 -0.058972 0.107823 0.101418 0.096783 0.130723 0.981458
1341845981.822013 -0.064517 -0.054575 0.104546 0.102071 0.095500 0.123220 0.982486
1341845981.853820 -0.069430 -0.055623 0.112907 0.100822 0.099356 0.110153 0.983783
1341845981.885838 -0.067526 -0.065377 0.118000 0.101224 0.098328 0.106010 0.984300
1341845981.922032 -0.058827 -0.074639 0.102874 0.109666 0.097279 0.100491 0.984079
1341845981.953799 -0.085939 -0.070836 0.094785 0.115840 0.104650 0.096715 0.982993
1341845981.986027 -0.093305 -0.067529 0.088678 0.117420 0.104862 0.092305 0.983207
1341845982.022212 -0.094115 -0.060295 0.088874 0.116926 0.102305 0.088464 0.983888
1341845982.053889 -0.096556 -0.057104 0.088471 0.113049 0.101672 0.083511 0.984839
1341845982.089857 -0.095677 -0.057382 0.082598 0.108343 0.100099 0.081259 0.985717
1341845982.121719 -0.091341 -0.061934 0.079814 0.105270 0.097825 0.084837 0.985977
1341845982.153770 -0.083463 -0.065130 0.079964 0.106047 0.093910 0.086966 0.986089
1341845982.190068 -0.076858 -0.062635 0.074000 0.107644 0.094392 0.087390 0.985833
1341845982.222482 -0.071983 -0.055834 0.063880 0.109905 0.093804 0.090511 0.985358
1341845982.259008 -0.075605 -0.044369 0.052143 0.110868 0.091365 0.088458 0.985665
1341845982.291023 -0.072929 -0.041431 0.048921 0.104594 0.090242 0.085434 0.986721
1341845982.327843 -0.069955 -0.038872 0.044269 0.101323 0.089800 0.085101 0.987131
1341845982.421902 -0.058003 -0.032713 0.028028 0.084257 0.081291 0.090358 0.989004
1341845982.457800 -0.056245 -0.031097 0.024299 0.084131 0.080664 0.095336 0.988598
1341845982.490452 -0.058741 -0.022851 0.016450 0.084598 0.079204 0.100071 0.988208
1341845982.526007 -0.052273 -0.009064 0.013176 0.081663 0.078596 0.100433 0.988467
1341845982.592787 -0.055278 -0.004247 -0.001130 0.074377 0.073204 0.107179 0.988748
1341845982.626246 -0.050287 0.002135 -0.006059 0.071158 0.071593 0.108154 0.988996
1341845982.689935 -0.061058 0.022427 -0.016167 0.056859 0.066392 0.108596 0.990235
1341845982.731856 -0.060415 0.029806 -0.010581 0.047672 0.061073 0.110172 0.990888
1341845982.763845 -0.058943 0.036956 -0.026524 0.037956 0.060674 0.108652 0.991500
1341845982.796143 -0.059966 0.040172 -0.035434 0.031295 0.057790 0.113455 0.991367
1341845982.831723 -0.063589 0.046073 -0.042692 0.028892 0.053646 0.116430 0.991328
1341845982.863934 -0.061415 0.055060 -0.046218 0.024617 0.051828 0.113445 0.991886
1341845982.899816 -0.064060 0.057000 -0.052751 0.018099 0.050513 0.110980 0.992373
1341845982.931713 -0.067101 0.062363 -0.057540 0.013209 0.045851 0.111275 0.992644
1341845982.963912 -0.062837 0.073331 -0.055291 0.009165 0.042497 0.109188 0.993070
1341845982.999924 -0.064667 0.076431 -0.059124 0.003115 0.042598 0.105589 0.993492
1341845983.031814 -0.068055 0.077535 -0.066418 -0.000133 0.038995 0.106485 0.993549
1341845983.067798 -0.071285 0.084104 -0.068727 -0.003263 0.036176 0.104666 0.993844
1341845983.099710 -0.071408 0.091772 -0.073969 -0.009329 0.035735 0.100138 0.994288
1341845983.131896 -0.082115 0.089638 -0.078595 -0.016521 0.036070 0.096671 0.994525
1341845983.167777 -0.081156 0.091300 -0.078418 -0.018204 0.031877 0.098152 0.994494
1341845983.199716 -0.080697 0.093292 -0.084250 -0.018486 0.030322 0.095325 0.994813
1341845983.235789 -0.080650 0.098833 -0.090428 -0.019752 0.030643 0.090433 0.995235
1341845983.267839 -0.078610 0.096700 -0.095451 -0.020562 0.030055 0.090894 0.995195
1341845983.299732 -0.076637 0.101380 -0.102089 -0.019275 0.028597 0.090616 0.995289
1341845983.335764 -0.078213 0.105628 -0.109307 -0.021212 0.029993 0.086991 0.995531
1341845983.367849 -0.076955 0.106630 -0.116010 -0.024467 0.029889 0.086845 0.995473
1341845983.403853 -0.074952 0.107935 -0.121302 -0.024270 0.028534 0.088572 0.995365
1341845983.436166 -0.070432 0.115463 -0.124762 -0.021416 0.028414 0.086478 0.995618
1341845983.467855 -0.068009 0.115848 -0.135702 -0.022732 0.030464 0.085732 0.995593
1341845983.503861 -0.065105 0.116640 -0.143848 -0.023488 0.030179 0.085270 0.995624
1341845983.535831 -0.063013 0.117745 -0.152323 -0.023872 0.029853 0.084254 0.995711
1341845983.572117 -0.058220 0.122388 -0.159425 -0.023791 0.029696 0.080788 0.996005
1341845983.603785 -0.059800 0.121611 -0.171578 -0.025979 0.031762 0.077270 0.996165
1341845983.635679 -0.058583 0.125124 -0.181618 -0.028861 0.029615 0.073648 0.996427
1341845983.671908 -0.054928 0.128354 -0.189010 -0.037458 0.027045 0.068659 0.996570
1341845983.703949 -0.052686 0.131483 -0.197436 -0.046972 0.026757 0.060697 0.996691
1341845983.735713 -0.051744 0.133863 -0.206380 -0.053570 0.025236 0.056785 0.996629
1341845983.771983 -0.049588 0.138271 -0.212572 -0.056230 0.021971 0.058365 0.996468
1341845983.803724 -0.046076 0.141163 -0.218882 -0.054672 0.019905 0.057809 0.996631
1341845983.836050 -0.043079 0.142224 -0.228214 -0.054732 0.018271 0.054430 0.996849
1341845983.871914 -0.038601 0.146989 -0.237081 -0.055085 0.016173 0.055186 0.996824
1341845983.904546 -0.036335 0.151271 -0.244222 -0.050585 0.015892 0.059966 0.996791
1341845983.939732 -0.034963 0.154877 -0.254401 -0.041639 0.015413 0.063589 0.996988
1341845983.971972 -0.034414 0.159747 -0.266660 -0.038851 0.013111 0.067909 0.996849
1341845984.003943 -0.031634 0.165042 -0.272010 -0.038030 0.012843 0.071799 0.996611
1341845984.039814 -0.032431 0.168053 -0.283528 -0.037225 0.013068 0.070948 0.996700
1341845984.071924 -0.027021 0.174940 -0.288817 -0.037329 0.013169 0.072344 0.996594
1341845984.103750 -0.019056 0.176354 -0.287682 -0.037330 0.016918 0.075704 0.996288
1341845984.139977 -0.013587 0.177250 -0.289334 -0.030571 0.019138 0.081747 0.996000
1341845984.171953 -0.016891 0.184481 -0.306411 -0.021561 0.023450 0.085276 0.995848
1341845984.203755 -0.017524 0.189051 -0.319058 -0.018547 0.028465 0.087305 0.995602
1341845984.239999 -0.013497 0.189806 -0.320247 -0.016144 0.033183 0.088303 0.995410
1341845984.271868 -0.015359 0.195452 -0.334597 -0.010817 0.038793 0.088238 0.995285
1341845984.304166 -0.013982 0.198783 -0.341720 -0.008734 0.042896 0.090105 0.994970
1341845984.366023 -0.011999 0.203604 -0.364811 0.001311 0.052025 0.088535 0.994713
1341845984.403843 -0.014029 0.209161 -0.376970 0.000488 0.055610 0.086979 0.994657
1341845984.469893 -0.014213 0.204565 -0.383967 0.000080 0.061718 0.076401 0.995165
1341845984.533876 -0.013653 0.209889 -0.395899 -0.001483 0.061683 0.071875 0.995503
1341845984.570371 -0.010560 0.212297 -0.395202 -0.007061 0.063477 0.065000 0.995839
1341845984.601869 0.002434 0.203035 -0.385533 -0.006300 0.065352 0.069771 0.995400
1341845984.633883 -0.003988 0.205100 -0.386816 -0.002933 0.071934 0.067820 0.995097
1341845984.669661 -0.002178 0.206170 -0.395970 -0.004479 0.076223 0.065855 0.994904
1341845984.701697 0.003508 0.197168 -0.395371 -0.003007 0.077607 0.070063 0.994515
1341845984.737816 0.003663 0.200864 -0.395555 0.002522 0.081517 0.068136 0.994337
1341845984.769971 0.002717 0.203845 -0.404400 0.003383 0.085426 0.065925 0.994155
1341845984.801680 0.002680 0.202488 -0.404758 0.002384 0.086206 0.066650 0.994043
1341845984.837943 0.009879 0.196281 -0.404107 0.004176 0.088113 0.065771 0.993928
1341845984.869774 0.007519 0.200450 -0.408657 0.007107 0.092456 0.065158 0.993557
1341845984.901904 0.003708 0.201294 -0.413930 0.005877 0.091968 0.065487 0.993589
1341845984.937830 0.012815 0.195069 -0.409042 0.006143 0.090872 0.063193 0.993837
1341845984.969931 0.013366 0.194379 -0.410799 0.007682 0.094391 0.062236 0.993558
1341845985.005758 0.015092 0.191343 -0.409767 0.009569 0.093523 0.061952 0.993642
1341845985.037996 0.015368 0.189185 -0.408548 0.012055 0.093000 0.061081 0.993718
1341845985.069753 0.016767 0.188532 -0.410601 0.014719 0.092914 0.059020 0.993814
1341845985.105902 0.017820 0.185497 -0.412099 0.017241 0.093205 0.057982 0.993808
1341845985.137721 0.017578 0.186547 -0.417242 0.019790 0.093288 0.055678 0.993884
1341845985.169874 0.020282 0.183673 -0.414924 0.020776 0.094248 0.055746 0.993770
1341845985.205765 0.020047 0.182150 -0.417345 0.025284 0.095316 0.056344 0.993530
1341845985.237899 0.019917 0.183700 -0.425004 0.026771 0.096098 0.055266 0.993476
1341845985.274008 0.019116 0.184016 -0.426106 0.026513 0.096056 0.055271 0.993486
1341845985.305922 0.021041 0.179757 -0.419169 0.027148 0.094558 0.056483 0.993545
1341845985.337748 0.021804 0.176535 -0.418734 0.031287 0.093604 0.057311 0.993466
1341845985.374220 0.020858 0.179455 -0.427449 0.033705 0.093220 0.057292 0.993424
1341845985.406011 0.020902 0.180098 -0.428726 0.033820 0.093009 0.056967 0.993459
1341845985.442252 0.021543 0.178727 -0.425545 0.033796 0.092351 0.056330 0.993557
1341845985.473860 0.022217 0.175247 -0.423832 0.035437 0.091529 0.057702 0.993497
1341845985.505802 0.022531 0.175193 -0.429915 0.038032 0.089634 0.059557 0.993465
1341845985.541999 0.022478 0.180378 -0.436462 0.038214 0.089617 0.059641 0.993454
1341845985.573799 0.023446 0.175783 -0.433565 0.036241 0.090430 0.058266 0.993536
1341845985.605839 0.022799 0.173622 -0.434034 0.037643 0.089315 0.061547 0.993387
1341845985.641753 0.022770 0.177568 -0.437888 0.038229 0.089218 0.061731 0.993362
1341845985.673719 0.024023 0.175553 -0.437065 0.036803 0.090878 0.059837 0.993381
1341845985.709785 0.022555 0.175202 -0.438124 0.036754 0.090353 0.062458 0.993270
1341845985.741805 0.023009 0.175850 -0.437225 0.036983 0.089459 0.063093 0.993302
1341845985.773867 0.025341 0.176611 -0.438287 0.036938 0.091965 0.061933 0.993148
1341845985.809875 0.023750 0.175376 -0.437928 0.036898 0.093467 0.063112 0.992935
1341845985.841811 0.023186 0.177226 -0.439072 0.037264 0.092346 0.065269 0.992887
1341845985.873899 0.023440 0.180168 -0.439013 0.036757 0.092938 0.064438 0.992904
1341845985.909743 0.021749 0.176788 -0.433571 0.035967 0.094710 0.064111 0.992787
1341845985.941740 0.020706 0.177335 -0.433665 0.038553 0.092812 0.067094 0.992672
1341845985.977718 0.026664 0.176503 -0.440145 0.039257 0.091517 0.066905 0.992777
1341845986.009726 0.026680 0.176445 -0.442047 0.039434 0.092782 0.065083 0.992774
1341845986.042156 0.022998 0.175741 -0.438880 0.040115 0.092464 0.066851 0.992659
