# timestamp tx ty tz qx qy qz qw
1341846313.654184 0.000000 0.000000 0.000000 0.000000 0.000000 0.000000 1.000000
1341846313.686156 0.009414 0.001301 0.004109 0.001260 -0.002738 0.000020 0.999995
1341846313.721918 0.014633 0.002130 0.003947 0.001050 -0.003766 0.001009 0.999992
1341846313.753994 0.025398 0.000798 0.002215 0.000368 -0.004991 0.002685 0.999984
1341846313.789969 0.032583 -0.000110 0.002378 0.001379 -0.005758 0.001094 0.999982
1341846313.822075 0.026418 0.002010 -0.001094 0.001613 -0.002531 0.000423 0.999995
1341846313.853928 0.021956 0.002002 0.002719 0.000992 0.001474 -0.000426 0.999998
1341846313.890011 0.009480 0.002141 -0.000718 0.000771 0.006232 -0.000432 0.999980
1341846313.922055 -0.011458 0.004877 -0.005869 -0.001148 0.010915 0.001206 0.999939
1341846313.957927 -0.019647 0.003989 0.002328 -0.003154 0.017711 0.002720 0.999834
1341846313.990058 -0.038632 0.004593 0.005305 -0.004195 0.028106 0.002996 0.999592
1341846314.022042 -0.061189 0.002455 0.002362 -0.007068 0.033802 0.003362 0.999398
1341846314.057816 -0.068355 0.005887 0.014902 -0.009618 0.038437 0.004850 0.999203
1341846314.089801 -0.084677 0.003955 0.021617 -0.008987 0.047728 0.005318 0.998806
1341846314.122037 -0.100018 0.012356 0.018702 -0.008856 0.054013 0.007091 0.998476
1341846314.157989 -0.123568 0.006375 0.018965 -0.011892 0.062614 0.008970 0.997927
1341846314.190094 -0.120461 0.006488 0.014004 -0.011578 0.066443 0.009609 0.997677
1341846314.225969 -0.114422 0.011567 0.003408 -0.013338 0.068171 0.013216 0.997497
1341846314.257923 -0.108432 0.008514 0.027637 -0.015609 0.070448 0.012490 0.997315
1341846314.290052 -0.109034 0.004418 0.014654 -0.014813 0.072489 0.011196 0.997196
1341846314.325981 -0.098757 0.011091 0.010168 -0.015143 0.072849 0.009597 0.997182
1341846314.357905 -0.087147 0.007937 0.023568 -0.016333 0.075187 0.008887 0.996996
1341846314.389899 -0.087762 0.005142 0.019994 -0.015111 0.078493 0.007677 0.996771
1341846314.427905 -0.076925 0.009313 0.006559 -0.014896 0.079652 0.006603 0.996690
1341846314.493987 -0.068365 0.004384 0.014254 -0.014147 0.089519 -0.002201 0.995882
1341846314.526085 -0.061229 0.007224 0.005180 -0.013877 0.091186 -0.003384 0.995731
1341846314.558292 -0.052169 0.006499 0.013466 -0.015166 0.093853 -0.001889 0.995469
1341846314.594085 -0.045306 -0.001635 0.014372 -0.014731 0.098384 -0.002076 0.995037
1341846314.626096 -0.043411 0.005579 0.000914 -0.013439 0.102377 -0.001272 0.994654
1341846314.658455 -0.036311 0.007036 0.002921 -0.015420 0.104065 -0.002291 0.994448
1341846314.694004 -0.026242 -0.004111 0.018725 -0.016355 0.107897 -0.003116 0.994023
1341846314.725910 -0.025214 -0.008701 0.022144 -0.012491 0.110830 0.001599 0.993760
1341846314.761942 -0.023942 -0.008019 0.011597 -0.008624 0.111393 0.005009 0.993726
1341846314.794030 -0.012343 -0.010830 0.000031 -0.005958 0.113201 0.005530 0.993539
1341846314.826092 -0.005898 -0.006701 -0.011269 -0.003255 0.117111 0.005820 0.993096
1341846314.862145 0.001990 -0.004467 -0.015736 -0.002939 0.120473 0.006707 0.992690
1341846314.894072 0.007293 -0.005299 -0.013319 -0.003221 0.124460 0.008320 0.992185
1341846314.925969 0.011329 -0.005032 -0.021960 -0.003069 0.126857 0.011589 0.991849
1341846314.961937 0.016665 0.003116 -0.035560 -0.005200 0.127207 0.017487 0.991708
1341846314.994564 0.020345 0.002097 -0.033548 -0.008454 0.128363 0.015681 0.991567
1341846315.029900 0.036665 0.000832 -0.024938 -0.008797 0.130831 0.012955 0.991281
1341846315.061965 0.028830 0.000212 -0.027530 -0.009149 0.134408 0.015459 0.990763
1341846315.094388 0.032957 -0.004560 -0.027417 -0.009635 0.133252 0.016377 0.990900
1341846315.129851 0.045872 -0.004608 -0.035382 -0.007701 0.132334 0.015612 0.991052
1341846315.161941 0.047196 0.009788 -0.051584 -0.008500 0.132504 0.019443 0.990955
1341846315.197984 0.047635 0.007734 -0.049858 -0.015969 0.130813 0.015378 0.991159
1341846315.230076 0.056629 0.005896 -0.046020 -0.019594 0.129121 0.012301 0.991359
1341846315.262069 0.050383 0.004766 -0.049074 -0.022684 0.127957 0.013403 0.991430
1341846315.298000 0.059226 -0.000540 -0.036001 -0.024987 0.123588 0.016165 0.991887
1341846315.329931 0.068834 -0.015005 -0.031864 -0.022764 0.121467 0.017345 0.992183
1341846315.361981 0.115505 -0.020245 -0.064955 -0.018735 0.112860 0.021331 0.993205
1341846315.397962 0.120155 -0.016716 -0.063670 -0.015160 0.113146 0.024113 0.993170
1341846315.429923 0.127560 -0.019644 -0.076286 -0.012978 0.114417 0.025220 0.993028
1341846315.466047 0.144288 -0.017314 -0.088658 -0.012055 0.116726 0.028606 0.992679
1341846315.497883 0.142206 -0.016034 -0.087447 -0.012672 0.119974 0.032238 0.992173
1341846315.530008 0.149379 -0.016987 -0.088118 -0.012702 0.120620 0.033029 0.992068
1341846315.566108 0.150714 -0.014224 -0.090140 -0.013129 0.122085 0.033779 0.991858
1341846315.597986 0.157460 -0.017036 -0.087782 -0.013677 0.122505 0.032966 0.991826
1341846315.630109 0.155942 -0.017436 -0.089350 -0.013640 0.124233 0.031986 0.991644
1341846315.666042 0.150593 -0.013410 -0.097211 -0.014013 0.127214 0.031964 0.991261
1341846315.698114 0.164555 -0.008592 -0.090661 -0.019210 0.128892 0.031914 0.990959
1341846315.733985 0.139216 -0.018074 -0.085648 -0.022308 0.134898 0.030084 0.990151
1341846315.766041 0.131372 -0.018456 -0.093268 -0.022019 0.133268 0.030826 0.990356
1341846315.798188 0.141182 -0.017590 -0.088174 -0.023011 0.131604 0.031601 0.990531
1341846315.834140 0.142361 -0.023307 -0.079460 -0.022683 0.133604 0.030398 0.990309
1341846315.866751 0.136052 -0.025395 -0.086052 -0.020497 0.135299 0.028714 0.990176
1341846315.898492 0.130101 -0.024842 -0.083874 -0.019233 0.136655 0.028686 0.990017
1341846315.936901 0.129614 -0.032831 -0.075566 -0.017629 0.138079 0.028428 0.989856
1341846315.966572 0.122966 -0.028886 -0.078678 -0.013369 0.139095 0.025758 0.989854
1341846316.034204 0.104093 -0.031111 -0.080962 -0.009961 0.140973 0.024060 0.989671
1341846316.066113 0.096878 -0.032370 -0.080940 -0.007609 0.141206 0.024318 0.989652
1341846316.101867 0.079220 -0.029178 -0.090472 -0.005799 0.141214 0.024412 0.989661
1341846316.134066 0.069172 -0.028867 -0.087009 -0.006972 0.138715 0.021405 0.990076
1341846316.202049 0.055360 -0.034703 -0.082493 -0.007172 0.134349 0.017528 0.990753
1341846316.233979 0.059178 -0.033693 -0.090984 -0.006722 0.131914 0.016884 0.991095
1341846316.270052 0.055268 -0.033586 -0.089190 -0.008184 0.132844 0.014026 0.991004
1341846316.301915 0.045668 -0.039280 -0.081126 -0.008184 0.134485 0.011876 0.990811
1341846316.334208 0.035495 -0.039718 -0.079574 -0.006579 0.134120 0.013104 0.990857
1341846316.370006 0.033219 -0.041568 -0.079838 -0.004726 0.132444 0.014151 0.991078
1341846316.401994 0.025272 -0.039699 -0.083486 -0.002599 0.131861 0.016006 0.991136
1341846316.438069 0.020899 -0.045656 -0.079185 -0.000905 0.131371 0.018256 0.991165
1341846316.470076 0.009014 -0.047766 -0.078690 0.003680 0.131386 0.020263 0.991117
1341846316.502034 -0.009987 -0.037056 -0.098528 0.006516 0.129969 0.020863 0.991277
1341846316.537975 -0.009727 -0.036477 -0.095253 0.003803 0.126544 0.019611 0.991760
1341846316.570121 -0.011635 -0.045976 -0.084305 0.002509 0.125867 0.017802 0.991884
1341846316.601885 -0.020388 -0.047383 -0.082270 0.004490 0.125641 0.016316 0.991931
1341846316.638009 -0.032338 -0.049392 -0.086012 0.006746 0.124713 0.017170 0.992021
1341846316.669925 -0.036540 -0.054822 -0.089241 0.008633 0.123685 0.017494 0.992130
1341846316.705941 -0.040353 -0.060785 -0.092536 0.012418 0.123322 0.018704 0.992113
1341846316.738062 -0.051717 -0.048607 -0.096762 0.016354 0.122928 0.020885 0.992061
1341846316.770433 -0.057895 -0.046311 -0.094234 0.015379 0.122131 0.021563 0.992161
1341846316.805932 -0.063088 -0.056962 -0.091155 0.014851 0.122186 0.020564 0.992183
1341846316.838029 -0.082721 -0.053767 -0.103444 0.016633 0.122017 0.021458 0.992157
1341846316.870034 -0.089513 -0.057000 -0.096180 0.016892 0.118810 0.023427 0.992497
1341846316.906344 -0.090342 -0.057372 -0.099491 0.017851 0.114674 0.022783 0.992981
1341846316.937940 -0.093183 -0.055898 -0.104599 0.017729 0.112834 0.020340 0.993247
1341846316.973994 -0.110002 -0.055796 -0.102517 0.016879 0.112278 0.019626 0.993340
1341846317.005913 -0.116575 -0.055404 -0.095430 0.016004 0.109580 0.020311 0.993642
1341846317.037936 -0.119854 -0.061075 -0.090045 0.015919 0.106835 0.019988 0.993948
1341846317.073972 -0.122558 -0.061077 -0.089140 0.017226 0.104709 0.021076 0.994130
1341846317.106113 -0.136183 -0.064607 -0.080558 0.019635 0.103936 0.024535 0.994087
1341846317.137887 -0.159784 -0.062313 -0.080060 0.023077 0.099718 0.027725 0.994362
1341846317.173970 -0.168000 -0.060156 -0.088767 0.024303 0.093590 0.030094 0.994859
1341846317.205887 -0.153119 -0.058743 -0.086359 0.024685 0.086805 0.031695 0.995415
1341846317.248131 -0.163818 -0.060633 -0.077541 0.025759 0.085551 0.032909 0.995457
1341846317.306289 -0.180859 -0.059907 -0.081702 0.027563 0.081042 0.038185 0.995597
1341846317.348137 -0.166521 -0.061733 -0.081530 0.028752 0.079363 0.040036 0.995626
1341846317.410120 -0.193384 -0.056283 -0.074136 0.030988 0.081134 0.044497 0.995227
1341846317.442569 -0.193564 -0.075182 -0.070214 0.031776 0.081012 0.047408 0.995078
1341846317.474010 -0.204488 -0.068195 -0.070871 0.038441 0.081567 0.049828 0.994679
1341846317.509927 -0.223617 -0.059033 -0.078237 0.041959 0.080663 0.052346 0.994481
1341846317.542282 -0.222920 -0.056779 -0.077390 0.041175 0.077245 0.053429 0.994728
1341846317.573943 -0.220336 -0.064409 -0.069762 0.040359 0.077652 0.052849 0.994760
1341846317.610159 -0.229610 -0.069039 -0.061552 0.042633 0.079763 0.053000 0.994490
1341846317.643553 -0.253220 -0.060901 -0.068518 0.046064 0.080515 0.055053 0.994165
1341846317.677993 -0.263051 -0.064493 -0.054577 0.046502 0.078215 0.056919 0.994223
1341846317.709996 -0.267168 -0.064882 -0.061147 0.049147 0.074888 0.056322 0.994386
1341846317.741834 -0.280007 -0.058242 -0.068916 0.049488 0.074304 0.055840 0.994440
1341846317.777923 -0.288645 -0.058006 -0.060639 0.047705 0.073500 0.054950 0.994637
1341846317.810021 -0.297422 -0.060876 -0.058340 0.047142 0.071972 0.053166 0.994872
1341846317.841886 -0.305095 -0.055654 -0.062317 0.046696 0.070834 0.051312 0.995072
1341846317.878017 -0.309220 -0.056884 -0.057458 0.043874 0.070383 0.047628 0.995416
1341846317.909910 -0.309099 -0.061392 -0.056362 0.042720 0.070977 0.044842 0.995553
1341846317.946031 -0.326493 -0.062330 -0.052229 0.044243 0.072974 0.045916 0.995293
1341846317.978041 -0.333092 -0.066027 -0.047539 0.045967 0.071674 0.046106 0.995301
1341846318.009897 -0.336803 -0.065052 -0.050730 0.048100 0.071761 0.043738 0.995301
1341846318.045949 -0.349122 -0.058697 -0.052544 0.048880 0.073043 0.042494 0.995223
1341846318.078074 -0.368971 -0.063460 -0.048691 0.047249 0.073208 0.040275 0.995382
1341846318.109894 -0.378493 -0.063159 -0.050197 0.046988 0.069237 0.038568 0.995746
1341846318.145957 -0.376968 -0.062014 -0.048747 0.046176 0.066347 0.036114 0.996073
1341846318.178001 -0.386545 -0.066693 -0.047807 0.044893 0.066968 0.033047 0.996197
1341846318.214074 -0.406198 -0.068878 -0.037079 0.045786 0.066614 0.032036 0.996213
1341846318.245970 -0.418468 -0.076847 -0.027959 0.048038 0.062360 0.032972 0.996352
1341846318.278018 -0.425748 -0.074793 -0.036704 0.052104 0.056779 0.032641 0.996492
1341846318.313937 -0.438984 -0.071503 -0.038050 0.054088 0.050334 0.031911 0.996756
1341846318.345989 -0.446809 -0.076191 -0.034346 0.054957 0.041837 0.030665 0.997140
1341846318.382046 -0.455553 -0.075294 -0.035278 0.057078 0.035258 0.030051 0.997294
1341846318.414072 -0.467877 -0.075738 -0.033930 0.058720 0.028865 0.030645 0.997386
1341846318.446035 -0.466881 -0.079169 -0.035846 0.060385 0.022692 0.031204 0.997429
1341846318.482196 -0.474566 -0.074830 -0.042637 0.062135 0.020418 0.031011 0.997377
1341846318.514144 -0.484141 -0.076343 -0.041925 0.062148 0.019341 0.031822 0.997372
1341846318.546259 -0.488268 -0.082969 -0.040840 0.063064 0.017990 0.031905 0.997337
1341846318.582042 -0.496063 -0.074165 -0.041336 0.065446 0.018123 0.031931 0.997180
1341846318.614115 -0.506842 -0.076828 -0.044948 0.064384 0.017901 0.030972 0.997284
1341846318.650038 -0.513209 -0.076460 -0.044900 0.064024 0.017128 0.028023 0.997408
1341846318.682350 -0.524849 -0.075430 -0.045767 0.063547 0.017053 0.025952 0.997496
1341846318.714063 -0.533663 -0.075143 -0.045420 0.063283 0.016146 0.025616 0.997536
1341846318.749905 -0.537184 -0.078981 -0.041965 0.064117 0.015580 0.027469 0.997443
1341846318.782036 -0.554874 -0.076201 -0.044671 0.066211 0.015816 0.028992 0.997259
1341846318.814121 -0.565763 -0.077389 -0.046221 0.065784 0.010200 0.026636 0.997426
1341846318.850072 -0.576103 -0.080173 -0.037928 0.065960 0.005163 0.024250 0.997514
1341846318.883516 -0.601607 -0.092027 -0.037284 0.067525 -0.000204 0.022060 0.997474
1341846318.918047 -0.614149 -0.082093 -0.037953 0.071528 -0.011907 0.021385 0.997138
1341846318.950044 -0.599586 -0.081916 -0.033541 0.073658 -0.024422 0.018627 0.996810
1341846318.982028 -0.626536 -0.083398 -0.045958 0.074594 -0.024280 0.016038 0.996789
1341846319.018123 -0.650111 -0.083769 -0.043837 0.074124 -0.029169 0.015871 0.996696
1341846319.050745 -0.655823 -0.084846 -0.010208 0.076464 -0.034862 0.013265 0.996374
1341846319.081905 -0.656920 -0.087727 -0.006769 0.080867 -0.034824 0.011270 0.996053
1341846319.117976 -0.660278 -0.088772 0.006006 0.082113 -0.034969 0.018423 0.995839
1341846319.150093 -0.652297 -0.087364 -0.008105 0.085332 -0.044051 0.024430 0.995078
1341846319.186069 -0.656111 -0.083042 -0.001846 0.085307 -0.041871 0.028890 0.995055
1341846319.218149 -0.657850 -0.078152 -0.004164 0.081788 -0.036286 0.028665 0.995576
1341846319.250034 -0.653286 -0.077341 0.000274 0.076462 -0.033582 0.027682 0.996122
1341846319.286594 -0.647566 -0.081599 -0.007357 0.075320 -0.034860 0.029107 0.996125
1341846319.318034 -0.607926 -0.092794 -0.071040 0.074396 -0.045614 0.034851 0.995575
1341846319.350268 -0.616078 -0.097121 -0.070897 0.074822 -0.045145 0.041267 0.995319
1341846319.386163 -0.642098 -0.095752 -0.075210 0.077473 -0.047454 0.046717 0.994768
1341846319.418386 -0.635490 -0.097886 -0.089271 0.077836 -0.053933 0.049879 0.994256
1341846319.453961 -0.604236 -0.089381 -0.083548 0.078818 -0.061557 0.048122 0.993822
1341846319.486271 -0.618687 -0.090887 -0.091409 0.077449 -0.061020 0.047384 0.993998
1341846319.554083 -0.629923 -0.092207 -0.075256 0.072347 -0.067976 0.046416 0.993977
1341846319.586296 -0.643312 -0.094402 -0.085483 0.072533 -0.066840 0.042438 0.994218
1341846319.622031 -0.656332 -0.094639 -0.094061 0.070639 -0.070183 0.039417 0.994249
1341846319.653962 -0.660579 -0.095047 -0.073928 0.070669 -0.075935 0.038526 0.993859
1341846319.686352 -0.668164 -0.096972 -0.078464 0.072313 -0.079468 0.041089 0.993362
1341846319.721992 -0.675737 -0.094918 -0.092541 0.072687 -0.083447 0.041213 0.993003
1341846319.754063 -0.675403 -0.084783 -0.081603 0.069780 -0.086233 0.042324 0.992927
1341846319.786397 -0.680742 -0.090374 -0.083180 0.065119 -0.086074 0.046474 0.993071
1341846319.822008 -0.689909 -0.087630 -0.086999 0.062221 -0.086453 0.050136 0.993046
1341846319.853917 -0.692113 -0.089208 -0.081160 0.056880 -0.087643 0.055059 0.993001
1341846319.889942 -0.698720 -0.097610 -0.082727 0.053694 -0.088057 0.058863 0.992924
1341846319.922039 -0.702447 -0.098375 -0.080622 0.053740 -0.093235 0.058925 0.992445
1341846319.953946 -0.699268 -0.099203 -0.070948 0.054666 -0.099779 0.055337 0.991965
1341846319.990054 -0.700216 -0.100848 -0.071153 0.056847 -0.102423 0.049158 0.991898
1341846320.028122 -0.705795 -0.102239 -0.068707 0.058943 -0.106403 0.047314 0.991446
1341846320.090047 -0.688107 -0.091039 -0.066582 0.065070 -0.113957 0.049862 0.990098
1341846320.122011 -0.683248 -0.090237 -0.071161 0.065652 -0.111236 0.051466 0.990287
1341846320.157952 -0.673843 -0.091810 -0.061509 0.065840 -0.109308 0.051369 0.990494
1341846320.190003 -0.658943 -0.099109 -0.057375 0.067900 -0.106476 0.050452 0.990710
1341846320.221941 -0.653216 -0.098438 -0.057008 0.072030 -0.103484 0.051192 0.990698
1341846320.258015 -0.645583 -0.102816 -0.060032 0.075921 -0.102485 0.052948 0.990419
1341846320.289887 -0.638310 -0.119844 -0.065906 0.080328 -0.102920 0.052609 0.990044
1341846320.321954 -0.626156 -0.121499 -0.061732 0.088765 -0.104389 0.051482 0.989229
1341846320.357890 -0.613556 -0.091707 -0.055788 0.097109 -0.104147 0.053090 0.988385
1341846320.390064 -0.595386 -0.092682 -0.053879 0.098449 -0.100588 0.053878 0.988578
1341846320.426544 -0.579153 -0.091816 -0.057761 0.101398 -0.092704 0.049905 0.989259
1341846320.458122 -0.577650 -0.090966 -0.052130 0.102599 -0.085007 0.047349 0.989952
1341846320.490186 -0.533236 -0.096780 -0.040589 0.105698 -0.082520 0.046484 0.989878
1341846320.525911 -0.527325 -0.097084 -0.056662 0.108646 -0.073759 0.045149 0.990312
1341846320.558091 -0.488184 -0.098549 -0.071126 0.109403 -0.072069 0.043608 0.990422
1341846320.594093 -0.479786 -0.104768 -0.064938 0.110006 -0.065784 0.038521 0.991003
1341846320.631955 -0.465761 -0.099405 -0.067969 0.112999 -0.059329 0.038462 0.991076
1341846320.664916 -0.449902 -0.095258 -0.074849 0.113263 -0.057311 0.037287 0.991210
1341846320.699927 -0.441282 -0.103443 -0.066070 0.112420 -0.053047 0.035407 0.991612
1341846320.731822 -0.431110 -0.098982 -0.075955 0.114747 -0.046211 0.034259 0.991728
1341846320.763877 -0.421119 -0.084596 -0.081878 0.112304 -0.045932 0.036643 0.991935
1341846320.799999 -0.410952 -0.080793 -0.082307 0.108481 -0.047139 0.028538 0.992570
1341846320.831871 -0.380289 -0.084927 -0.065449 0.109183 -0.035592 0.030264 0.992923
1341846320.863887 -0.339470 -0.070383 -0.111212 0.107607 -0.034191 0.036333 0.992941
1341846320.900014 -0.329488 -0.091758 -0.106022 0.100209 -0.039501 0.039626 0.993392
1341846320.931889 -0.303121 -0.084233 -0.084450 0.103494 -0.040096 0.038188 0.993088
1341846320.967866 -0.311128 -0.064325 -0.124078 0.104111 -0.033390 0.036152 0.993347
1341846321.000017 -0.304108 -0.077898 -0.124415 0.096811 -0.033717 0.035419 0.994101
1341846321.031860 -0.284151 -0.077844 -0.112455 0.094802 -0.033300 0.031868 0.994429
1341846321.068047 -0.283150 -0.074073 -0.129302 0.095034 -0.029004 0.029500 0.994614
1341846321.099840 -0.276060 -0.076373 -0.130939 0.092365 -0.028153 0.030253 0.994867
1341846321.131821 -0.256996 -0.083585 -0.113862 0.092510 -0.026848 0.031336 0.994856
1341846321.167887 -0.250213 -0.078480 -0.119126 0.095667 -0.022774 0.032253 0.994630
1341846321.200042 -0.245593 -0.075171 -0.124183 0.096038 -0.020351 0.032054 0.994653
1341846321.231950 -0.231884 -0.080093 -0.116698 0.095126 -0.020121 0.030209 0.994803
1341846321.267939 -0.218396 -0.075993 -0.123883 0.095589 -0.017977 0.025381 0.994935
1341846321.299948 -0.213849 -0.078933 -0.115090 0.094072 -0.012971 0.019336 0.995293
1341846321.331858 -0.206553 -0.082029 -0.112870 0.094182 -0.010704 0.015204 0.995381
1341846321.367913 -0.185174 -0.085212 -0.110278 0.095655 -0.008972 0.012756 0.995292
1341846321.399897 -0.183765 -0.081649 -0.111868 0.097650 -0.003175 0.011438 0.995150
1341846321.435994 -0.176995 -0.083328 -0.106437 0.099253 0.000083 0.011158 0.995000
1341846321.467946 -0.169997 -0.078327 -0.105669 0.101774 0.002964 0.011497 0.994737
1341846321.499882 -0.157201 -0.078665 -0.107525 0.102939 0.005571 0.011290 0.994608
1341846321.536109 -0.142284 -0.070674 -0.117671 0.102848 0.011067 0.008024 0.994603
1341846321.568960 -0.138742 -0.067586 -0.121651 0.099574 0.016057 0.006048 0.994882
1341846321.603938 -0.149937 -0.070196 -0.108423 0.096314 0.021918 0.005710 0.995093
1341846321.637163 -0.115884 -0.063285 -0.115046 0.094079 0.025043 0.005774 0.995233
1341846321.668306 -0.120027 -0.062454 -0.116795 0.089817 0.033021 0.009118 0.995369
1341846321.704411 -0.141008 -0.067891 -0.114221 0.086189 0.037157 0.017576 0.995431
1341846321.736861 -0.139473 -0.064573 -0.109722 0.085708 0.035143 0.024665 0.995395
1341846321.771881 -0.120295 -0.060461 -0.120083 0.082036 0.033918 0.028996 0.995630
1341846321.804114 -0.111503 -0.055832 -0.108256 0.079023 0.035897 0.032315 0.995702
1341846321.836152 -0.109935 -0.050502 -0.107115 0.076193 0.038082 0.031703 0.995861
1341846321.871882 -0.107702 -0.046042 -0.103094 0.070546 0.039374 0.028163 0.996333
1341846321.904074 -0.099091 -0.047132 -0.102106 0.064140 0.040266 0.025662 0.996798
1341846321.939847 -0.096354 -0.050380 -0.099791 0.060313 0.043493 0.023467 0.996955
1341846322.004094 -0.099456 -0.054493 -0.093854 0.053403 0.041392 0.023311 0.997442
1341846322.066178 -0.083600 -0.061862 -0.097550 0.048246 0.045837 0.020586 0.997571
1341846322.107979 -0.086412 -0.075988 -0.094245 0.045622 0.047838 0.019303 0.997626
1341846322.166164 -0.087660 -0.094958 -0.094508 0.049124 0.047803 0.019729 0.997453
1341846322.202932 -0.082656 -0.098932 -0.098299 0.050437 0.045017 0.019586 0.997520
1341846322.234093 -0.082915 -0.103599 -0.100957 0.049246 0.043589 0.017756 0.997677
1341846322.265941 -0.085016 -0.113904 -0.095909 0.046664 0.040944 0.018532 0.997899
1341846322.301996 -0.075047 -0.126637 -0.095128 0.044841 0.038490 0.019728 0.998057
1341846322.333949 -0.086910 -0.140198 -0.094636 0.043933 0.037335 0.018612 0.998163
1341846322.369871 -0.070753 -0.155523 -0.094653 0.044496 0.030615 0.015734 0.998416
1341846322.402292 -0.058845 -0.171586 -0.097080 0.045790 0.031866 0.009294 0.998399
1341846322.433955 -0.067006 -0.185845 -0.093665 0.051873 0.033500 0.007881 0.998061
1341846322.470030 -0.066449 -0.198641 -0.095601 0.059603 0.029178 0.010364 0.997742
1341846322.502433 -0.057142 -0.209510 -0.090196 0.066245 0.025923 0.013583 0.997374
1341846322.534002 -0.054958 -0.223682 -0.089184 0.074895 0.025973 0.013793 0.996758
1341846322.570196 -0.053286 -0.229677 -0.087765 0.084403 0.025541 0.016940 0.995960
1341846322.601920 -0.052054 -0.227896 -0.079182 0.091641 0.021423 0.021033 0.995339
1341846322.638119 -0.045853 -0.253588 -0.087777 0.094998 0.019178 0.019000 0.995111
1341846322.669947 -0.041586 -0.262125 -0.083860 0.098486 0.022798 0.018626 0.994703
1341846322.702026 -0.044922 -0.264428 -0.080953 0.102988 0.024166 0.021731 0.994151
1341846322.738006 -0.042586 -0.270929 -0.080950 0.103030 0.021147 0.022262 0.994204
1341846322.770087 -0.038836 -0.286651 -0.079514 0.103941 0.022355 0.021264 0.994105
1341846322.806047 -0.048088 -0.286433 -0.076205 0.108878 0.022643 0.022768 0.993536
1341846322.838063 -0.057436 -0.291111 -0.072539 0.111053 0.019197 0.023929 0.993341
1341846322.870081 -0.043311 -0.315227 -0.076803 0.112060 0.012819 0.024831 0.993308
1341846322.906018 -0.030468 -0.319615 -0.072480 0.116964 0.010812 0.026313 0.992729
1341846322.938349 -0.033386 -0.308968 -0.071006 0.117919 0.012124 0.027545 0.992567
1341846322.970069 -0.030893 -0.312800 -0.067992 0.113025 0.011350 0.028930 0.993106
1341846323.011820 -0.028146 -0.330030 -0.065259 0.109988 0.011908 0.029891 0.993412
1341846323.073951 -0.027535 -0.329427 -0.061914 0.107334 0.011498 0.034604 0.993554
1341846323.105962 -0.025416 -0.350843 -0.061111 0.103658 0.011468 0.033789 0.993973
1341846323.138158 -0.024606 -0.349765 -0.061674 0.104703 0.011408 0.030670 0.993965
1341846323.174092 -0.027267 -0.347160 -0.060767 0.103243 0.010948 0.028976 0.994174
1341846323.206059 -0.018231 -0.355496 -0.063294 0.099978 0.009885 0.027302 0.994566
1341846323.238053 -0.015437 -0.356446 -0.061712 0.097542 0.013029 0.026182 0.994802
1341846323.273997 -0.034168 -0.349463 -0.062723 0.095089 0.014408 0.025080 0.995048
1341846323.305946 -0.023032 -0.358461 -0.057564 0.089559 0.009216 0.027775 0.995552
1341846323.342027 -0.001581 -0.390124 -0.054733 0.084740 0.010241 0.026063 0.996010
1341846323.374048 -0.034578 -0.398202 -0.054059 0.085185 0.016358 0.026532 0.995878
1341846323.405987 -0.051895 -0.408105 -0.051953 0.085251 0.013448 0.030623 0.995798
1341846323.441956 -0.033648 -0.427812 -0.054617 0.085185 0.007905 0.032855 0.995792
1341846323.473878 -0.030748 -0.444374 -0.055186 0.088076 0.009403 0.030125 0.995614
1341846323.506129 -0.033945 -0.439104 -0.058660 0.090344 0.009198 0.028156 0.995470
1341846323.541972 -0.023650 -0.440230 -0.062580 0.089084 0.008473 0.026220 0.995643
1341846323.573913 -0.005204 -0.457301 -0.067574 0.087825 0.012450 0.020429 0.995849
1341846323.609927 -0.026731 -0.457000 -0.078815 0.088766 0.020366 0.017647 0.995688
1341846323.642014 -0.048431 -0.468893 -0.081082 0.087356 0.023863 0.016651 0.995752
1341846323.674081 -0.048756 -0.478087 -0.081056 0.087839 0.022069 0.019617 0.995697
1341846323.710069 -0.046328 -0.501889 -0.081596 0.088264 0.020645 0.024319 0.995586
1341846323.742111 -0.047511 -0.510584 -0.083400 0.092854 0.018859 0.023347 0.995227
1341846323.774928 -0.046879 -0.508948 -0.086107 0.096096 0.016651 0.020771 0.995016
1341846323.810012 -0.045284 -0.519795 -0.085957 0.096720 0.015331 0.016546 0.995056
1341846323.842207 -0.044733 -0.521584 -0.085380 0.098300 0.015532 0.011463 0.994970
1341846323.878019 -0.047022 -0.535545 -0.090931 0.099178 0.014803 0.009142 0.994918
1341846323.909826 -0.038845 -0.554193 -0.092466 0.101071 0.012590 0.006384 0.994779
1341846323.942459 -0.047208 -0.540909 -0.093859 0.106943 0.013293 0.006309 0.994156
1341846323.978055 -0.051395 -0.540878 -0.094369 0.110051 0.010297 0.007379 0.993845
1341846324.015934 -0.044100 -0.551899 -0.097093 0.112458 0.008271 0.007362 0.993595
1341846324.047722 -0.041382 -0.544773 -0.096628 0.115909 0.009832 0.006736 0.993188
1341846324.083904 -0.044479 -0.531078 -0.098404 0.116749 0.011289 0.005327 0.993083
1341846324.115968 -0.040487 -0.530773 -0.098713 0.114081 0.012758 0.004002 0.993381
1341846324.151967 -0.035117 -0.523570 -0.095355 0.113818 0.015309 -0.000639 0.993383
1341846324.183941 -0.040959 -0.510024 -0.093620 0.111382 0.019509 -0.005280 0.993572
1341846324.219984 -0.041108 -0.504771 -0.100188 0.107503 0.021010 -0.002749 0.993979
1341846324.251968 -0.042726 -0.504377 -0.096996 0.107064 0.021047 -0.003343 0.994024
1341846324.284052 -0.048162 -0.492960 -0.096516 0.107579 0.020589 -0.004263 0.993974
1341846324.319880 -0.052765 -0.477886 -0.097479 0.106714 0.017025 -0.005359 0.994130
1341846324.351917 -0.045072 -0.459449 -0.095891 0.103890 0.013204 -0.005594 0.994485
1341846324.388001 -0.038370 -0.453503 -0.092969 0.099310 0.013072 -0.009160 0.994929
1341846324.419908 -0.042437 -0.440071 -0.091731 0.094845 0.015417 -0.011130 0.995310
1341846324.452027 -0.046670 -0.436390 -0.088792 0.090255 0.015789 -0.011412 0.995728
1341846324.487928 -0.049315 -0.437517 -0.085815 0.088624 0.015663 -0.008648 0.995904
1341846324.519985 -0.058799 -0.426498 -0.085683 0.087527 0.014116 -0.004496 0.996052
1341846324.556001 -0.050344 -0.412204 -0.095309 0.085971 0.008254 -0.000395 0.996263
1341846324.587888 -0.047602 -0.404381 -0.090073 0.081899 0.005033 0.001036 0.996627
1341846324.620086 -0.050248 -0.398644 -0.082971 0.079562 0.002520 -0.000468 0.996827
1341846324.655955 -0.041209 -0.388314 -0.090134 0.078380 0.000834 -0.001588 0.996922
1341846324.688082 -0.045539 -0.388034 -0.085538 0.077254 0.001283 -0.001217 0.997010
1341846324.755922 -0.063325 -0.351983 -0.086607 0.079270 -0.000859 0.001781 0.996851
1341846324.814016 -0.044961 -0.317586 -0.092516 0.074470 -0.007659 -0.000146 0.997194
1341846324.849979 -0.054103 -0.309911 -0.088213 0.069029 -0.004146 -0.001768 0.997604
1341846324.881924 -0.062413 -0.306703 -0.084121 0.065748 -0.004916 -0.001717 0.997823
1341846324.913902 -0.055726 -0.289773 -0.085979 0.065383 -0.006836 0.001816 0.997835
1341846324.949999 -0.060288 -0.296949 -0.081984 0.065053 -0.006561 0.004040 0.997852
1341846324.981922 -0.072675 -0.287290 -0.076674 0.070088 -0.008378 0.006312 0.997486
1341846325.018013 -0.070802 -0.275363 -0.083157 0.074417 -0.014218 0.008027 0.997094
1341846325.050079 -0.071471 -0.263415 -0.088576 0.075908 -0.019331 0.006918 0.996903
1341846325.081901 -0.068193 -0.248244 -0.095840 0.075027 -0.024522 0.004743 0.996869
1341846325.118531 -0.063648 -0.234179 -0.092709 0.070529 -0.025692 0.003495 0.997173
1341846325.149933 -0.066652 -0.234932 -0.089108 0.064912 -0.023216 0.002544 0.997618
1341846325.181925 -0.067087 -0.219683 -0.088683 0.063061 -0.022270 0.006057 0.997743
1341846325.218055 -0.068011 -0.217137 -0.087951 0.060222 -0.022156 0.010674 0.997882
1341846325.249811 -0.069784 -0.202511 -0.087203 0.059377 -0.022225 0.014559 0.997882
1341846325.285925 -0.067415 -0.192577 -0.085462 0.056918 -0.022876 0.017453 0.997964
1341846325.317988 -0.056438 -0.194411 -0.070489 0.054368 -0.020589 0.020879 0.998090
1341846325.349844 -0.066231 -0.201450 -0.076585 0.056762 -0.014926 0.021406 0.998047
1341846325.387302 -0.064642 -0.185705 -0.072380 0.061895 -0.012175 0.025912 0.997672
1341846325.417931 -0.037438 -0.173392 -0.057873 0.065643 -0.010374 0.028651 0.997378
1341846325.450747 -0.036571 -0.178669 -0.051161 0.070236 -0.002140 0.030414 0.997064
1341846325.485954 -0.053475 -0.166158 -0.066560 0.078170 0.005796 0.031771 0.996417
1341846325.517875 -0.047473 -0.154696 -0.065206 0.082142 0.007143 0.034052 0.996013
1341846325.553859 -0.044795 -0.146357 -0.059202 0.085487 0.010491 0.033323 0.995727
1341846325.585855 -0.056946 -0.134045 -0.071942 0.087413 0.014481 0.030664 0.995595
1341846325.617990 -0.059147 -0.117705 -0.071661 0.084381 0.016227 0.029205 0.995873
1341846325.653982 -0.059342 -0.135407 -0.070499 0.080542 0.017986 0.026717 0.996231
1341846325.685819 -0.060790 -0.123979 -0.067555 0.087545 0.019591 0.029978 0.995517
1341846325.717857 -0.066983 -0.108870 -0.064882 0.092071 0.020986 0.035470 0.994899
1341846325.754083 -0.069941 -0.117269 -0.064043 0.094011 0.021128 0.039244 0.994573
1341846325.786087 -0.065038 -0.102697 -0.063185 0.101526 0.021263 0.040874 0.993765
1341846325.821856 -0.067592 -0.091777 -0.065743 0.104250 0.023373 0.042052 0.993387
1341846325.853827 -0.073629 -0.084007 -0.065228 0.105280 0.024260 0.045603 0.993100
1341846325.885958 -0.073902 -0.077904 -0.072038 0.104514 0.020515 0.053150 0.992890
1341846325.921984 -0.076777 -0.067310 -0.057564 0.105353 0.017555 0.056135 0.992694
1341846325.953899 -0.064135 -0.060763 -0.056483 0.108717 0.017195 0.058675 0.992191
1341846325.985823 -0.073377 -0.048094 -0.052495 0.111827 0.021120 0.062904 0.991510
1341846326.021991 -0.077980 -0.045390 -0.049802 0.114802 0.021309 0.068265 0.990811
1341846326.054055 -0.072752 -0.034628 -0.049285 0.119655 0.020109 0.070979 0.990071
1341846326.089984 -0.065831 -0.017634 -0.053416 0.122146 0.021459 0.069877 0.989817
1341846326.121822 -0.066366 -0.007307 -0.047521 0.121696 0.025519 0.067762 0.989923
1341846326.154079 -0.076160 -0.006157 -0.041546 0.122126 0.028887 0.066218 0.989882
1341846326.190178 -0.080292 0.009633 -0.040066 0.125459 0.028769 0.068727 0.989297
1341846326.222162 -0.084345 0.024199 -0.038795 0.124834 0.027193 0.074396 0.989011
1341846326.259181 -0.084685 0.038191 -0.035256 0.122270 0.024367 0.077796 0.989143
1341846326.322766 -0.080904 0.058515 -0.029452 0.114754 0.023647 0.076833 0.990136
1341846326.359773 -0.078204 0.064462 -0.026284 0.110907 0.024802 0.075591 0.990642
1341846326.392109 -0.073201 0.055725 -0.022333 0.108746 0.026357 0.078052 0.990650
1341846326.423985 -0.083249 0.063379 -0.019334 0.112748 0.028163 0.081277 0.989893
1341846326.459869 -0.085147 0.081629 -0.019390 0.116346 0.025250 0.086210 0.989138
1341846326.526163 -0.074537 0.116337 -0.009291 0.116351 0.026397 0.083121 0.989372
1341846326.560211 -0.078074 0.121882 -0.006874 0.111209 0.030533 0.084419 0.989734
1341846326.591828 -0.081955 0.118034 -0.004899 0.106991 0.032858 0.085028 0.990072
1341846326.627027 -0.077463 0.131674 -0.001524 0.106470 0.034023 0.083463 0.990222
1341846326.658442 -0.078833 0.152995 0.001232 0.105543 0.038215 0.083037 0.990205
1341846326.694856 -0.081897 0.176085 0.006735 0.103757 0.040841 0.083252 0.990270
1341846326.726206 -0.083563 0.190782 0.010087 0.097886 0.042124 0.079808 0.991098
1341846326.762753 -0.083354 0.201614 0.011015 0.091688 0.045224 0.076869 0.991786
1341846326.826821 -0.089328 0.230832 0.020338 0.077070 0.051298 0.072433 0.993067
1341846326.858887 -0.087888 0.236405 0.021001 0.070360 0.051862 0.073607 0.993449
1341846326.895360 -0.088325 0.225760 0.019734 0.067562 0.050899 0.078682 0.993305
1341846326.926897 -0.088986 0.239199 0.020941 0.070502 0.046729 0.080343 0.993172
1341846326.958888 -0.086312 0.262392 0.024856 0.074346 0.044842 0.081414 0.992892
1341846326.994594 -0.083628 0.275467 0.022900 0.075179 0.045124 0.083327 0.992657
1341846327.026301 -0.085704 0.288779 0.027940 0.072689 0.047007 0.080841 0.992961
1341846327.063945 -0.114687 0.322060 0.004487 0.076169 0.052471 0.075601 0.992839
1341846327.094662 -0.118971 0.330302 0.006625 0.075756 0.055048 0.073336 0.992901
1341846327.128901 -0.124199 0.343739 0.014143 0.075601 0.055978 0.071725 0.992979
1341846327.161940 -0.256713 0.343213 -0.018539 0.073384 0.079162 0.069166 0.991748
1341846327.193867 -0.324235 0.343212 -0.003936 0.072171 0.092801 0.068950 0.990669
1341846327.229885 -0.379925 0.341246 0.000271 0.070730 0.106523 0.066909 0.989532
1341846327.262014 -0.441232 0.339697 0.015191 0.068205 0.122054 0.064124 0.988099
1341846327.294023 -0.514229 0.337527 0.033757 0.070391 0.147396 0.059716 0.984761
1341846327.330015 -0.534884 0.358705 0.018793 0.073374 0.157542 0.056600 0.983155
1341846327.361939 -0.563667 0.366602 0.016999 0.069122 0.165960 0.049639 0.982454
1341846327.393887 -0.620027 0.366766 0.025398 0.065651 0.177966 0.045881 0.980772
1341846327.429966 -0.641001 0.395357 0.034361 0.066396 0.180794 0.047711 0.980117
1341846327.461965 -0.663700 0.417826 0.033156 0.060983 0.179300 0.045655 0.980841
1341846327.497931 -0.666707 0.421698 0.032181 0.056164 0.178864 0.042852 0.981334
1341846327.530068 -0.666495 0.429944 0.032186 0.054825 0.178627 0.048383 0.981196
1341846327.561895 -0.667102 0.452854 0.043634 0.056751 0.176061 0.054025 0.981256
1341846327.598010 -0.662812 0.459290 0.056830 0.059299 0.172638 0.058947 0.981430
1341846327.629945 -0.669672 0.472664 0.052004 0.059283 0.167782 0.057556 0.982355
1341846327.662003 -0.665728 0.467947 0.069452 0.056101 0.166182 0.053206 0.983059
1341846327.697919 -0.673164 0.505048 0.054983 0.061704 0.164390 0.052317 0.983072
1341846327.730075 -0.675224 0.515804 0.056921 0.056226 0.163494 0.053830 0.983469
1341846327.766017 -0.674288 0.532269 0.059280 0.053619 0.162865 0.055027 0.983652
1341846327.797917 -0.677793 0.545079 0.062188 0.048933 0.162718 0.058605 0.983714
1341846327.830054 -0.677198 0.554355 0.063782 0.042846 0.162118 0.058979 0.984075
1341846327.865944 -0.673173 0.567635 0.065512 0.039856 0.163126 0.058380 0.984070
1341846327.898010 -0.677975 0.570634 0.067060 0.035984 0.164078 0.062794 0.983789
1341846327.929991 -0.678819 0.577066 0.068626 0.030439 0.162748 0.060469 0.984342
1341846327.966065 -0.677828 0.593083 0.069949 0.026761 0.162862 0.058123 0.984572
1341846327.998073 -0.679136 0.594558 0.070699 0.018412 0.163939 0.056333 0.984688
1341846328.034045 -0.679694 0.600780 0.071022 0.012788 0.164784 0.055401 0.984689
1341846328.065993 -0.677284 0.602846 0.069201 0.007678 0.164910 0.056615 0.984653
1341846328.098045 -0.679660 0.586419 0.066882 0.004781 0.165534 0.058838 0.984436
1341846328.133967 -0.679267 0.585647 0.064105 0.008540 0.163971 0.062720 0.984432
1341846328.166023 -0.682966 0.575948 0.062990 0.007133 0.161285 0.064140 0.984796
1341846328.198018 -0.680841 0.565636 0.057592 0.006349 0.158113 0.061371 0.985491
1341846328.234044 -0.683919 0.556771 0.055535 0.009185 0.157358 0.059275 0.985718
1341846328.265899 -0.681047 0.547654 0.050400 0.011060 0.154913 0.060234 0.986028
1341846328.302051 -0.677830 0.526651 0.048708 0.013635 0.154707 0.058270 0.986146
1341846328.333917 -0.677854 0.505023 0.043716 0.015352 0.154429 0.062311 0.985917
1341846328.366008 -0.675688 0.483798 0.048448 0.019340 0.154025 0.057386 0.986209
1341846328.402010 -0.672015 0.464559 0.045640 0.030503 0.155623 0.057913 0.985646
1341846328.433920 -0.675952 0.457516 0.042510 0.034101 0.154145 0.058028 0.985753
1341846328.470003 -0.742026 0.414753 0.057815 0.032380 0.164807 0.050769 0.984486
1341846328.502194 -0.739070 0.392819 0.055919 0.033448 0.166875 0.042395 0.984498
1341846328.534033 -0.734820 0.369015 0.051238 0.033157 0.169467 0.038779 0.984214
1341846328.570125 -0.741798 0.348085 0.049917 0.035986 0.170817 0.042181 0.983741
1341846328.602804 -0.753527 0.330941 0.048321 0.044067 0.167472 0.041154 0.984031
1341846328.672663 -0.773192 0.293075 0.061013 0.053864 0.160368 0.035011 0.984964
1341846328.702975 -0.773101 0.282705 0.058901 0.058156 0.158029 0.031089 0.985230
1341846328.770129 -0.774331 0.270249 0.057484 0.070001 0.156025 0.025574 0.984938
1341846328.802331 -0.754465 0.294372 0.153315 0.080631 0.153557 0.024928 0.984529
1341846328.838051 -0.752623 0.276734 0.149178 0.083434 0.151869 0.020341 0.984663
1341846328.869939 -0.755656 0.279728 0.148060 0.084576 0.151327 0.019841 0.984659
1341846328.904486 -0.764115 0.287425 0.157824 0.085098 0.150231 0.017965 0.984818
1341846328.939814 -0.764285 0.274653 0.148496 0.090546 0.147931 0.017139 0.984695
1341846328.970217 -0.755692 0.261096 0.140854 0.093243 0.144057 0.022286 0.984915
1341846329.006232 -0.753246 0.247415 0.139359 0.094332 0.141516 0.025990 0.985088
1341846329.038243 -0.750751 0.227359 0.131354 0.097490 0.140720 0.024049 0.984944
1341846329.106125 -0.751164 0.225588 0.126346 0.100323 0.140369 0.023023 0.984734
1341846329.138340 -0.749663 0.200733 0.120330 0.100473 0.139481 0.020977 0.984891
1341846329.169991 -0.826298 0.182558 0.182922 0.100353 0.157528 0.020863 0.982181
1341846329.208656 -0.825498 0.174753 0.181499 0.100776 0.156853 0.019932 0.982265
1341846329.238169 -0.825609 0.176173 0.177954 0.100947 0.155798 0.019960 0.982414
1341846329.273827 -0.824413 0.159084 0.176210 0.098467 0.154777 0.020899 0.982808
1341846329.306052 -0.884118 0.158270 0.208439 0.100005 0.164964 0.019298 0.981027
1341846329.338104 -0.882824 0.155990 0.204594 0.095900 0.163594 0.018148 0.981688
1341846329.373907 -0.883811 0.134020 0.207262 0.091851 0.163190 0.017420 0.982155
1341846329.405985 -0.881770 0.127272 0.199885 0.093061 0.161340 0.014056 0.982401
1341846329.442057 -0.881992 0.124461 0.197169 0.091859 0.161056 0.010202 0.982608
1341846329.473950 -0.883821 0.109841 0.194063 0.089567 0.160032 0.004543 0.983029
1341846329.506147 -0.888937 0.108057 0.192456 0.089941 0.158902 0.002118 0.983187
1341846329.542121 -0.890578 0.095303 0.194514 0.087929 0.155935 0.002070 0.983844
1341846329.574086 -0.890084 0.081930 0.190771 0.090389 0.154086 -0.000018 0.983914
1341846329.606387 -0.889250 0.079464 0.187458 0.092580 0.153428 -0.001007 0.983813
1341846329.641955 -0.895051 0.076889 0.185006 0.092885 0.152501 -0.000495 0.983929
1341846329.681570 -0.895389 0.061248 0.185785 0.091190 0.149633 -0.000551 0.984527
1341846329.748113 -0.888821 0.057303 0.178975 0.093347 0.149100 -0.002112 0.984404
1341846329.810175 -0.892679 0.032217 0.179945 0.091665 0.152725 0.002493 0.984005
1341846329.842255 -0.895278 0.025219 0.180202 0.093999 0.152963 0.005562 0.983735
1341846329.874044 -0.897062 0.017650 0.179095 0.095966 0.152935 0.008325 0.983530
1341846329.910073 -0.897901 0.024624 0.177016 0.097338 0.152435 0.010232 0.983455
1341846329.942009 -0.898730 0.018781 0.176075 0.093051 0.151896 0.017093 0.983858
1341846329.978087 -0.898437 -0.005464 0.175499 0.090748 0.151380 0.018152 0.984134
1341846330.016305 -0.893527 0.003886 0.168578 0.092866 0.151797 0.015711 0.983914
1341846330.048192 -0.898588 0.007115 0.171315 0.089166 0.153494 0.018960 0.983936
1341846330.080418 -0.898451 -0.011083 0.170342 0.085361 0.153414 0.020866 0.984247
1341846330.115886 -0.896464 -0.021460 0.169204 0.088849 0.154716 0.021880 0.983712
1341846330.147839 -0.903558 -0.005940 0.168228 0.092032 0.155179 0.023340 0.983313
1341846330.181257 -0.900487 0.003328 0.167435 0.087704 0.153930 0.027570 0.983795
1341846330.215852 -0.900245 -0.013411 0.166295 0.080471 0.155098 0.027071 0.984244
1341846330.247833 -0.904297 -0.017755 0.166240 0.078745 0.155763 0.026762 0.984287
1341846330.283913 -0.903933 -0.003209 0.168188 0.076287 0.154739 0.029383 0.984567
1341846330.316011 -0.906261 -0.017343 0.168963 0.069495 0.154192 0.028715 0.985176
1341846330.347868 -0.907822 -0.024583 0.167935 0.067306 0.152561 0.028462 0.985589
1341846330.383835 -0.904737 -0.027869 0.165456 0.065425 0.151931 0.029094 0.985794
1341846330.415934 -0.909438 -0.053337 0.165376 0.062020 0.153608 0.026303 0.985833
1341846330.452561 -0.916319 -0.048238 0.162676 0.065769 0.153488 0.025601 0.985627
1341846330.483903 -0.918944 -0.042480 0.160983 0.066799 0.151581 0.028012 0.985787
1341846330.515970 -0.920345 -0.053077 0.162348 0.065287 0.149472 0.031383 0.986109
1341846330.552099 -0.918248 -0.053977 0.159207 0.067314 0.147842 0.033617 0.986145
1341846330.583876 -0.921310 -0.047256 0.156495 0.066945 0.147640 0.033750 0.986196
1341846330.619992 -0.929367 -0.039929 0.155913 0.062187 0.146936 0.033361 0.986625
1341846330.652136 -0.923791 -0.047129 0.153523 0.055557 0.144703 0.033580 0.987343
1341846330.683796 -0.929186 -0.051608 0.153935 0.050684 0.145396 0.032704 0.987533
1341846330.719991 -0.941335 -0.066007 0.153243 0.047889 0.144305 0.033841 0.987794
1341846330.752103 -0.945496 -0.067837 0.147286 0.050764 0.140070 0.037830 0.988116
1341846330.787952 -0.956178 -0.065036 0.139766 0.051973 0.136063 0.040698 0.988498
1341846330.819823 -0.949152 -0.063914 0.138817 0.051958 0.130800 0.041666 0.989169
1341846330.852208 -0.951934 -0.058216 0.126145 0.051842 0.128743 0.042798 0.989397
1341846330.914111 -0.956658 -0.051133 0.123076 0.042346 0.125601 0.043528 0.990220
1341846330.949903 -0.966877 -0.061929 0.127017 0.039103 0.125597 0.043697 0.990347
1341846330.981986 -0.972729 -0.057810 0.125832 0.040773 0.120873 0.043941 0.990856
1341846331.014111 -0.968514 -0.054351 0.119615 0.040386 0.116422 0.044922 0.991361
1341846331.082139 -0.974628 -0.058136 0.115123 0.041373 0.114071 0.041263 0.991753
1341846331.114334 -0.975442 -0.054723 0.111153 0.041242 0.111727 0.041075 0.992033
1341846331.149989 -0.974702 -0.068232 0.110822 0.040094 0.110979 0.039278 0.992237
1341846331.181954 -0.978506 -0.061816 0.109822 0.044217 0.110782 0.038087 0.992130
1341846331.218151 -0.994353 -0.049545 0.100599 0.044469 0.109036 0.038769 0.992285
1341846331.249914 -0.973459 -0.059204 0.111538 0.041733 0.105387 0.038514 0.992808
1341846331.318141 -0.967803 -0.055077 0.105257 0.051839 0.114896 0.033501 0.991458
1341846331.349926 -0.960727 -0.054785 0.108473 0.050422 0.117159 0.032791 0.991290
1341846331.382003 -0.943884 -0.068042 0.127087 0.053428 0.125898 0.031611 0.990099
1341846331.418008 -0.951560 -0.061820 0.120190 0.059565 0.134721 0.028482 0.988682
1341846331.450327 -0.948169 -0.055413 0.131996 0.061570 0.138781 0.029414 0.987969
1341846331.486219 -0.954390 -0.050795 0.136742 0.062034 0.141492 0.030578 0.987521
1341846331.518344 -0.972634 -0.037414 0.145484 0.063364 0.146942 0.028449 0.986703
1341846331.550202 -0.969658 -0.046048 0.149758 0.064913 0.151824 0.027342 0.985895
1341846331.586139 -0.980705 -0.033151 0.151560 0.067682 0.153846 0.026199 0.985426
1341846331.617931 -0.967089 -0.030994 0.157788 0.067126 0.152890 0.027850 0.985567
1341846331.654027 -0.956989 -0.042177 0.167923 0.066790 0.155410 0.028715 0.985171
1341846331.686123 -0.968765 -0.029494 0.165847 0.070082 0.159041 0.028942 0.984356
1341846331.717954 -0.968589 -0.027837 0.160463 0.065946 0.157269 0.029701 0.984904
1341846331.754076 -0.946957 -0.034682 0.192983 0.064170 0.157390 0.029315 0.985013
1341846331.785920 -0.944073 -0.033179 0.202211 0.067181 0.160260 0.027580 0.984400
1341846331.818053 -0.947103 -0.021317 0.211021 0.068293 0.162368 0.027243 0.983987
1341846331.853849 -0.938531 -0.031536 0.223794 0.066147 0.162580 0.026916 0.984108
1341846331.885987 -0.930807 -0.031813 0.231119 0.068901 0.165113 0.024671 0.983556
1341846331.922014 -0.929866 -0.025596 0.242225 0.070811 0.168479 0.023367 0.982881
1341846331.954037 -0.919830 -0.025929 0.251782 0.070817 0.170910 0.024608 0.982430
1341846331.986135 -0.909039 -0.041582 0.264159 0.072354 0.176370 0.026146 0.981313
1341846332.022364 -0.914508 -0.045366 0.279805 0.078932 0.181947 0.023894 0.979844
1341846332.054175 -0.911936 -0.036062 0.290041 0.085942 0.181528 0.025813 0.979283
1341846332.086502 -0.906260 -0.036919 0.301320 0.088363 0.181685 0.026121 0.979030
1341846332.122051 -0.905750 -0.035603 0.316367 0.089517 0.183344 0.023795 0.978675
1341846332.153983 -0.906307 -0.019045 0.333116 0.088379 0.183373 0.020547 0.978847
1341846332.190165 -0.900049 -0.023925 0.345734 0.081011 0.181386 0.021174 0.979841
1341846332.254145 -0.890797 -0.040096 0.369697 0.081129 0.181530 0.020132 0.979826
1341846332.289948 -0.889611 -0.035508 0.378634 0.083634 0.181322 0.021955 0.979615
1341846332.322172 -0.884644 -0.038254 0.390418 0.084509 0.180702 0.023545 0.979618
1341846332.354003 -0.875395 -0.043333 0.395361 0.086299 0.182230 0.020973 0.979237
1341846332.390180 -0.878536 -0.033293 0.395278 0.087394 0.186915 0.017475 0.978325
1341846332.422055 -0.880431 -0.033172 0.404571 0.084455 0.189817 0.013586 0.978086
1341846332.458114 -0.867570 -0.037004 0.417400 0.083501 0.191340 0.011282 0.977900
1341846332.489993 -0.881255 -0.033107 0.421340 0.084774 0.194311 0.012154 0.977194
1341846332.522130 -0.882670 -0.035145 0.432903 0.084295 0.190768 0.018419 0.977836
1341846332.558114 -0.875631 -0.037718 0.438518 0.085652 0.184941 0.025256 0.978684
1341846332.589874 -0.872888 -0.031567 0.429066 0.086131 0.181517 0.030176 0.979144
1341846332.621889 -0.868985 -0.028503 0.435027 0.081438 0.181778 0.031543 0.979454
1341846332.658202 -0.856943 -0.029758 0.454151 0.078023 0.182397 0.030819 0.979640
1341846332.690001 -0.853539 -0.026488 0.464076 0.076721 0.183352 0.032871 0.979497
1341846332.726000 -0.853668 -0.031150 0.477532 0.076062 0.182744 0.036301 0.979541
1341846332.758386 -0.844727 -0.031182 0.481248 0.076845 0.179622 0.037632 0.980008
1341846332.789937 -0.832814 -0.021730 0.485881 0.076229 0.179957 0.035946 0.980057
1341846332.825925 -0.827698 -0.024418 0.496500 0.073535 0.182456 0.035176 0.979829
1341846332.857898 -0.823990 -0.026216 0.504976 0.074162 0.183844 0.034616 0.979542
1341846332.894069 -0.823045 -0.013780 0.512627 0.074530 0.184130 0.033895 0.979486
1341846332.926029 -0.813043 -0.010866 0.518365 0.070633 0.184027 0.032534 0.979840
1341846332.958015 -0.805760 -0.010077 0.524982 0.067288 0.185939 0.030727 0.979773
1341846332.994073 -0.802453 -0.005756 0.533076 0.064667 0.187423 0.029750 0.979697
1341846333.026545 -0.795076 -0.007103 0.538381 0.061496 0.188213 0.028029 0.979800
1341846333.057998 -0.785477 -0.002504 0.540724 0.061776 0.189580 0.029379 0.979480
1341846333.094024 -0.782364 -0.002537 0.547995 0.062794 0.191241 0.032920 0.978979
1341846333.126095 -0.774669 0.001252 0.549925 0.063778 0.192352 0.034883 0.978630
1341846333.161973 -0.770613 0.008016 0.553512 0.063099 0.194987 0.036174 0.978105
1341846333.195660 -0.767572 0.006976 0.562618 0.060630 0.197149 0.038230 0.977750
1341846333.226331 -0.763027 0.008962 0.566428 0.059222 0.197520 0.037623 0.977785
1341846333.262056 -0.761150 0.014072 0.569727 0.056062 0.198022 0.036675 0.977906
1341846333.294147 -0.761039 0.011006 0.575225 0.052277 0.198308 0.036049 0.978081
1341846333.326100 -0.758777 0.012365 0.576239 0.050360 0.197044 0.034913 0.978478
1341846333.362100 -0.750863 0.022872 0.579788 0.048377 0.195714 0.033853 0.978882
1341846333.394119 -0.756627 0.012562 0.581883 0.043676 0.195551 0.034217 0.979123
1341846333.429974 -0.748561 0.016572 0.583790 0.043586 0.192876 0.034546 0.979646
1341846333.462115 -0.744461 0.010842 0.583810 0.042066 0.192784 0.033372 0.979771
1341846333.494040 -0.780607 -0.002468 0.548009 0.042261 0.193440 0.035291 0.979566
1341846333.529953 -0.830654 -0.027904 0.474026 0.039469 0.192824 0.035104 0.979811
1341846333.562063 -0.832710 -0.024910 0.476491 0.040932 0.195564 0.036314 0.979163
1341846333.594090 -0.840837 -0.018807 0.480090 0.040255 0.195825 0.036246 0.979142
1341846333.629994 -0.839057 -0.017387 0.480554 0.036676 0.193183 0.036280 0.979806
1341846333.662127 -0.836106 -0.016424 0.478302 0.033928 0.191704 0.036471 0.980188
1341846333.697964 -0.836135 -0.025409 0.477120 0.031212 0.191664 0.037824 0.980235
1341846333.730092 -0.837471 -0.029087 0.473321 0.033277 0.191776 0.038658 0.980112
1341846333.762089 -0.839614 -0.025346 0.469771 0.035655 0.192558 0.039570 0.979839
1341846333.798006 -0.842408 -0.029760 0.467158 0.036386 0.193266 0.039161 0.979689
1341846333.830055 -0.842541 -0.028354 0.461844 0.038809 0.194183 0.036876 0.979503
1341846333.866045 -0.847007 -0.027860 0.458925 0.039643 0.195843 0.035225 0.979200
1341846333.897987 -0.851989 -0.033522 0.455367 0.040466 0.196272 0.034007 0.979124
1341846333.930099 -0.852792 -0.036065 0.449119 0.042972 0.196730 0.032760 0.978968
1341846333.965889 -0.855161 -0.036206 0.443898 0.044877 0.197482 0.032481 0.978740
1341846333.997985 -0.859761 -0.040282 0.439086 0.047496 0.198837 0.031409 0.978377
1341846334.030076 -0.862477 -0.038354 0.434349 0.050656 0.199836 0.032645 0.977974
1341846334.066000 -0.868015 -0.041507 0.428427 0.051996 0.199612 0.033828 0.977909
1341846334.097932 -0.872266 -0.040759 0.421686 0.054161 0.199819 0.032491 0.977795
1341846334.133884 -0.879628 -0.040902 0.417003 0.055635 0.201406 0.032461 0.977388
1341846334.166115 -0.888602 -0.039437 0.412257 0.056326 0.200534 0.032646 0.977521
1341846334.198072 -0.889171 -0.040636 0.405211 0.056592 0.198465 0.032030 0.977948
1341846334.234097 -0.890197 -0.039646 0.397570 0.056710 0.198817 0.030889 0.977907
1341846334.266045 -0.899914 -0.044374 0.398992 0.056359 0.201282 0.031278 0.977410
1341846334.297946 -0.911578 -0.043584 0.390102 0.058080 0.200458 0.032134 0.977451
1341846334.334036 -0.911561 -0.041550 0.381784 0.058658 0.198280 0.032645 0.977844
1341846334.365871 -0.913599 -0.039307 0.374466 0.057999 0.198067 0.030983 0.977980
1341846334.401845 -0.918148 -0.040654 0.372219 0.056373 0.198981 0.030324 0.977910
1341846334.433864 -0.929467 -0.044675 0.368916 0.056567 0.198657 0.030793 0.977951
1341846334.466105 -0.931432 -0.040795 0.360223 0.057647 0.196851 0.031427 0.978233
1341846334.502142 -0.940278 -0.040683 0.354905 0.056354 0.196075 0.032362 0.978433
1341846334.540153 -0.944134 -0.039665 0.349585 0.056249 0.194912 0.030633 0.978727
1341846334.602351 -0.960831 -0.036249 0.330135 0.049843 0.191584 0.024296 0.979909
1341846334.670161 -0.966257 -0.037857 0.323829 0.044523 0.188871 0.018956 0.980809
1341846334.702085 -0.974196 -0.040117 0.325966 0.043516 0.186697 0.020405 0.981241
1341846334.734751 -0.976011 -0.040017 0.318341 0.044183 0.183695 0.022148 0.981740
1341846334.770889 -0.982382 -0.039510 0.310443 0.044670 0.182150 0.024800 0.981942
1341846334.802194 -0.992548 -0.035739 0.299117 0.044979 0.180147 0.025048 0.982291
1341846334.833908 -0.995631 -0.034657 0.288810 0.044381 0.178755 0.023318 0.982616
1341846334.869874 -1.000351 -0.034324 0.278167 0.042523 0.178119 0.023970 0.982798
1341846334.902006 -1.009007 -0.036153 0.272509 0.040945 0.176478 0.024790 0.983140
1341846334.938010 -1.010656 -0.035737 0.264224 0.040715 0.172753 0.024216 0.983825
1341846334.970032 -1.012931 -0.034373 0.263236 0.040990 0.172191 0.023735 0.983924
1341846335.002203 -1.014062 -0.036244 0.263971 0.043049 0.171434 0.025639 0.983921
1341846335.037880 -1.026778 -0.037205 0.243566 0.045244 0.168882 0.026710 0.984235
1341846335.069990 -1.027281 -0.035468 0.230572 0.045351 0.166251 0.027035 0.984669
1341846335.106038 -1.027723 -0.036579 0.232826 0.045526 0.167077 0.025168 0.984571
1341846335.138045 -1.037364 -0.038871 0.218172 0.046769 0.168261 0.024172 0.984336
1341846335.169900 -1.050142 -0.035078 0.202329 0.047211 0.166285 0.023832 0.984659
1341846335.206091 -1.047479 -0.034417 0.196205 0.046133 0.163917 0.022210 0.985145
1341846335.239365 -1.048454 -0.037914 0.194861 0.045620 0.164792 0.019696 0.985076
1341846335.269948 -1.056409 -0.039847 0.182211 0.046811 0.166260 0.018338 0.984799
1341846335.305972 -1.064884 -0.040093 0.171754 0.048906 0.164823 0.018880 0.984929
1341846335.338012 -1.063277 -0.040961 0.162800 0.050593 0.162753 0.020597 0.985154
1341846335.374005 -1.065431 -0.047260 0.151810 0.054604 0.164812 0.018861 0.984632
1341846335.406025 -1.067553 -0.046479 0.143042 0.061705 0.166634 0.021342 0.983855
1341846335.438079 -1.073099 -0.037893 0.133659 0.067960 0.167371 0.024411 0.983246
1341846335.473998 -1.074798 -0.035713 0.124560 0.069829 0.168832 0.024674 0.982859
1341846335.507038 -1.078658 -0.031586 0.114348 0.070458 0.171462 0.022264 0.982416
1341846335.538040 -1.084982 -0.024261 0.104748 0.070134 0.173619 0.020705 0.982094
1341846335.574119 -1.094564 -0.020799 0.097368 0.067909 0.173862 0.021289 0.982195
1341846335.605970 -1.093961 -0.027756 0.089899 0.065785 0.172689 0.021110 0.982550
1341846335.641978 -1.095480 -0.026131 0.078938 0.066651 0.173674 0.018518 0.982371
1341846335.673993 -1.105150 -0.020613 0.070610 0.066907 0.174851 0.018181 0.982151
1341846335.706178 -1.109622 -0.021086 0.061322 0.066539 0.173275 0.019194 0.982436
1341846335.741982 -1.109021 -0.023432 0.049487 0.066559 0.172557 0.018661 0.982571
1341846335.773960 -1.116925 -0.017900 0.041174 0.066925 0.173412 0.017803 0.982412
1341846335.806271 -1.121471 -0.013240 0.029823 0.065171 0.172650 0.018643 0.982648
1341846335.842031 -1.121182 -0.020133 0.023127 0.062575 0.173174 0.019135 0.982715
1341846335.873966 -1.127652 -0.018087 0.013515 0.063699 0.174881 0.018335 0.982356
1341846335.910005 -1.138718 -0.013168 0.005294 0.063831 0.175369 0.020042 0.982227
1341846335.941936 -1.143357 -0.013756 -0.004376 0.062865 0.173274 0.020913 0.982643
1341846335.974198 -1.145157 -0.015378 -0.014280 0.061978 0.172231 0.018879 0.982924
1341846336.010032 -1.153008 -0.012599 -0.021242 0.061864 0.172558 0.017528 0.982898
1341846336.042129 -1.162738 -0.011729 -0.030658 0.061135 0.171587 0.017881 0.983108
1341846336.078076 -1.164733 -0.014624 -0.036120 0.060843 0.169458 0.017130 0.983508
1341846336.110739 -1.167168 -0.013088 -0.044121 0.061111 0.169170 0.016087 0.983559
1341846336.142002 -1.177669 -0.011563 -0.048842 0.061353 0.169694 0.016837 0.983441
1341846336.183953 -1.189216 -0.011638 -0.063054 0.060829 0.167601 0.017693 0.983817
1341846336.241891 -1.186270 -0.009372 -0.075753 0.059018 0.165705 0.018153 0.984240
1341846336.277946 -1.195810 -0.012826 -0.069053 0.059809 0.166728 0.019723 0.983990
1341846336.309977 -1.204206 -0.013589 -0.079729 0.062900 0.164526 0.022055 0.984118
1341846336.346143 -1.168163 -0.003773 -0.105924 0.065637 0.156427 0.023489 0.985226
1341846336.377975 -1.167575 -0.003453 -0.108208 0.066327 0.156309 0.023088 0.985208
1341846336.410032 -1.098992 0.010529 -0.151491 0.069093 0.144070 0.024025 0.986860
1341846336.446041 -1.069082 0.019458 -0.178516 0.069343 0.137751 0.024658 0.987729
1341846336.477990 -1.026895 0.024341 -0.196574 0.069050 0.130510 0.026209 0.988692
1341846336.510056 -0.995071 0.028047 -0.208790 0.070094 0.125582 0.027384 0.989225
1341846336.546024 -0.957059 0.034329 -0.234386 0.072031 0.119020 0.030150 0.989816
1341846336.578003 -0.919560 0.041505 -0.260775 0.072040 0.111925 0.032200 0.990579
1341846336.614020 -0.882363 0.046442 -0.276064 0.071885 0.106586 0.031612 0.991198
1341846336.645982 -0.846751 0.047927 -0.299509 0.069975 0.101572 0.032316 0.991838
1341846336.678036 -0.858398 0.044012 -0.297987 0.068084 0.100523 0.032360 0.992075
1341846336.714024 -0.860378 0.031649 -0.299793 0.068501 0.098569 0.031802 0.992260
1341846336.746016 -0.868474 0.030914 -0.308088 0.072661 0.097097 0.032767 0.992078
1341846336.778014 -0.876389 0.043949 -0.307409 0.077076 0.093482 0.036516 0.991961
1341846336.820006 -0.872881 0.043804 -0.320734 0.077161 0.089195 0.038532 0.992273
1341846336.882056 -0.885143 0.044152 -0.322242 0.080131 0.087895 0.037229 0.992203
1341846336.914273 -0.889074 0.043092 -0.311699 0.083686 0.082897 0.039148 0.992266
1341846336.945998 -0.894349 0.040024 -0.323359 0.089878 0.077518 0.038621 0.992180
1341846336.981980 -0.885903 0.052420 -0.359185 0.092189 0.072122 0.037627 0.992413
1341846337.014238 -0.886021 0.047362 -0.371794 0.087712 0.069512 0.034837 0.993107
1341846337.046017 -0.891451 0.033226 -0.371208 0.083255 0.069287 0.030097 0.993661
1341846337.082104 -0.889242 0.049993 -0.373271 0.084664 0.068090 0.028823 0.993662
1341846337.114317 -0.894495 0.050243 -0.368561 0.083053 0.065999 0.028405 0.993951
1341846337.150037 -0.894874 0.043564 -0.376738 0.080288 0.064403 0.026753 0.994329
1341846337.181873 -0.893065 0.040086 -0.381708 0.079004 0.064774 0.023498 0.994490
1341846337.214073 -0.892462 0.049000 -0.395491 0.076994 0.065902 0.021995 0.994608
1341846337.250087 -0.898932 0.042475 -0.366592 0.074923 0.063929 0.023334 0.994864
1341846337.282028 -0.897972 0.043855 -0.378292 0.076662 0.059872 0.026018 0.994918
1341846337.317920 -0.896776 0.045089 -0.385728 0.075967 0.058703 0.027880 0.994990
1341846337.350018 -0.894923 0.047772 -0.420388 0.074055 0.059513 0.026605 0.995121
1341846337.382159 -0.889509 0.042678 -0.416164 0.070930 0.059316 0.025048 0.995401
1341846337.417941 -0.896062 0.035831 -0.419821 0.071542 0.060325 0.025552 0.995284
1341846337.450137 -0.900189 0.042589 -0.428886 0.072482 0.058655 0.026166 0.995300
1341846337.482096 -0.896202 0.040187 -0.424387 0.070792 0.057982 0.027335 0.995429
1341846337.518008 -0.898876 0.035117 -0.425382 0.071640 0.057771 0.026891 0.995393
1341846337.549978 -0.898913 0.045431 -0.434023 0.072110 0.057049 0.025421 0.995439
1341846337.585971 -0.898241 0.040705 -0.431362 0.069097 0.056593 0.025075 0.995688
1341846337.617903 -0.895461 0.033855 -0.410731 0.071027 0.055541 0.025030 0.995612
1341846337.650141 -0.896311 0.040155 -0.431248 0.072830 0.055724 0.024400 0.995487
1341846337.686352 -0.895452 0.045896 -0.431382 0.071341 0.055918 0.024840 0.995573
1341846337.718002 -0.890865 0.040520 -0.428143 0.069184 0.056101 0.025131 0.995708
1341846337.749920 -0.884956 0.046906 -0.417116 0.069418 0.057672 0.024540 0.995617
1341846337.786157 -0.888141 0.051905 -0.419424 0.066496 0.060854 0.024945 0.995617
1341846337.817945 -0.886400 0.046243 -0.398983 0.063993 0.062918 0.027051 0.995598
1341846337.854071 -0.883015 0.050475 -0.397745 0.062854 0.065972 0.026245 0.995494
1341846337.885951 -0.882740 0.054450 -0.408302 0.059538 0.068326 0.024485 0.995584
1341846337.918223 -0.878304 0.055083 -0.399130 0.055104 0.069417 0.022555 0.995809
1341846337.954120 -0.878316 0.050638 -0.395546 0.052530 0.070930 0.022770 0.995837
1341846337.985994 -0.871942 0.056238 -0.386127 0.050014 0.071351 0.023808 0.995912
1341846338.018107 -0.869117 0.053898 -0.382215 0.046757 0.072893 0.024950 0.995931
1341846338.054055 -0.863041 0.059248 -0.372301 0.044729 0.074034 0.024430 0.995953
1341846338.085986 -0.860403 0.057109 -0.360342 0.041035 0.077330 0.024892 0.995850
1341846338.121875 -0.861666 0.055491 -0.353363 0.039748 0.079627 0.026884 0.995669
1341846338.154089 -0.864671 0.054995 -0.346485 0.039203 0.080420 0.029742 0.995546
1341846338.186029 -0.858071 0.057421 -0.340064 0.038521 0.079495 0.032583 0.995558
1341846338.222071 -0.849248 0.057922 -0.331661 0.036789 0.080516 0.032135 0.995556
1341846338.254107 -0.849776 0.056513 -0.321938 0.035240 0.082598 0.032718 0.995422
1341846338.290130 -0.845369 0.056342 -0.312060 0.036254 0.082256 0.034575 0.995351
1341846338.321952 -0.843383 0.058336 -0.305950 0.036245 0.083261 0.036409 0.995203
1341846338.354022 -0.837674 0.056768 -0.293677 0.035565 0.083573 0.036449 0.995200
1341846338.389969 -0.835683 0.061988 -0.287709 0.035474 0.084554 0.036905 0.995103
1341846338.422377 -0.835905 0.056571 -0.277612 0.032896 0.085353 0.036562 0.995136
1341846338.454010 -0.830600 0.060911 -0.269403 0.032352 0.084502 0.035787 0.995255
1341846338.489894 -0.824805 0.060918 -0.256383 0.031018 0.083734 0.037000 0.995318
1341846338.522066 -0.819298 0.055900 -0.245515 0.031290 0.083926 0.036526 0.995311
1341846338.558058 -0.819385 0.063330 -0.238761 0.030963 0.084178 0.035458 0.995338
1341846338.589842 -0.812343 0.060821 -0.227716 0.028592 0.083549 0.035669 0.995455
1341846338.622019 -0.804304 0.057036 -0.216320 0.029417 0.084171 0.037253 0.995320
1341846338.657984 -0.809420 0.062156 -0.212065 0.029984 0.084653 0.038447 0.995217
1341846338.690198 -0.799176 0.063604 -0.201318 0.027776 0.083154 0.038489 0.995406
1341846338.722454 -0.792576 0.059176 -0.188905 0.027234 0.084184 0.038945 0.995316
1341846338.757945 -0.800191 0.064376 -0.186479 0.027855 0.085129 0.040016 0.995176
1341846338.790039 -0.793496 0.063712 -0.175108 0.025695 0.082675 0.040942 0.995404
1341846338.826048 -0.779210 0.060559 -0.158430 0.025682 0.082688 0.039506 0.995461
1341846338.858027 -0.784329 0.066001 -0.159385 0.025844 0.084905 0.038308 0.995317
1341846338.889902 -0.781517 0.066777 -0.146876 0.023211 0.083988 0.038235 0.995462
1341846338.925948 -0.767985 0.064202 -0.129325 0.022383 0.083870 0.036676 0.995550
1341846338.958108 -0.767880 0.064684 -0.124174 0.022571 0.086086 0.035588 0.995396
1341846338.990057 -0.765047 0.061730 -0.113144 0.022866 0.086302 0.036780 0.995327
1341846339.025928 -0.752591 0.056841 -0.096803 0.024471 0.086564 0.037257 0.995249
1341846339.057939 -0.753428 0.063290 -0.093590 0.027569 0.089215 0.036706 0.994954
1341846339.093927 -0.757331 0.072305 -0.089031 0.027501 0.089306 0.038397 0.994884
1341846339.126562 -0.745223 0.074277 -0.072585 0.024096 0.087611 0.037345 0.995163
1341846339.157969 -0.733448 0.072905 -0.057237 0.021242 0.089523 0.035428 0.995128
1341846339.194113 -0.741157 0.076986 -0.055907 0.020032 0.091520 0.036753 0.994923
1341846339.228165 -0.735451 0.083341 -0.047266 0.017649 0.088929 0.040272 0.995067
1341846339.257998 -0.725047 0.074890 -0.034478 0.013445 0.089311 0.039265 0.995139
1341846339.294132 -0.726038 0.075454 -0.034776 0.013197 0.092037 0.040212 0.994856
1341846339.326577 -0.725613 0.080395 -0.027640 0.009326 0.089676 0.045634 0.994881
1341846339.362269 -0.718447 0.079889 -0.015686 0.005484 0.087993 0.042167 0.995213
1341846339.394725 -0.709136 0.078968 -0.009790 0.004367 0.088932 0.041417 0.995167
1341846339.462186 -0.702890 0.080859 0.014275 0.001438 0.088795 0.041894 0.995167
1341846339.496743 -0.682783 0.080996 0.026574 0.004078 0.090210 0.040168 0.995104
1341846339.562052 -0.692348 0.073809 0.029440 0.004348 0.095576 0.041387 0.994552
1341846339.595122 -0.678500 0.080305 0.046714 0.007524 0.095291 0.040758 0.994586
1341846339.632085 -0.679332 0.075480 0.047732 0.007338 0.099843 0.037384 0.994274
1341846339.664568 -0.671886 0.080117 0.056584 0.008267 0.101955 0.036017 0.994102
1341846339.698896 -0.673454 0.077280 0.061427 0.007760 0.103650 0.034764 0.993976
1341846339.731977 -0.669589 0.074287 0.069290 0.007324 0.104045 0.032560 0.994013
1341846339.762241 -0.659033 0.076861 0.089488 0.008431 0.104625 0.033077 0.993926
1341846339.797873 -0.658767 0.075536 0.090547 0.008491 0.105468 0.034559 0.993786
1341846339.830245 -0.654168 0.074316 0.100065 0.008250 0.104860 0.035052 0.993835
1341846339.862015 -0.648816 0.073760 0.107032 0.007555 0.104838 0.034747 0.993853
1341846339.897797 -0.641232 0.073711 0.116603 0.006564 0.105591 0.034438 0.993791
1341846339.929916 -0.641114 0.069212 0.122190 0.006231 0.106918 0.036047 0.993595
1341846339.961960 -0.636416 0.066727 0.129282 0.007301 0.106102 0.036845 0.993646
1341846339.997845 -0.626064 0.069479 0.135076 0.008948 0.106796 0.036492 0.993571
1341846340.029925 -0.623637 0.065934 0.140593 0.009550 0.109094 0.038000 0.993259
1341846340.066044 -0.621735 0.064290 0.145571 0.011472 0.110541 0.038858 0.993045
1341846340.098009 -0.623365 0.066848 0.148831 0.012798 0.111542 0.039382 0.992897
1341846340.130102 -0.615084 0.067048 0.156315 0.011989 0.110843 0.038220 0.993030
1341846340.166041 -0.605449 0.063743 0.162723 0.012414 0.112537 0.036666 0.992893
1341846340.197867 -0.609915 0.065677 0.167269 0.013742 0.115703 0.036262 0.992527
1341846340.229904 -0.608442 0.068265 0.173149 0.012750 0.115680 0.036014 0.992552
1341846340.265859 -0.595209 0.063844 0.183394 0.011824 0.115697 0.036204 0.992554
1341846340.298061 -0.596864 0.064951 0.187184 0.014077 0.118456 0.036194 0.992200
1341846340.334063 -0.602344 0.068130 0.189886 0.013304 0.118381 0.037313 0.992178
1341846340.366064 -0.590486 0.063223 0.199067 0.011400 0.115600 0.037474 0.992523
1341846340.397995 -0.585787 0.062697 0.199449 0.013140 0.115778 0.036899 0.992502
1341846340.433895 -0.586832 0.063596 0.203468 0.013924 0.115912 0.037771 0.992443
1341846340.465959 -0.587617 0.062221 0.205541 0.014712 0.113810 0.039154 0.992622
1341846340.501858 -0.581942 0.063354 0.206755 0.015592 0.110267 0.038876 0.993019
1341846340.534329 -0.576717 0.064526 0.206635 0.016134 0.108621 0.038779 0.993196
1341846340.566041 -0.569673 0.062389 0.207126 0.017565 0.107034 0.039589 0.993312
1341846340.601909 -0.567123 0.061722 0.201848 0.019865 0.106455 0.039836 0.993321
1341846340.634005 -0.566540 0.064524 0.196631 0.020542 0.106165 0.038071 0.993407
1341846340.666028 -0.558797 0.063282 0.195995 0.020131 0.105670 0.036315 0.993534
1341846340.701946 -0.555627 0.061012 0.192447 0.021445 0.106970 0.034086 0.993446
1341846340.733954 -0.556376 0.065310 0.189809 0.022594 0.109013 0.031686 0.993278
1341846340.770081 -0.556588 0.065293 0.189329 0.021464 0.109648 0.029079 0.993313
1341846340.801980 -0.551061 0.064293 0.187331 0.020888 0.110142 0.023892 0.993409
1341846340.833999 -0.553296 0.067429 0.184514 0.020463 0.112717 0.019995 0.993215
1341846340.870013 -0.555533 0.066681 0.185627 0.019029 0.112884 0.018568 0.993252
1341846340.901955 -0.552132 0.063674 0.183389 0.019840 0.112150 0.019181 0.993308
1341846340.933918 -0.554589 0.064909 0.180713 0.022259 0.111859 0.021192 0.993249
1341846340.970122 -0.558678 0.065934 0.177291 0.024061 0.109445 0.025095 0.993385
1341846341.001922 -0.560008 0.062227 0.172570 0.025625 0.105242 0.031159 0.993628
1341846341.037923 -0.557675 0.064321 0.169689 0.027365 0.102449 0.033131 0.993810
1341846341.070300 -0.557236 0.063390 0.168138 0.027610 0.101727 0.033203 0.993875
1341846341.102028 -0.560915 0.063797 0.166124 0.027710 0.100667 0.033110 0.993983
1341846341.137982 -0.558937 0.062929 0.163382 0.027683 0.098452 0.033483 0.994193
1341846341.170048 -0.557074 0.062195 0.162480 0.028289 0.097902 0.034694 0.994189
1341846341.202110 -0.556835 0.061257 0.161207 0.029966 0.097522 0.036268 0.994121
1341846341.237996 -0.555927 0.061747 0.157429 0.031701 0.097566 0.036650 0.994049
1341846341.269883 -0.559238 0.061424 0.155940 0.032742 0.098427 0.036832 0.993923
1341846341.306107 -0.559222 0.061617 0.154270 0.033309 0.097778 0.035757 0.994008
1341846341.338109 -0.557976 0.060634 0.152132 0.033459 0.098209 0.033444 0.994041
1341846341.370120 -0.558082 0.061432 0.151335 0.033986 0.099530 0.030853 0.993975
1341846341.406074 -0.563946 0.061474 0.149821 0.034168 0.100290 0.030397 0.993907
1341846341.438113 -0.562115 0.057551 0.154528 0.035283 0.098499 0.030986 0.994029
1341846341.470024 -0.561082 0.058490 0.147262 0.037535 0.098073 0.028631 0.994059
1341846341.506077 -0.568788 0.063306 0.145067 0.037615 0.099682 0.027062 0.993940
1341846341.538156 -0.569491 0.061951 0.149169 0.037227 0.097846 0.028146 0.994107
1341846341.574016 -0.568111 0.061622 0.147060 0.038188 0.095567 0.029079 0.994265
1341846341.612466 -0.571068 0.063117 0.144391 0.038666 0.095164 0.029303 0.994279
1341846341.643972 -0.573938 0.064135 0.141871 0.037723 0.094000 0.028003 0.994463
1341846341.679982 -0.575087 0.062721 0.140513 0.037667 0.092591 0.029143 0.994565
1341846341.712332 -0.578721 0.064156 0.138463 0.038934 0.090451 0.031934 0.994627
1341846341.744185 -0.575316 0.062762 0.140240 0.039300 0.088284 0.033581 0.994753
1341846341.780061 -0.577983 0.064212 0.137793 0.039957 0.087963 0.034866 0.994711
1341846341.842595 -0.571593 0.061679 0.140284 0.043119 0.086434 0.040332 0.994507
1341846341.906227 -0.567602 0.057314 0.135073 0.046683 0.085336 0.045421 0.994221
1341846341.942069 -0.572327 0.046469 0.126048 0.048492 0.085794 0.046181 0.994060
1341846341.974775 -0.574037 0.051122 0.115437 0.052632 0.085381 0.047289 0.993833
1341846342.010161 -0.575593 0.054280 0.123669 0.053962 0.084572 0.048989 0.993748
1341846342.042024 -0.569141 0.044247 0.122645 0.054296 0.083410 0.048936 0.993831
1341846342.080032 -0.566252 0.051325 0.109609 0.057193 0.084649 0.048902 0.993565
1341846342.112265 -0.571678 0.046333 0.105881 0.057358 0.085773 0.051331 0.993337
1341846342.147954 -0.568318 0.040143 0.101919 0.059448 0.083998 0.053435 0.993255
1341846342.179852 -0.566222 0.045050 0.104007 0.062786 0.084435 0.053710 0.992997
1341846342.211848 -0.568717 0.044483 0.104363 0.063102 0.085445 0.053310 0.992913
1341846342.247920 -0.566552 0.042507 0.103883 0.064050 0.085399 0.052111 0.992919
1341846342.279870 -0.568281 0.042482 0.101477 0.065662 0.086172 0.052538 0.992725
1341846342.316068 -0.568173 0.043549 0.099800 0.067159 0.086238 0.052961 0.992596
1341846342.347894 -0.567236 0.045895 0.097411 0.067695 0.086069 0.052849 0.992581
1341846342.379953 -0.565312 0.044860 0.098023 0.067741 0.086533 0.053206 0.992518
1341846342.416195 -0.568887 0.044423 0.096801 0.068374 0.087112 0.054412 0.992359
