# timestamp tx ty tz qx qy qz qw
1305031790.645155 0.000000 0.000000 0.000000 0.000000 0.000000 0.000000 1.000000
1305031790.681208 0.004770 0.007111 0.001389 -0.010345 0.000108 0.003418 0.999941
1305031790.713097 0.009048 0.010449 0.002888 -0.022225 0.000195 0.006284 0.999733
1305031790.745223 0.017681 0.015400 0.005041 -0.031390 -0.000836 0.011571 0.999440
1305031790.781258 0.027661 0.023186 0.006791 -0.040030 -0.001791 0.019425 0.999008
1305031790.813207 0.033358 0.030581 0.007295 -0.052154 -0.000799 0.027358 0.998264
1305031790.845151 0.041733 0.035745 0.010004 -0.064916 -0.001045 0.034746 0.997285
1305031790.882094 0.051673 0.039325 0.012086 -0.076160 0.000432 0.042258 0.996200
1305031790.913129 0.059809 0.040049 0.011864 -0.084647 0.004273 0.049369 0.995178
1305031790.945171 0.064335 0.041924 0.012176 -0.091029 0.009879 0.056780 0.994179
1305031790.981159 0.063793 0.041119 0.013350 -0.094497 0.016402 0.065926 0.993204
1305031791.013075 0.063534 0.038061 0.008140 -0.093281 0.023304 0.080316 0.992121
1305031791.045137 0.069906 0.027853 -0.004661 -0.085415 0.032868 0.087741 0.991930
1305031791.081293 0.066775 0.017734 -0.023858 -0.077712 0.048166 0.097718 0.991006
1305031791.113136 0.071620 -0.008853 -0.032267 -0.069649 0.062098 0.101141 0.990486
1305031791.145096 0.086189 -0.043914 -0.071924 -0.055281 0.079933 0.097798 0.990450
1305031791.181287 0.084896 -0.073645 -0.088014 -0.045945 0.101056 0.098665 0.988909
1305031791.213098 0.098593 -0.103027 -0.111697 -0.027238 0.115569 0.095422 0.988330
1305031791.245087 0.104180 -0.128971 -0.161100 -0.007434 0.134131 0.086701 0.987136
1305031791.281340 0.103243 -0.139202 -0.169635 0.014517 0.154368 0.090002 0.983799
1305031791.313088 0.089758 -0.149748 -0.179207 0.044625 0.178234 0.089374 0.978904
1305031791.345123 0.090204 -0.160600 -0.197667 0.069522 0.196274 0.090179 0.973915
1305031791.382161 0.081248 -0.165198 -0.191740 0.093466 0.214954 0.098412 0.967147
1305031791.413087 0.076065 -0.176491 -0.202603 0.119304 0.226831 0.106227 0.960745
1305031791.445165 0.071866 -0.175126 -0.209458 0.146445 0.237110 0.112299 0.953793
1305031791.481375 0.058061 -0.173720 -0.206894 0.169009 0.248148 0.118845 0.946432
1305031791.513084 0.042127 -0.181304 -0.209780 0.190175 0.256287 0.122059 0.939815
1305031791.545065 0.036478 -0.183049 -0.215460 0.210894 0.262406 0.122085 0.933682
1305031791.581127 0.031578 -0.189316 -0.223026 0.226666 0.269179 0.124423 0.927731
1305031791.613194 0.020123 -0.207181 -0.231883 0.240112 0.276470 0.123653 0.922291
1305031791.645074 0.011862 -0.219164 -0.241988 0.257823 0.282646 0.118817 0.916254
1305031791.681062 0.000970 -0.218084 -0.244317 0.280875 0.291163 0.115464 0.907194
1305031791.713242 0.003898 -0.235458 -0.261872 0.296314 0.297155 0.114907 0.900385
1305031791.745148 -0.006366 -0.244036 -0.278556 0.312894 0.306251 0.113568 0.891858
1305031791.781286 -0.006153 -0.258175 -0.294541 0.327617 0.314131 0.109745 0.884276
1305031791.813247 -0.005864 -0.257121 -0.295919 0.347653 0.323672 0.104000 0.873818
1305031791.845123 0.006993 -0.264800 -0.302662 0.367186 0.331404 0.099244 0.863421
1305031791.881072 -0.007677 -0.246759 -0.266576 0.390041 0.347258 0.093377 0.847680
1305031791.913193 -0.010490 -0.261171 -0.288181 0.400898 0.350667 0.094146 0.841101
1305031791.948998 -0.001555 -0.248844 -0.269314 0.423469 0.354079 0.089111 0.829073
1305031791.981259 -0.033842 -0.266383 -0.293107 0.430591 0.363241 0.088606 0.821460
1305031792.013213 -0.024278 -0.268505 -0.302182 0.444724 0.364995 0.084030 0.813596
1305031792.050221 -0.054318 -0.278797 -0.308078 0.454614 0.373948 0.079713 0.804447
1305031792.081058 -0.007844 -0.248351 -0.251165 0.477856 0.371253 0.071282 0.792934
1305031792.113127 -0.027699 -0.257641 -0.266792 0.482103 0.375993 0.071544 0.788091
1305031792.149109 -0.023104 -0.257558 -0.265135 0.490085 0.376439 0.068631 0.783199
1305031792.181099 -0.013539 -0.251677 -0.254983 0.497509 0.378462 0.061057 0.778154
1305031792.213166 -0.016471 -0.249655 -0.259715 0.502475 0.381465 0.056523 0.773827
1305031792.249088 -0.016466 -0.258187 -0.280532 0.503069 0.380756 0.055178 0.773887
1305031792.281069 -0.018856 -0.254801 -0.281655 0.503796 0.381355 0.053529 0.773235
1305031792.313073 -0.026166 -0.254288 -0.284754 0.503358 0.380874 0.054337 0.773701
1305031792.349198 -0.014680 -0.239629 -0.265650 0.502993 0.378293 0.054361 0.775202
1305031792.381062 -0.013733 -0.228235 -0.246495 0.498894 0.380030 0.058168 0.776723
1305031792.413074 -0.017168 -0.231737 -0.248294 0.489632 0.379545 0.067470 0.782083
1305031792.449168 -0.012051 -0.219276 -0.233033 0.483068 0.378075 0.073378 0.786333
1305031792.481098 -0.003340 -0.217792 -0.238906 0.472832 0.375138 0.079864 0.793298
1305031792.513052 -0.000392 -0.212409 -0.224687 0.461317 0.373408 0.090407 0.799737
1305031792.549157 0.006767 -0.208099 -0.222373 0.446290 0.371730 0.098682 0.808025
1305031792.581136 0.017652 -0.197159 -0.214094 0.432038 0.371093 0.105632 0.815153
1305031792.613102 0.012839 -0.197310 -0.194681 0.418120 0.375248 0.114394 0.819316
1305031792.649254 0.019537 -0.188700 -0.179851 0.404643 0.377443 0.121215 0.824080
1305031792.681063 0.024125 -0.194647 -0.207963 0.382668 0.377466 0.128360 0.833432
1305031792.713116 0.024278 -0.187621 -0.191053 0.368267 0.379222 0.137237 0.837697
1305031792.749097 0.026267 -0.147352 -0.150458 0.362933 0.379392 0.142839 0.839010
1305031792.781106 0.030661 -0.143636 -0.144943 0.347326 0.379074 0.149158 0.844642
1305031792.813144 0.035567 -0.082704 -0.103012 0.345920 0.377999 0.157055 0.844269
1305031792.849022 0.039039 -0.078712 -0.093358 0.331699 0.379476 0.163466 0.848088
1305031792.881064 0.030753 -0.089075 -0.094869 0.313954 0.383016 0.172971 0.851359
1305031792.913316 0.061108 -0.054136 -0.073964 0.307047 0.377465 0.180050 0.854883
1305031792.949047 0.068581 -0.045964 -0.066143 0.294958 0.373880 0.191229 0.858281
1305031792.981139 0.075039 -0.038750 -0.057015 0.282288 0.369457 0.204511 0.861388
1305031793.013059 0.080618 -0.025637 -0.042841 0.270787 0.365768 0.216459 0.863732
1305031793.049115 0.085118 -0.017248 -0.032957 0.261317 0.364321 0.226196 0.864765
1305031793.081172 0.084479 -0.014365 -0.021693 0.251183 0.366504 0.235894 0.864255
1305031793.113126 0.089896 -0.003216 -0.014784 0.242397 0.369519 0.244847 0.862988
1305031793.149098 0.096881 0.006386 -0.010734 0.234034 0.372796 0.252568 0.861661
1305031793.181113 0.102255 0.005204 -0.004831 0.223414 0.377813 0.260145 0.860039
1305031793.213203 0.106462 0.007783 -0.002037 0.212856 0.382627 0.268287 0.858086
1305031793.249128 0.111864 0.014502 0.000914 0.202747 0.386769 0.275707 0.856323
1305031793.281300 0.116611 0.017519 0.004588 0.192125 0.391071 0.282604 0.854568
1305031793.313159 0.122639 0.021344 0.009628 0.182097 0.394336 0.291426 0.852297
1305031793.349110 0.128489 0.026351 0.009624 0.172677 0.395472 0.300555 0.850559
1305031793.381139 0.132712 0.026359 0.015990 0.162537 0.396954 0.309465 0.848670
1305031793.413790 0.135697 0.036347 0.024352 0.154985 0.398051 0.317710 0.846520
1305031793.449092 0.139485 0.042785 0.030297 0.146330 0.400015 0.326160 0.843917
1305031793.481359 0.142523 0.049384 0.036487 0.137222 0.401788 0.336351 0.840598
1305031793.513246 0.147914 0.056554 0.042604 0.129094 0.402518 0.346450 0.837428
1305031793.549071 0.153803 0.049430 0.046774 0.117324 0.403298 0.356725 0.834466
1305031793.581157 0.155095 0.061017 0.057740 0.110523 0.403761 0.368779 0.829918
1305031793.613153 0.161900 0.062254 0.058037 0.100632 0.402048 0.382738 0.825677
1305031793.649429 0.167820 0.057888 0.066032 0.089743 0.401052 0.394961 0.821650
1305031793.681107 0.169901 0.066760 0.076455 0.082003 0.399916 0.406192 0.817527
1305031793.713169 0.172068 0.068910 0.083087 0.072983 0.398083 0.418748 0.812929
1305031793.749040 0.175309 0.066231 0.088649 0.062972 0.395795 0.431068 0.808431
1305031793.781106 0.173831 0.065871 0.096232 0.054343 0.393077 0.443839 0.803458
1305031793.813185 0.182459 0.074798 0.108849 0.045076 0.391856 0.452085 0.800023
1305031793.849143 0.185622 0.078997 0.118082 0.038832 0.391078 0.461147 0.795547
1305031793.881130 0.199800 0.086152 0.117527 0.032664 0.387048 0.472010 0.791412
1305031793.913043 0.194105 0.079086 0.123563 0.026010 0.389351 0.480907 0.785148
1305031793.949037 0.189926 0.082442 0.129190 0.022222 0.388589 0.487533 0.781547
1305031793.981122 0.170643 0.089505 0.150894 0.022010 0.394301 0.489539 0.777428
1305031794.013091 0.178442 0.091785 0.150609 0.018685 0.393391 0.496812 0.773351
1305031794.049085 0.183478 0.089061 0.150984 0.015683 0.394304 0.502220 0.769450
1305031794.081104 0.186964 0.086582 0.150274 0.014567 0.394449 0.507339 0.766032
1305031794.113117 0.193043 0.084537 0.146623 0.014161 0.393612 0.511945 0.763401
1305031794.149250 0.204500 0.088044 0.140251 0.016095 0.392228 0.514817 0.762143
1305031794.181114 0.210551 0.086592 0.134564 0.018963 0.394715 0.515532 0.760308
1305031794.213850 0.219520 0.084170 0.125184 0.022433 0.397671 0.514868 0.759121
1305031794.249049 0.227176 0.077492 0.115263 0.028017 0.403350 0.512647 0.757441
1305031794.281224 0.231123 0.074830 0.106763 0.036525 0.410398 0.508026 0.756405
1305031794.313689 0.231724 0.068928 0.099891 0.044699 0.418563 0.502145 0.755419
1305031794.349120 0.252051 0.005125 0.084343 0.041316 0.427022 0.502182 0.750839
1305031794.381128 0.256197 -0.004698 0.073336 0.052019 0.435328 0.493774 0.750980
1305031794.414141 0.246870 -0.005509 0.079926 0.063629 0.445820 0.483808 0.750417
1305031794.448978 0.239180 -0.004822 0.080008 0.074658 0.453628 0.474534 0.750643
1305031794.481048 0.250985 -0.024927 0.052175 0.082637 0.456628 0.471056 0.750178
1305031794.513623 0.249099 -0.030963 0.040579 0.095689 0.462433 0.465530 0.748519
1305031794.549055 0.243558 -0.024544 0.038215 0.109261 0.469147 0.458831 0.746617
1305031794.581098 0.248745 -0.032562 0.022308 0.118783 0.477136 0.453800 0.743167
1305031794.613605 0.245856 -0.036268 0.012661 0.130118 0.488829 0.446598 0.738015
1305031794.649050 0.246787 -0.035820 -0.007130 0.140515 0.500238 0.439323 0.732811
1305031794.681066 0.240809 -0.039350 -0.015565 0.149797 0.516600 0.429567 0.725367
1305031794.713569 0.242842 -0.043487 -0.038420 0.157284 0.531219 0.422436 0.717367
1305031794.749055 0.234745 -0.044100 -0.042754 0.170221 0.553773 0.411843 0.703382
1305031794.781053 0.217510 -0.055357 -0.053888 0.180496 0.577188 0.399404 0.689023
1305031794.813436 0.205861 -0.064442 -0.057783 0.191077 0.601326 0.385263 0.673401
1305031794.849048 0.207294 -0.067215 -0.073423 0.201573 0.619925 0.373546 0.659944
1305031794.881088 0.197718 -0.085883 -0.073452 0.212817 0.642084 0.360985 0.641971
1305031794.913315 0.188203 -0.096988 -0.077783 0.223303 0.660303 0.347040 0.627455
1305031794.948993 0.182574 -0.099775 -0.094672 0.231668 0.674169 0.333647 0.616852
1305031794.981050 0.182568 -0.118106 -0.124551 0.236555 0.683747 0.328678 0.607044
1305031795.013529 0.177044 -0.127011 -0.138532 0.242798 0.692921 0.322316 0.597513
1305031795.049021 0.169354 -0.123550 -0.137741 0.249147 0.701648 0.315329 0.588374
1305031795.081170 0.163150 -0.127061 -0.148151 0.252779 0.707893 0.312763 0.580662
1305031795.113213 0.157892 -0.134641 -0.164732 0.261487 0.716644 0.304904 0.570158
1305031795.149077 0.148141 -0.147494 -0.185549 0.271359 0.725071 0.296945 0.558981
1305031795.181142 0.138376 -0.150818 -0.192541 0.279926 0.734424 0.288361 0.546910
1305031795.213481 0.134074 -0.156604 -0.200685 0.290123 0.741571 0.282911 0.534661
1305031795.249044 0.130109 -0.160443 -0.211619 0.298862 0.746937 0.276950 0.525419
1305031795.281099 0.121479 -0.164212 -0.222341 0.305539 0.752195 0.271099 0.517063
1305031795.312920 0.115352 -0.171638 -0.234374 0.311362 0.758450 0.265541 0.507243
1305031795.349100 0.106395 -0.171166 -0.248058 0.314567 0.765388 0.258076 0.498623
1305031795.381002 0.090897 -0.174623 -0.263081 0.315752 0.773816 0.251989 0.487863
1305031795.413224 0.087368 -0.165924 -0.265735 0.318628 0.783814 0.245869 0.472927
1305031795.449070 0.079409 -0.157109 -0.274682 0.322382 0.790385 0.243872 0.460313
1305031795.481096 0.074173 -0.155608 -0.283168 0.323492 0.797208 0.241899 0.448661
1305031795.513242 0.071912 -0.149381 -0.287839 0.325094 0.804239 0.238045 0.436862
1305031795.549114 0.072303 -0.156476 -0.288708 0.324953 0.810981 0.236468 0.425204
1305031795.581136 0.073769 -0.154711 -0.297189 0.322937 0.816985 0.232638 0.417284
1305031795.613267 0.069979 -0.150878 -0.300660 0.321544 0.823041 0.228271 0.408785
1305031795.649064 0.071713 -0.153618 -0.312533 0.319951 0.829605 0.223490 0.399298
1305031795.681015 0.069599 -0.155115 -0.316011 0.320726 0.834499 0.220354 0.390116
1305031795.713123 0.070943 -0.144150 -0.310391 0.322428 0.837165 0.220617 0.382783
1305031795.749082 0.097573 -0.211295 -0.266751 0.309374 0.846296 0.231016 0.367019
1305031795.781166 0.105782 -0.209165 -0.264573 0.302394 0.849577 0.238626 0.360327
1305031795.813074 0.108727 -0.206594 -0.265127 0.298276 0.850824 0.248962 0.353762
1305031795.849070 0.108109 -0.203643 -0.265657 0.294445 0.848301 0.265073 0.351317
1305031795.881078 0.117220 -0.205562 -0.266002 0.287692 0.846319 0.280473 0.349730
1305031795.913138 0.121598 -0.206699 -0.275168 0.283599 0.842229 0.296596 0.349647
1305031795.949065 0.141749 -0.189010 -0.257326 0.278709 0.840318 0.308683 0.347710
1305031795.981148 0.153823 -0.181733 -0.255892 0.269792 0.837131 0.325487 0.347104
1305031796.013148 0.167027 -0.177578 -0.247020 0.262904 0.834613 0.341100 0.343444
1305031796.049088 0.177092 -0.188102 -0.259158 0.256107 0.828443 0.363110 0.340943
1305031796.081227 0.185834 -0.181868 -0.257098 0.249244 0.822392 0.381410 0.340699
1305031796.113719 0.196273 -0.177970 -0.261076 0.241830 0.815217 0.400886 0.340925
1305031796.149087 0.206505 -0.173237 -0.259324 0.235470 0.809265 0.417971 0.339035
1305031796.181009 0.215467 -0.165330 -0.255406 0.230422 0.803609 0.434074 0.335706
1305031796.213056 0.222569 -0.153067 -0.249192 0.223947 0.798296 0.449434 0.332538
1305031796.249114 0.221621 -0.153317 -0.257769 0.216391 0.792955 0.465341 0.328413
1305031796.281099 0.221186 -0.146174 -0.248616 0.212704 0.789470 0.477507 0.321686
1305031796.313206 0.221256 -0.135967 -0.235603 0.209534 0.784404 0.490443 0.316655
1305031796.349054 0.226331 -0.134609 -0.234957 0.203276 0.777282 0.506688 0.312697
1305031796.381169 0.226779 -0.126025 -0.226760 0.200382 0.771670 0.518768 0.308631
1305031796.413114 0.227369 -0.118574 -0.213563 0.196278 0.765421 0.531724 0.304754
1305031796.449049 0.229581 -0.116652 -0.210702 0.190879 0.757000 0.547017 0.302140
1305031796.481178 0.230101 -0.114921 -0.211962 0.185719 0.749874 0.559540 0.300187
1305031796.513165 0.231632 -0.110491 -0.201331 0.179079 0.745071 0.569256 0.297904
1305031796.549414 0.232477 -0.105058 -0.193580 0.172308 0.738070 0.581707 0.295264
1305031796.581120 0.234554 -0.101544 -0.182502 0.167948 0.731702 0.592863 0.291408
1305031796.613166 0.234820 -0.098402 -0.172818 0.165757 0.722601 0.605568 0.289241
1305031796.649028 0.234600 -0.094444 -0.164553 0.162026 0.711814 0.618747 0.290208
1305031796.681030 0.233375 -0.087253 -0.155845 0.158253 0.701737 0.630300 0.291965
1305031796.713147 0.231907 -0.082327 -0.147251 0.155088 0.692657 0.641303 0.291383
1305031796.749469 0.230280 -0.076907 -0.138021 0.152599 0.684272 0.651419 0.290066
1305031796.781363 0.227483 -0.071235 -0.126153 0.150114 0.675569 0.661334 0.289327
1305031796.813481 0.225390 -0.066381 -0.121919 0.148124 0.664429 0.673414 0.288283
1305031796.849581 0.222516 -0.062023 -0.114883 0.148169 0.655351 0.682814 0.286926
1305031796.881184 0.218833 -0.056384 -0.102743 0.148305 0.646272 0.691439 0.286794
1305031796.913356 0.215035 -0.051846 -0.093287 0.146800 0.635062 0.701889 0.287225
1305031796.949588 0.211037 -0.046933 -0.083640 0.147033 0.626043 0.710000 0.286970
1305031796.981203 0.208024 -0.042723 -0.074425 0.144831 0.616905 0.718291 0.287247
1305031797.013522 0.203965 -0.038527 -0.066158 0.141286 0.609325 0.725443 0.287215
1305031797.049323 0.199005 -0.034897 -0.057909 0.138216 0.602561 0.732032 0.286260
1305031797.081390 0.194253 -0.031988 -0.050798 0.134138 0.595628 0.738699 0.285584
1305031797.113039 0.188241 -0.029145 -0.042082 0.131374 0.589726 0.744392 0.284331
1305031797.149544 0.183496 -0.026938 -0.038052 0.130733 0.581308 0.752658 0.280171
1305031797.181422 0.176724 -0.025004 -0.035339 0.131747 0.572076 0.760838 0.276580
1305031797.213700 0.174048 -0.017306 -0.031073 0.133652 0.560728 0.769606 0.274641
1305031797.249703 0.167755 -0.016203 -0.025683 0.135704 0.550527 0.777059 0.273283
1305031797.281270 0.161292 -0.012738 -0.017784 0.138357 0.542555 0.781939 0.273975
1305031797.313580 0.156246 -0.010931 -0.013339 0.137849 0.536185 0.785961 0.275262
1305031797.349646 0.150219 -0.009980 -0.007548 0.137569 0.531421 0.790069 0.272870
1305031797.381715 0.145034 -0.006664 -0.005476 0.137997 0.525210 0.795149 0.269906
1305031797.413427 0.139738 -0.005362 -0.001374 0.139211 0.521690 0.798255 0.266923
1305031797.449441 0.134916 -0.003455 0.000075 0.140689 0.518494 0.800941 0.264320
1305031797.481228 0.129964 -0.001110 0.001332 0.143407 0.516293 0.802786 0.261554
1305031797.513094 0.124530 0.002488 0.002082 0.146337 0.514684 0.803929 0.259584
1305031797.549579 0.117187 0.000326 0.003589 0.149856 0.519965 0.800389 0.257987
1305031797.581134 0.115471 -0.000364 -0.000313 0.153654 0.527698 0.796463 0.252135
1305031797.613380 0.115770 0.007509 -0.004284 0.157890 0.537236 0.791212 0.245829
1305031797.649456 0.110173 0.002643 -0.006731 0.161170 0.553481 0.781386 0.238996
1305031797.681479 0.107040 -0.000796 -0.024907 0.162506 0.564155 0.775386 0.232588
1305031797.713069 0.097237 0.015362 -0.021255 0.164253 0.581098 0.761260 0.236282
1305031797.749314 0.056810 0.010642 -0.032538 0.169297 0.598421 0.748614 0.229801
1305031797.781335 0.034175 0.017211 -0.033601 0.166930 0.614573 0.734180 0.235403
1305031797.815809 0.013862 0.027194 -0.035589 0.161170 0.631373 0.718263 0.243907
1305031797.849286 0.007564 0.021971 -0.055855 0.159665 0.641176 0.711636 0.238694
1305031797.881089 0.006320 0.018816 -0.055359 0.160237 0.660980 0.697254 0.226421
1305031797.917110 0.008154 0.029568 -0.024490 0.159966 0.691479 0.671055 0.214368
1305031797.949860 -0.010701 0.017897 -0.087573 0.162974 0.687762 0.675434 0.210266
1305031797.981341 -0.012899 0.013756 -0.093355 0.164058 0.705734 0.660284 0.197609
1305031798.015014 -0.015891 0.010858 -0.100938 0.164900 0.722714 0.645570 0.183659
1305031798.049486 -0.018171 0.007191 -0.111152 0.166551 0.736140 0.633382 0.170839
1305031798.081407 -0.019642 0.004805 -0.115890 0.166917 0.752295 0.617194 0.158943
1305031798.114761 -0.020791 0.000845 -0.120465 0.167190 0.766427 0.602746 0.146065
1305031798.150524 -0.022220 -0.003278 -0.130094 0.168108 0.777499 0.591140 0.133370
1305031798.181474 -0.023029 -0.008281 -0.136458 0.170607 0.786309 0.581239 0.121541
1305031798.216929 -0.023256 -0.014474 -0.147881 0.167603 0.794860 0.572198 0.112675
1305031798.249819 -0.023970 -0.021275 -0.157860 0.164793 0.804683 0.561500 0.100226
1305031798.281361 -0.023108 -0.027116 -0.164685 0.162618 0.814183 0.550603 0.086586
1305031798.316991 -0.021249 -0.032374 -0.172800 0.161382 0.822676 0.540119 0.073697
1305031798.349307 -0.019962 -0.037598 -0.179114 0.160777 0.831255 0.528429 0.062677
1305031798.381404 -0.019531 -0.044945 -0.184089 0.157615 0.839704 0.517008 0.052517
1305031798.417222 -0.018473 -0.051028 -0.192388 0.154356 0.847209 0.506665 0.041249
1305031798.449035 -0.016473 -0.057495 -0.201077 0.152038 0.854889 0.495203 0.028695
1305031798.481500 -0.014588 -0.062150 -0.205691 0.151174 0.862979 0.481805 0.016672
1305031798.517143 -0.015366 -0.070870 -0.211389 0.148165 0.870313 0.469646 0.005989
1305031798.548961 -0.013680 -0.077998 -0.217335 0.144899 0.876653 0.458741 -0.006430
1305031798.581180 -0.013363 -0.083858 -0.226481 0.144901 0.882867 0.446273 -0.019757
1305031798.616885 -0.013009 -0.089960 -0.229491 0.144227 0.888778 0.433897 -0.031706
1305031798.649358 -0.011872 -0.095241 -0.234874 0.144633 0.892824 0.424205 -0.044684
1305031798.681151 -0.013815 -0.102838 -0.245226 0.147475 0.896084 0.414541 -0.058648
1305031798.717510 -0.013691 -0.111742 -0.251404 0.148864 0.900212 0.402684 -0.072823
1305031798.749406 -0.017919 -0.120522 -0.259038 0.149941 0.904214 0.390929 -0.084198
1305031798.781065 -0.020071 -0.129727 -0.265672 0.146427 0.908983 0.379096 -0.092711
1305031798.816637 -0.020671 -0.136033 -0.268419 0.141297 0.914751 0.364716 -0.101238
1305031798.849096 -0.023378 -0.146951 -0.273232 0.137619 0.919221 0.352235 -0.109655
1305031798.881162 -0.028197 -0.157223 -0.279090 0.134729 0.923125 0.340929 -0.115999
1305031798.916729 -0.031090 -0.168755 -0.284999 0.130663 0.926593 0.331942 -0.119029
1305031798.949081 -0.031489 -0.177027 -0.286488 0.126050 0.929713 0.323818 -0.122016
1305031798.981161 -0.034812 -0.182482 -0.288587 0.122816 0.932800 0.314618 -0.125757
1305031799.016404 -0.035256 -0.189530 -0.288997 0.118353 0.936156 0.304816 -0.129195
1305031799.049074 -0.033995 -0.200580 -0.288886 0.111387 0.938551 0.298080 -0.133655
1305031799.084199 -0.035286 -0.208433 -0.287327 0.104336 0.940152 0.293199 -0.138793
1305031799.116265 -0.039974 -0.215225 -0.287182 0.098951 0.941112 0.289575 -0.143744
1305031799.149115 -0.043548 -0.216823 -0.283772 0.094196 0.942139 0.285456 -0.148379
1305031799.184118 -0.041869 -0.229181 -0.275921 0.093744 0.941881 0.283678 -0.153622
1305031799.216310 -0.045209 -0.236660 -0.272268 0.094929 0.940998 0.284179 -0.157329
1305031799.249363 -0.050214 -0.240177 -0.269963 0.093727 0.940045 0.286092 -0.160255
1305031799.282103 -0.054607 -0.242926 -0.263109 0.091380 0.939173 0.287532 -0.164101
1305031799.317034 -0.059421 -0.244563 -0.259957 0.088736 0.937689 0.290524 -0.168703
1305031799.349113 -0.064411 -0.244144 -0.254012 0.085140 0.936427 0.292926 -0.173351
1305031799.385805 -0.064569 -0.251180 -0.243053 0.084543 0.934406 0.296267 -0.178786
1305031799.417024 -0.071731 -0.250761 -0.233541 0.086719 0.931807 0.301524 -0.182480
1305031799.449387 -0.067116 -0.255213 -0.219291 0.086214 0.928531 0.310433 -0.184471
1305031799.485240 -0.071648 -0.251445 -0.212834 0.085771 0.924488 0.321824 -0.185456
1305031799.517013 -0.076801 -0.247949 -0.206102 0.086252 0.920133 0.333346 -0.186539
1305031799.549017 -0.081518 -0.244625 -0.199713 0.087013 0.915142 0.346109 -0.187490
1305031799.581367 -0.085257 -0.238807 -0.191755 0.087825 0.909742 0.359514 -0.188164
1305031799.617168 -0.087726 -0.234740 -0.184246 0.089856 0.904300 0.372026 -0.189112
1305031799.649389 -0.090071 -0.228911 -0.174861 0.092849 0.898902 0.383799 -0.189878
1305031799.685205 -0.090618 -0.219452 -0.160712 0.096330 0.893215 0.396019 -0.189885
1305031799.717255 -0.090883 -0.212418 -0.151598 0.099092 0.886832 0.409820 -0.189098
1305031799.749314 -0.091118 -0.208411 -0.144554 0.103283 0.880542 0.422050 -0.189345
1305031799.785009 -0.090044 -0.197994 -0.131237 0.108548 0.874332 0.433479 -0.189357
1305031799.814635 -0.088351 -0.189144 -0.120598 0.112674 0.867425 0.446498 -0.188461
1305031799.849541 -0.088144 -0.182258 -0.112017 0.117621 0.860012 0.459413 -0.188372
1305031799.885152 -0.087586 -0.177098 -0.106288 0.121928 0.852387 0.472414 -0.188137
1305031799.916936 -0.087297 -0.169116 -0.097636 0.123215 0.844502 0.486649 -0.186566
1305031799.949274 -0.087377 -0.161369 -0.090034 0.126183 0.835353 0.501155 -0.187367
1305031799.985247 -0.086366 -0.154502 -0.082178 0.131861 0.826670 0.513439 -0.188704
1305031800.017563 -0.085312 -0.145895 -0.072476 0.136471 0.817933 0.526376 -0.187857
1305031800.049417 -0.084253 -0.138989 -0.065942 0.140439 0.808725 0.539611 -0.187246
1305031800.085021 -0.081672 -0.126733 -0.052226 0.144058 0.800643 0.550703 -0.186931
1305031800.117100 -0.081009 -0.117625 -0.043521 0.145333 0.791649 0.563432 -0.186318
1305031800.149417 -0.083191 -0.115093 -0.042372 0.142303 0.781999 0.577473 -0.186420
1305031800.185371 -0.087026 -0.114674 -0.041134 0.144317 0.771446 0.589710 -0.190489
1305031800.217463 -0.074433 -0.091440 -0.010586 0.147982 0.765009 0.595441 -0.195735
1305031800.249365 -0.072059 -0.082656 0.000291 0.152996 0.753765 0.607901 -0.197199
1305031800.285564 -0.073599 -0.082431 0.001998 0.153467 0.742380 0.622034 -0.195943
1305031800.317620 -0.071837 -0.069518 0.012118 0.157070 0.730893 0.634114 -0.197546
1305031800.353543 -0.071948 -0.063264 0.018194 0.159711 0.718667 0.646401 -0.200440
1305031800.386097 -0.073480 -0.057999 0.023172 0.162372 0.705862 0.658963 -0.202884
1305031800.417248 -0.072175 -0.051823 0.027932 0.164142 0.694041 0.670120 -0.205679
1305031800.453733 -0.061550 -0.045480 0.040435 0.168255 0.683222 0.678415 -0.211309
1305031800.485544 -0.060121 -0.044282 0.039779 0.171563 0.670725 0.688762 -0.215175
1305031800.517718 -0.060022 -0.051716 0.050648 0.177155 0.659802 0.696918 -0.218133
1305031800.553322 -0.076673 -0.050259 0.042604 0.180313 0.645457 0.709174 -0.218962
1305031800.585471 -0.089421 -0.069418 0.057416 0.188625 0.636584 0.714988 -0.219030
1305031800.617797 -0.091543 -0.069447 0.060049 0.190032 0.626737 0.722522 -0.221472
1305031800.653606 -0.093373 -0.068743 0.061194 0.191874 0.616247 0.730588 -0.222857
1305031800.685391 -0.102680 -0.075978 0.052035 0.191736 0.604362 0.740598 -0.222483
1305031800.713928 -0.101127 -0.069910 0.050863 0.193876 0.595655 0.746260 -0.225176
1305031800.753142 -0.095314 -0.064074 0.054278 0.198026 0.588830 0.749176 -0.229781
1305031800.784048 -0.092899 -0.059402 0.058436 0.203418 0.583908 0.749658 -0.235978
1305031800.816073 -0.118483 -0.085167 0.059002 0.211967 0.579019 0.750334 -0.238340
1305031800.853902 -0.108364 -0.092850 0.057277 0.211020 0.580397 0.745522 -0.250612
1305031800.885387 -0.112216 -0.093162 0.055012 0.210986 0.585639 0.738407 -0.259357
1305031800.917407 -0.106411 -0.103300 0.052792 0.209323 0.591678 0.729454 -0.272024
1305031800.953310 -0.115619 -0.124817 0.044930 0.205346 0.600625 0.720252 -0.279856
1305031800.985456 -0.122994 -0.161555 0.051169 0.201729 0.617475 0.702741 -0.290148
1305031801.017245 -0.151881 -0.214762 0.056509 0.205422 0.626877 0.689254 -0.299595
1305031801.053185 -0.133381 -0.234185 0.062068 0.197721 0.641624 0.669781 -0.317204
1305031801.085451 -0.159861 -0.218698 0.040770 0.187228 0.653805 0.656286 -0.326762
1305031801.118492 -0.164381 -0.228379 0.032133 0.173321 0.666131 0.643044 -0.335745
1305031801.149531 -0.161583 -0.235790 0.025264 0.159736 0.678104 0.627481 -0.347744
1305031801.183861 -0.175070 -0.244055 0.010138 0.146783 0.688944 0.612715 -0.358318
1305031801.213116 -0.182733 -0.246279 0.002937 0.134531 0.700685 0.595125 -0.369822
1305031801.253716 -0.200727 -0.254416 -0.018059 0.126072 0.708913 0.581198 -0.379153
1305031801.285330 -0.213597 -0.262798 -0.037429 0.117135 0.716868 0.568757 -0.385869
1305031801.317991 -0.214593 -0.270636 -0.046121 0.107039 0.725949 0.554366 -0.392706
1305031801.353056 -0.220756 -0.277867 -0.054175 0.098615 0.733856 0.540874 -0.398980
1305031801.385161 -0.229399 -0.288926 -0.068144 0.092090 0.739387 0.530162 -0.404665
1305031801.417254 -0.233417 -0.298352 -0.078741 0.085517 0.745516 0.519068 -0.409220
1305031801.453669 -0.238356 -0.308412 -0.087106 0.078813 0.751827 0.508060 -0.412819
1305031801.485339 -0.240999 -0.313078 -0.091601 0.073257 0.758634 0.495278 -0.416902
1305031801.521102 -0.248664 -0.329246 -0.106305 0.069582 0.764422 0.484561 -0.419545
1305031801.550360 -0.249781 -0.333430 -0.107482 0.063476 0.772406 0.471606 -0.420652
1305031801.585121 -0.253163 -0.340371 -0.111680 0.057832 0.779821 0.459068 -0.421652
1305031801.621195 -0.257538 -0.351144 -0.119801 0.052439 0.786471 0.446473 -0.423528
1305031801.653120 -0.260439 -0.357362 -0.121689 0.045676 0.795217 0.429674 -0.425351
1305031801.685203 -0.264123 -0.366816 -0.126187 0.037928 0.803316 0.414159 -0.426283
1305031801.721817 -0.267743 -0.377199 -0.130874 0.029375 0.810727 0.399127 -0.427266
1305031801.752480 -0.270980 -0.386544 -0.134116 0.021660 0.818357 0.382848 -0.428077
1305031801.785174 -0.274223 -0.394513 -0.135384 0.012426 0.824688 0.369874 -0.427702
1305031801.821418 -0.278845 -0.406986 -0.140687 0.002385 0.828849 0.359104 -0.429009
1305031801.851002 -0.282160 -0.415661 -0.143140 -0.004589 0.833618 0.344406 -0.431792
1305031801.885576 -0.286269 -0.423827 -0.144002 -0.011397 0.838416 0.330644 -0.433132
1305031801.921443 -0.289175 -0.430546 -0.143284 -0.015456 0.842613 0.318270 -0.434130
1305031801.953529 -0.292397 -0.436776 -0.143113 -0.017194 0.846481 0.308165 -0.433831
1305031801.985177 -0.297121 -0.442525 -0.142614 -0.018408 0.850158 0.299056 -0.432964
1305031802.019635 -0.305078 -0.453801 -0.146139 -0.018196 0.853388 0.289451 -0.433147
1305031802.053378 -0.311014 -0.460402 -0.144671 -0.020604 0.855939 0.280452 -0.433924
1305031802.085024 -0.317478 -0.468330 -0.144584 -0.025343 0.857730 0.271205 -0.436010
1305031802.121330 -0.325997 -0.477839 -0.139840 -0.032583 0.859815 0.259968 -0.438261
1305031802.153489 -0.326970 -0.482335 -0.134997 -0.041707 0.859855 0.249447 -0.443493
1305031802.184636 -0.328603 -0.470356 -0.126008 -0.047916 0.858941 0.238264 -0.450726
1305031802.219761 -0.323115 -0.459262 -0.114752 -0.054969 0.856956 0.231422 -0.457219
1305031802.253164 -0.317265 -0.461342 -0.111241 -0.058208 0.852817 0.228905 -0.465744
1305031802.285391 -0.315315 -0.463488 -0.107369 -0.058781 0.848659 0.228881 -0.473219
1305031802.321380 -0.312771 -0.461007 -0.114008 -0.059317 0.843451 0.232572 -0.480605
1305031802.355076 -0.318450 -0.460885 -0.110518 -0.060395 0.839567 0.237716 -0.484737
1305031802.385226 -0.325432 -0.460312 -0.107236 -0.061952 0.835981 0.239192 -0.489984
1305031802.421369 -0.319598 -0.453567 -0.112467 -0.064071 0.830737 0.241239 -0.497569
1305031802.449744 -0.323232 -0.449983 -0.110893 0.064967 -0.826236 -0.246104 0.502540
1305031802.485287 -0.320700 -0.444015 -0.112367 0.065015 -0.821951 -0.248918 0.508143
1305031802.521528 -0.321582 -0.432154 -0.109063 0.064549 -0.818086 -0.253369 0.512223
1305031802.553670 -0.319825 -0.414601 -0.100447 0.062629 -0.812898 -0.262067 0.516328
1305031802.585495 -0.319719 -0.405123 -0.092080 0.060888 -0.806616 -0.274346 0.519998
1305031802.621110 -0.317920 -0.388583 -0.083267 0.057152 -0.798221 -0.288655 0.525600
1305031802.651419 -0.318737 -0.378197 -0.078538 0.050620 -0.785850 -0.310561 0.532380
1305031802.685525 -0.318124 -0.370275 -0.073230 0.041157 -0.774476 -0.329583 0.538394
1305031802.721569 -0.317630 -0.357758 -0.066891 0.032875 -0.764834 -0.347306 0.541597
1305031802.751107 -0.318580 -0.347665 -0.062362 0.023565 -0.753070 -0.368036 0.544866
1305031802.781462 -0.317899 -0.326012 -0.048002 0.016534 -0.742695 -0.383483 0.548699
1305031802.821775 -0.319985 -0.312341 -0.041527 0.009734 -0.730628 -0.397512 0.555042
1305031802.853834 -0.321902 -0.303970 -0.035094 0.000029 -0.718436 -0.408189 0.563234
1305031802.881495 -0.316503 -0.287127 -0.023302 -0.007991 -0.707915 -0.415837 0.570852
1305031802.921541 -0.318021 -0.274552 -0.013597 -0.014366 -0.697320 -0.425850 0.576360
1305031802.954816 -0.320255 -0.263608 -0.005390 -0.018693 -0.686351 -0.434765 0.582711
1305031802.981472 -0.307006 -0.236941 0.008542 -0.016345 -0.676812 -0.437635 0.591721
1305031803.021892 -0.306683 -0.227929 0.012931 -0.019814 -0.663379 -0.445115 0.601173
1305031803.053848 -0.304758 -0.222784 0.025360 -0.024722 -0.651316 -0.451687 0.609225
1305031803.081564 -0.304747 -0.211413 0.025954 -0.030828 -0.638229 -0.455254 0.620046
1305031803.122150 -0.299627 -0.207380 0.033848 -0.036934 -0.626584 -0.459253 0.628582
1305031803.153726 -0.297975 -0.200431 0.037176 -0.043746 -0.613042 -0.465300 0.636994
1305031803.181556 -0.298103 -0.192546 0.043111 -0.050898 -0.601089 -0.468738 0.645280
1305031803.222085 -0.298485 -0.182765 0.047235 -0.057448 -0.588955 -0.471724 0.653688
1305031803.253820 -0.296813 -0.176287 0.050880 -0.063917 -0.576154 -0.476998 0.660632
1305031803.281525 -0.294408 -0.168254 0.056037 -0.069723 -0.563821 -0.480846 0.667856
1305031803.317577 -0.290688 -0.160399 0.066569 -0.075769 -0.553412 -0.483095 0.674250
1305031803.353814 -0.287534 -0.153127 0.071958 -0.082112 -0.541823 -0.487162 0.679969
1305031803.381500 -0.285467 -0.146562 0.072906 -0.089630 -0.529905 -0.490706 0.685839
1305031803.421407 -0.281519 -0.142501 0.079744 -0.096517 -0.521141 -0.491843 0.690787
1305031803.449877 -0.275980 -0.137746 0.087746 -0.100834 -0.513375 -0.494127 0.694347
1305031803.481465 -0.272431 -0.133897 0.091057 -0.106232 -0.503905 -0.495894 0.699202
1305031803.517799 -0.269113 -0.131069 0.094342 -0.112385 -0.495045 -0.497276 0.703575
1305031803.553155 -0.265078 -0.127574 0.100849 -0.117574 -0.488132 -0.498267 0.706847
1305031803.581589 -0.261986 -0.125724 0.102728 -0.124612 -0.481322 -0.497939 0.710534
1305031803.617751 -0.258691 -0.125552 0.104108 -0.132423 -0.475599 -0.499355 0.711979
1305031803.655171 -0.255685 -0.123402 0.109699 -0.137965 -0.469953 -0.504015 0.711392
1305031803.681398 -0.252592 -0.121873 0.115299 -0.143089 -0.462977 -0.507551 0.712440
1305031803.721616 -0.251464 -0.120410 0.116526 -0.150862 -0.454303 -0.510781 0.714109
1305031803.753975 -0.248434 -0.120653 0.119451 -0.163659 -0.447361 -0.513132 0.713988
1305031803.781407 -0.243811 -0.119372 0.122906 -0.173802 -0.440882 -0.518041 0.712074
1305031803.822206 -0.242021 -0.115449 0.127496 -0.182815 -0.433208 -0.524772 0.709594
1305031803.854255 -0.237844 -0.117311 0.129184 -0.196369 -0.426125 -0.528708 0.707336
1305031803.881449 -0.232409 -0.115196 0.133781 -0.204690 -0.418969 -0.536195 0.703607
1305031803.922274 -0.225943 -0.114120 0.136524 -0.213194 -0.411509 -0.542069 0.700978
1305031803.953868 -0.227693 -0.121252 0.132707 -0.230891 -0.400677 -0.545177 0.699235
1305031803.981401 -0.229367 -0.121376 0.134261 -0.243804 -0.389523 -0.554152 0.694080
1305031804.021970 -0.231607 -0.126194 0.121745 -0.260352 -0.379204 -0.553002 0.694701
1305031804.049573 -0.233947 -0.112073 0.071832 -0.260770 -0.361731 -0.557679 0.700103
1305031804.081462 -0.228976 -0.107132 0.053325 -0.265404 -0.351573 -0.563329 0.699012
1305031804.121789 -0.218663 -0.104613 0.053856 -0.269379 -0.347399 -0.565945 0.697464
1305031804.149358 -0.207215 -0.106640 0.051975 -0.273909 -0.342320 -0.568549 0.696091
1305031804.181425 -0.207215 -0.102297 0.057501 -0.280635 -0.336376 -0.569412 0.695604
1305031804.221921 -0.213891 -0.092585 0.072258 -0.284597 -0.332435 -0.571585 0.694105
1305031804.249373 -0.204813 -0.095135 0.074506 -0.282152 -0.334643 -0.569384 0.695849
1305031804.281501 -0.210295 -0.091325 0.068682 -0.278278 -0.333252 -0.567077 0.699949
1305031804.321896 -0.214065 -0.094979 0.047415 -0.269847 -0.335210 -0.563663 0.705053
1305031804.349404 -0.211273 -0.112471 0.061855 -0.264994 -0.344393 -0.556033 0.708518
1305031804.381556 -0.213285 -0.136316 0.073812 -0.257993 -0.355084 -0.548549 0.711652
1305031804.420328 -0.228174 -0.149814 0.075311 -0.248155 -0.361257 -0.540837 0.717919
1305031804.449409 -0.250361 -0.146934 0.093613 -0.240021 -0.364688 -0.524059 0.731269
1305031804.481461 -0.260232 -0.155198 0.088886 -0.224888 -0.370176 -0.513686 0.740622
1305031804.520303 -0.265024 -0.161468 0.081380 -0.206075 -0.376498 -0.503954 0.749541
1305031804.549408 -0.269846 -0.148019 0.086289 -0.182974 -0.383977 -0.493821 0.758434
1305031804.581465 -0.251544 -0.157488 0.068203 -0.144715 -0.393183 -0.496915 0.759961
1305031804.620866 -0.248399 -0.165796 0.059265 -0.122246 -0.400333 -0.490847 0.764107
1305031804.649383 -0.254109 -0.176167 0.054412 -0.104801 -0.406636 -0.484165 0.767625
1305031804.681565 -0.259085 -0.186157 0.048368 -0.085970 -0.411492 -0.476933 0.771893
1305031804.721729 -0.265992 -0.195651 0.043226 -0.064967 -0.416133 -0.469020 0.776295
1305031804.749416 -0.271543 -0.205413 0.035024 -0.042356 -0.420989 -0.460185 0.780515
1305031804.781659 -0.281020 -0.216194 0.023568 -0.019464 -0.424347 -0.453051 0.783770
1305031804.821911 -0.280602 -0.222285 0.008176 0.007887 -0.428252 -0.443554 0.787273
1305031804.849385 -0.291670 -0.231790 0.007037 0.033729 -0.432355 -0.431573 0.790997
1305031804.881471 -0.288728 -0.235902 -0.007112 0.059275 -0.435892 -0.418430 0.794607
1305031804.921921 -0.294202 -0.236595 -0.018271 0.081462 -0.437938 -0.406723 0.797591
1305031804.949441 -0.301146 -0.243610 -0.029013 0.098804 -0.441005 -0.396554 0.799060
1305031804.981491 -0.307963 -0.250959 -0.036396 0.113695 -0.444299 -0.385628 0.800602
1305031805.021242 -0.314170 -0.253112 -0.045730 0.128995 -0.446903 -0.372933 0.802845
1305031805.049231 -0.320677 -0.257240 -0.052286 0.141719 -0.449550 -0.359574 0.805312
1305031805.081417 -0.326902 -0.261736 -0.066549 0.152852 -0.451399 -0.348282 0.807202
1305031805.120785 -0.333517 -0.265637 -0.074710 0.162836 -0.455090 -0.336410 0.808211
1305031805.149367 -0.338374 -0.268357 -0.081639 0.172221 -0.458253 -0.326494 0.808546
1305031805.181532 -0.342459 -0.269524 -0.088344 0.181153 -0.460290 -0.318791 0.808510
1305031805.217403 -0.348062 -0.272489 -0.096837 0.190039 -0.460875 -0.311985 0.808792
1305031805.249372 -0.353333 -0.272745 -0.105628 0.198252 -0.461403 -0.303409 0.809782
1305031805.281451 -0.355700 -0.277815 -0.111140 0.205982 -0.462349 -0.296925 0.809716
1305031805.317464 -0.359938 -0.288313 -0.127315 0.216196 -0.459892 -0.293332 0.809762
1305031805.349450 -0.362704 -0.291626 -0.135413 0.230436 -0.456866 -0.285565 0.810324
1305031805.381600 -0.365428 -0.284200 -0.140540 0.247753 -0.454867 -0.274439 0.810183
1305031805.417337 -0.365224 -0.284612 -0.138420 0.263812 -0.454831 -0.264479 0.808445
1305031805.449399 -0.360662 -0.286226 -0.147426 0.282352 -0.453614 -0.258337 0.804844
1305031805.481531 -0.380883 -0.251848 -0.209371 0.303492 -0.441682 -0.251773 0.805866
1305031805.517400 -0.381160 -0.251664 -0.211683 0.324103 -0.439982 -0.243394 0.801332
1305031805.549419 -0.380740 -0.251028 -0.230335 0.340608 -0.436030 -0.237053 0.798542
1305031805.581456 -0.388009 -0.263479 -0.244818 0.353824 -0.433777 -0.231264 0.795715
1305031805.617604 -0.389999 -0.258460 -0.262793 0.366895 -0.430899 -0.226422 0.792747
1305031805.649369 -0.390113 -0.142056 -0.252993 0.385584 -0.420614 -0.216070 0.792290
1305031805.681431 -0.392045 -0.132817 -0.294666 0.385570 -0.414441 -0.210467 0.797043
1305031805.717375 -0.396636 -0.148852 -0.325520 0.377772 -0.409590 -0.208996 0.803645
1305031805.749402 -0.396903 -0.149399 -0.325026 0.369527 -0.405541 -0.208664 0.809596
1305031805.781456 -0.404770 -0.164679 -0.349125 0.350561 -0.399807 -0.210409 0.820359
1305031805.817409 -0.396954 -0.147706 -0.315204 0.331101 -0.394837 -0.216572 0.829200
1305031805.849383 -0.396728 -0.147979 -0.326710 0.303248 -0.386561 -0.222391 0.842112
1305031805.881469 -0.410829 -0.127342 -0.376496 0.280902 -0.375081 -0.225688 0.854092
1305031805.917405 -0.411908 -0.133647 -0.371747 0.260638 -0.369032 -0.231304 0.861616
1305031805.949380 -0.411688 -0.137603 -0.368110 0.242397 -0.364239 -0.233574 0.868342
1305031805.981495 -0.403778 -0.127944 -0.342229 0.228502 -0.360194 -0.236866 0.872893
1305031806.017424 -0.403569 -0.135199 -0.332886 0.212483 -0.352429 -0.241037 0.878946
1305031806.049372 -0.396802 -0.121742 -0.326507 0.203670 -0.343039 -0.243943 0.883931
1305031806.081522 -0.382716 -0.101932 -0.318039 0.197665 -0.334581 -0.245093 0.888208
1305031806.117332 -0.377005 -0.096276 -0.308741 0.188057 -0.323887 -0.249475 0.893025
1305031806.149389 -0.372001 -0.092643 -0.297989 0.176161 -0.314025 -0.251189 0.898476
1305031806.181476 -0.358687 -0.076008 -0.285041 0.166101 -0.305855 -0.251767 0.903037
1305031806.217460 -0.353663 -0.070609 -0.276528 0.150840 -0.296386 -0.256055 0.907655
1305031806.249441 -0.348971 -0.075249 -0.266995 0.134220 -0.287614 -0.260791 0.911730
1305031806.281505 -0.339810 -0.065746 -0.253718 0.122580 -0.278388 -0.265725 0.914803
1305031806.317554 -0.335449 -0.058271 -0.243368 0.108760 -0.268605 -0.267629 0.918911
1305031806.349431 -0.331670 -0.055556 -0.236980 0.092103 -0.260187 -0.268197 0.922979
1305031806.381481 -0.324686 -0.050327 -0.225249 0.075412 -0.253486 -0.269837 0.925876
1305031806.417443 -0.320358 -0.048489 -0.215925 0.057909 -0.246530 -0.269769 0.929028
1305031806.449379 -0.315899 -0.046679 -0.208295 0.044843 -0.240245 -0.270548 0.931169
1305031806.481355 -0.302895 -0.043470 -0.197005 0.035472 -0.234615 -0.272500 0.932438
1305031806.517514 -0.297553 -0.038121 -0.188785 0.025794 -0.223557 -0.273241 0.935252
1305031806.549401 -0.292081 -0.027341 -0.181602 0.015515 -0.213887 -0.271946 0.938114
1305031806.581728 -0.280824 -0.014759 -0.170129 0.004660 -0.207088 -0.273435 0.939322
1305031806.617478 -0.274293 -0.011142 -0.161586 -0.009741 -0.198759 -0.275240 0.940555
1305031806.649416 -0.269232 -0.007396 -0.154377 -0.023477 -0.189448 -0.273573 0.942717
1305031806.681381 -0.264079 -0.001145 -0.147788 -0.037089 -0.181431 -0.269360 0.945067
1305031806.717432 -0.260836 0.003372 -0.142398 -0.051738 -0.175361 -0.265632 0.946579
1305031806.749457 -0.257890 0.008798 -0.137658 -0.065950 -0.170601 -0.261823 0.947626
1305031806.781564 -0.250969 0.013485 -0.131671 -0.078506 -0.169047 -0.257873 0.948030
1305031806.817410 -0.244829 0.014196 -0.125702 -0.090756 -0.165556 -0.255337 0.948239
1305031806.849447 -0.240281 0.020581 -0.120882 -0.100373 -0.158281 -0.253973 0.948878
1305031806.881395 -0.237527 0.026742 -0.116318 -0.110329 -0.151184 -0.253047 0.949177
1305031806.917809 -0.233922 0.033588 -0.112224 -0.119104 -0.145466 -0.249934 0.949835
1305031806.949486 -0.230823 0.046388 -0.108433 -0.124473 -0.140036 -0.247565 0.950583
1305031806.981465 -0.228656 0.051424 -0.104550 -0.134031 -0.135104 -0.244788 0.950716
1305031807.017431 -0.228127 0.053181 -0.102460 -0.144255 -0.128756 -0.241529 0.950934
1305031807.049424 -0.221757 0.065100 -0.098485 -0.144982 -0.125320 -0.236948 0.952434
1305031807.081512 -0.212987 0.080699 -0.093634 -0.141819 -0.124382 -0.231020 0.954487
1305031807.117436 -0.212920 0.085976 -0.090562 -0.144912 -0.119015 -0.226593 0.955767
1305031807.149381 -0.213949 0.089119 -0.088469 -0.146775 -0.113164 -0.220615 0.957591
1305031807.181430 -0.213317 0.089813 -0.086689 -0.147393 -0.109550 -0.214140 0.959384
1305031807.217449 -0.218810 0.091085 -0.084388 -0.146972 -0.101596 -0.208325 0.961602
1305031807.249425 -0.214975 0.090171 -0.080282 -0.143483 -0.101147 -0.199315 0.964083
1305031807.281519 -0.222351 0.089975 -0.077184 -0.137468 -0.091298 -0.196031 0.966612
1305031807.317449 -0.230267 0.082998 -0.084090 -0.131938 -0.080495 -0.189256 0.969688
1305031807.349398 -0.234673 0.067374 -0.087147 -0.128093 -0.076711 -0.180073 0.972256
1305031807.381439 -0.239618 0.049870 -0.092406 -0.124531 -0.071624 -0.173584 0.974285
1305031807.417438 -0.243564 0.043815 -0.095308 -0.108885 -0.065852 -0.166364 0.977819
1305031807.449510 -0.255386 0.018012 -0.095713 -0.096957 -0.057082 -0.159886 0.980703
1305031807.481516 -0.260242 0.008002 -0.098253 -0.068928 -0.050395 -0.152525 0.984604
1305031807.517475 -0.264555 0.004807 -0.103543 -0.038006 -0.043398 -0.148876 0.987172
1305031807.549397 -0.269237 0.001149 -0.107872 -0.011739 -0.035218 -0.145257 0.988697
1305031807.581447 -0.272804 -0.011391 -0.110159 0.010807 -0.028147 -0.139131 0.989815
1305031807.617576 -0.278731 -0.012769 -0.115834 0.036656 -0.018987 -0.133894 0.990135
1305031807.649399 -0.284677 -0.015203 -0.119855 0.057829 -0.012029 -0.129445 0.989826
1305031807.681493 -0.291913 -0.026771 -0.124491 0.076941 -0.006654 -0.125325 0.989105
1305031807.717426 -0.293997 -0.032107 -0.131197 0.100830 -0.003094 -0.120120 0.987621
1305031807.749401 -0.298503 -0.038512 -0.138124 0.121329 0.002272 -0.115086 0.985915
1305031807.781497 -0.307396 -0.045301 -0.146664 0.142361 0.006997 -0.109786 0.983683
1305031807.817444 -0.310478 -0.045225 -0.152760 0.164701 0.006919 -0.105370 0.980675
1305031807.849449 -0.311054 -0.050546 -0.160334 0.182257 0.007297 -0.103327 0.977779
1305031807.881470 -0.314469 -0.057713 -0.169920 0.198489 0.009514 -0.100766 0.974863
1305031807.917395 -0.318678 -0.064392 -0.178618 0.214840 0.011621 -0.098002 0.971650
1305031807.949413 -0.322535 -0.071989 -0.188447 0.230949 0.012559 -0.095868 0.968150
1305031807.981324 -0.325033 -0.077958 -0.197817 0.246919 0.011773 -0.092934 0.964498
1305031808.017397 -0.325808 -0.083510 -0.206947 0.262636 0.009923 -0.088741 0.960754
1305031808.049392 -0.327966 -0.091477 -0.218402 0.278006 0.007756 -0.084427 0.956830
1305031808.081430 -0.327609 -0.097771 -0.228122 0.294639 0.004538 -0.082028 0.952071
1305031808.117668 -0.328200 -0.104257 -0.237600 0.311054 0.002329 -0.081066 0.946926
1305031808.149433 -0.328556 -0.113615 -0.250294 0.327267 0.000216 -0.079778 0.941558
1305031808.181601 -0.328101 -0.117287 -0.260861 0.346852 -0.002266 -0.079210 0.934566
1305031808.217427 -0.328467 -0.122829 -0.273401 0.363035 -0.005194 -0.078993 0.928407
1305031808.249410 -0.328780 -0.127476 -0.284936 0.375349 -0.009853 -0.078212 0.923525
1305031808.281466 -0.327855 -0.136370 -0.297669 0.386648 -0.013216 -0.080546 0.918608
1305031808.317395 -0.329879 -0.146237 -0.311716 0.399685 -0.014089 -0.081906 0.912877
1305031808.349431 -0.328957 -0.150822 -0.322813 0.413475 -0.016028 -0.080623 0.906797
1305031808.381824 -0.327915 -0.157024 -0.337649 0.425319 -0.018617 -0.080379 0.901275
1305031808.417419 -0.324226 -0.159134 -0.348011 0.436134 -0.020071 -0.082604 0.895858
1305031808.449356 -0.321493 -0.157279 -0.355099 0.448059 -0.019356 -0.083067 0.889926
1305031808.481442 -0.320033 -0.159260 -0.364214 0.461147 -0.019154 -0.080080 0.883495
1305031808.517409 -0.316857 -0.165684 -0.376371 0.471267 -0.020983 -0.076865 0.878384
1305031808.549430 -0.310738 -0.166356 -0.386310 0.480522 -0.023147 -0.075595 0.873412
1305031808.581470 -0.294757 -0.154905 -0.398659 0.491161 -0.023021 -0.075224 0.867509
1305031808.617470 -0.297942 -0.147058 -0.401517 0.503372 -0.016996 -0.070337 0.861034
1305031808.649371 -0.268662 -0.149909 -0.423511 0.511616 -0.012431 -0.068020 0.856427
1305031808.681415 -0.268915 -0.144631 -0.427095 0.520749 -0.005577 -0.065012 0.851213
1305031808.717501 -0.256570 -0.149361 -0.435815 0.527948 -0.000805 -0.064179 0.846848
1305031808.749404 -0.226624 -0.145697 -0.441480 0.535075 0.005869 -0.066688 0.842148
1305031808.781467 -0.214643 -0.145079 -0.444345 0.543141 0.016552 -0.064816 0.836972
1305031808.817546 -0.221660 -0.149816 -0.435488 0.551088 0.029194 -0.057219 0.831971
1305031808.849389 -0.223253 -0.141712 -0.424631 0.553722 0.041247 -0.054390 0.829899
1305031808.881454 -0.262384 -0.136143 -0.407733 0.550836 0.059436 -0.052852 0.830815
1305031808.917405 -0.270114 -0.135532 -0.418929 0.542025 0.069844 -0.047790 0.836090
1305031808.949458 -0.266690 -0.137337 -0.427805 0.527694 0.079568 -0.046566 0.844417
1305031808.981550 -0.260789 -0.157433 -0.446567 0.510094 0.087141 -0.042369 0.854643
1305031809.017420 -0.257075 -0.158902 -0.450326 0.493785 0.093702 -0.037713 0.863698
1305031809.049495 -0.245820 -0.144745 -0.425602 0.481350 0.100451 -0.034509 0.870069
1305031809.081521 -0.239624 -0.147529 -0.417563 0.467735 0.108598 -0.031270 0.876614
1305031809.117517 -0.235738 -0.159635 -0.412373 0.454673 0.118516 -0.026858 0.882329
1305031809.149422 -0.246152 -0.160989 -0.411281 0.440640 0.131993 -0.021231 0.887673
1305031809.181454 -0.251970 -0.189715 -0.475441 0.418009 0.142953 -0.017505 0.896954
1305031809.217451 -0.255032 -0.180860 -0.471246 0.405072 0.150246 -0.008810 0.901812
1305031809.249425 -0.256328 -0.178383 -0.474495 0.389498 0.155672 -0.000752 0.907776
1305031809.281664 -0.254140 -0.174762 -0.466576 0.373273 0.162270 0.006723 0.913395
1305031809.317409 -0.253063 -0.162545 -0.450937 0.360393 0.167135 0.015153 0.917580
1305031809.349286 -0.252907 -0.155448 -0.443023 0.347245 0.171280 0.021912 0.921740
1305031809.381405 -0.253974 -0.143637 -0.432688 0.334511 0.175444 0.027403 0.925511
1305031809.417304 -0.256588 -0.147301 -0.434800 0.317600 0.178209 0.032406 0.930764
1305031809.449429 -0.259674 -0.150760 -0.436910 0.302903 0.180815 0.035896 0.935023
1305031809.481493 -0.268219 -0.156912 -0.444035 0.288546 0.183618 0.041833 0.938763
1305031809.517383 -0.277359 -0.155093 -0.455577 0.276737 0.185505 0.045447 0.941774
1305031809.549381 -0.253991 -0.124496 -0.522119 0.264425 0.181792 0.046255 0.945987
1305031809.581443 -0.255987 -0.121130 -0.517303 0.253277 0.183926 0.047404 0.948565
1305031809.617447 -0.258930 -0.118732 -0.513306 0.243329 0.187596 0.048743 0.950380
1305031809.649447 -0.263434 -0.111831 -0.507886 0.235306 0.191196 0.050447 0.951594
1305031809.681564 -0.266120 -0.106304 -0.503208 0.226274 0.193445 0.053587 0.953157
1305031809.717482 -0.269857 -0.102047 -0.500897 0.216236 0.195270 0.056867 0.954923
1305031809.749405 -0.271595 -0.095897 -0.495557 0.206726 0.196303 0.060227 0.956610
1305031809.781560 -0.272353 -0.091774 -0.491366 0.196450 0.197661 0.064987 0.958183
1305031809.817472 -0.274141 -0.084823 -0.485534 0.187128 0.199587 0.071040 0.959219
1305031809.849358 -0.274656 -0.077905 -0.480385 0.177032 0.201338 0.075138 0.960456
1305031809.881617 -0.273530 -0.073393 -0.476462 0.165758 0.203953 0.078994 0.961607
1305031809.917383 -0.271838 -0.067106 -0.474080 0.155425 0.207246 0.083786 0.962222
1305031809.949442 -0.272547 -0.060759 -0.469774 0.145392 0.211104 0.088424 0.962537
1305031809.981453 -0.273523 -0.054384 -0.466017 0.134759 0.214589 0.093481 0.962836
1305031810.017406 -0.270927 -0.051903 -0.466804 0.121124 0.215915 0.099670 0.963730
1305031810.049474 -0.266220 -0.049682 -0.467319 0.109999 0.217121 0.104128 0.964321
1305031810.081517 -0.265019 -0.043447 -0.466698 0.101276 0.219974 0.109944 0.963985
1305031810.117406 -0.263941 -0.036871 -0.466038 0.092093 0.221934 0.115095 0.963855
1305031810.149419 -0.259784 -0.028118 -0.465027 0.083083 0.223535 0.117664 0.963994
1305031810.181557 -0.258495 -0.026222 -0.463851 0.072804 0.228140 0.119700 0.963495
1305031810.217391 -0.256260 -0.020480 -0.468567 0.063690 0.230938 0.123092 0.963047
1305031810.249478 -0.255228 -0.013225 -0.470055 0.053734 0.233469 0.125599 0.962720
1305031810.281498 -0.253845 -0.010015 -0.475633 0.039375 0.234709 0.127031 0.962925
1305031810.317488 -0.251325 -0.007608 -0.475886 0.027244 0.236714 0.126102 0.962976
1305031810.349482 -0.246048 -0.001933 -0.477165 0.018462 0.236979 0.132421 0.962271
1305031810.381463 -0.245951 -0.000225 -0.488247 0.008314 0.238032 0.136945 0.961518
1305031810.417445 -0.242126 0.006526 -0.491769 -0.000791 0.237024 0.143139 0.960901
1305031810.449427 -0.239279 0.005232 -0.514831 -0.016078 0.234425 0.146810 0.960850
1305031810.481449 -0.228171 0.006846 -0.527769 -0.031540 0.231667 0.147083 0.961094
1305031810.517384 -0.227087 0.007777 -0.539681 -0.044613 0.233107 0.153579 0.959210
1305031810.549512 -0.219349 0.012609 -0.544375 -0.053896 0.234748 0.157179 0.957749
1305031810.585416 -0.218871 0.019991 -0.569890 -0.065871 0.236845 0.158826 0.956211
1305031810.617391 -0.218298 0.030807 -0.584747 -0.070584 0.238654 0.167252 0.953986
1305031810.649392 -0.212767 0.034329 -0.578240 -0.074471 0.242105 0.174542 0.951512
1305031810.685423 -0.209089 0.040538 -0.576364 -0.073578 0.246124 0.181273 0.949289
1305031810.717449 -0.206361 0.044458 -0.580410 -0.069515 0.250852 0.189719 0.946704
1305031810.749419 -0.204600 0.059054 -0.596540 -0.058567 0.255374 0.196905 0.944766
1305031810.785316 -0.208477 0.070029 -0.611058 -0.046907 0.262556 0.204222 0.941890
1305031810.817385 -0.198987 0.060708 -0.601830 -0.038512 0.271514 0.203624 0.939858
1305031810.849415 -0.193398 0.058863 -0.608193 -0.024803 0.281916 0.203779 0.937221
1305031810.885396 -0.189668 0.058435 -0.614436 -0.009098 0.294060 0.203067 0.933922
1305031810.917724 -0.190406 0.060849 -0.621994 0.004868 0.303442 0.203351 0.930885
1305031810.949471 -0.193288 0.060415 -0.632683 0.023774 0.314006 0.203851 0.926974
1305031810.985423 -0.188397 0.057925 -0.646558 0.044134 0.324880 0.202022 0.922872
1305031811.017436 -0.183936 0.048855 -0.656105 0.057203 0.333760 0.203455 0.918661
1305031811.049445 -0.184364 0.054259 -0.666693 0.073265 0.339382 0.204040 0.915325
1305031811.085404 -0.184916 0.052668 -0.673500 0.091070 0.346799 0.203069 0.911153
1305031811.117449 -0.186176 0.045650 -0.680600 0.106620 0.355856 0.203422 0.905880
1305031811.149652 -0.183426 0.043672 -0.685609 0.116814 0.362457 0.203074 0.902076
1305031811.185423 -0.178097 0.044961 -0.690598 0.128356 0.368230 0.200952 0.898638
1305031811.217448 -0.179929 0.039028 -0.699756 0.138635 0.375958 0.197949 0.894568
1305031811.249459 -0.179568 0.035554 -0.708279 0.148761 0.384711 0.196562 0.889512
1305031811.285401 -0.182735 0.029905 -0.709244 0.161009 0.395637 0.194784 0.882953
1305031811.317471 -0.190294 0.026683 -0.708834 0.176618 0.407301 0.192634 0.875102
1305031811.349438 -0.187256 0.017611 -0.715743 0.192149 0.417522 0.191545 0.867216
1305031811.385421 -0.195533 0.017187 -0.714713 0.210639 0.427303 0.189883 0.858480
1305031811.417400 -0.202672 0.007832 -0.717068 0.227639 0.436537 0.185683 0.850375
1305031811.449532 -0.206004 0.002970 -0.730586 0.243332 0.444455 0.179921 0.843136
1305031811.485413 -0.207511 -0.019196 -0.742733 0.253850 0.453160 0.177291 0.835927
1305031811.517423 -0.214058 -0.026263 -0.754042 0.263851 0.461631 0.173081 0.829049
1305031811.549533 -0.217768 -0.033659 -0.756706 0.274905 0.470608 0.169300 0.821154
1305031811.585347 -0.225415 -0.037382 -0.759146 0.287383 0.479578 0.163713 0.812781
1305031811.617439 -0.229037 -0.049011 -0.768648 0.301251 0.486379 0.161798 0.804055
1305031811.649459 -0.236100 -0.056988 -0.776036 0.316617 0.491858 0.158087 0.795511
1305031811.685432 -0.244510 -0.058444 -0.769783 0.331663 0.497047 0.154914 0.786731
1305031811.717529 -0.250470 -0.067094 -0.778884 0.343746 0.499820 0.151422 0.780442
1305031811.749420 -0.259420 -0.080492 -0.789013 0.354327 0.503021 0.148041 0.774278
1305031811.785416 -0.269683 -0.092353 -0.791729 0.363794 0.506941 0.145458 0.767793
1305031811.817440 -0.291356 -0.116503 -0.788616 0.373233 0.513487 0.145308 0.758890
1305031811.849504 -0.300614 -0.127754 -0.794619 0.382548 0.515571 0.144265 0.753015
1305031811.885446 -0.309235 -0.137861 -0.803063 0.391591 0.517015 0.141184 0.747943
1305031811.917451 -0.316942 -0.145859 -0.809217 0.400078 0.519387 0.136532 0.742654
1305031811.949446 -0.327003 -0.154274 -0.812213 0.408582 0.523241 0.131500 0.736197
1305031811.985433 -0.335637 -0.160752 -0.819094 0.418757 0.526529 0.127502 0.728802
1305031812.017466 -0.345033 -0.169437 -0.822206 0.428230 0.529373 0.124993 0.721637
1305031812.049451 -0.353067 -0.178079 -0.833702 0.436375 0.530892 0.121325 0.716247
1305031812.085454 -0.363307 -0.188068 -0.838451 0.443579 0.534095 0.117030 0.710129
1305031812.117430 -0.366384 -0.187857 -0.858598 0.450755 0.535660 0.112028 0.705222
1305031812.149444 -0.365652 -0.184548 -0.834512 0.463941 0.542378 0.106188 0.692321
1305031812.185398 -0.364595 -0.177159 -0.813305 0.474281 0.548064 0.099655 0.681728
1305031812.217575 -0.374561 -0.183466 -0.824827 0.479277 0.552256 0.095835 0.675369
1305031812.249442 -0.388770 -0.200581 -0.856080 0.482004 0.554031 0.097295 0.671756
1305031812.285269 -0.394159 -0.204622 -0.859691 0.486637 0.555353 0.098513 0.667130
1305031812.317439 -0.396046 -0.202348 -0.863602 0.491436 0.556760 0.096954 0.662653
1305031812.349628 -0.396524 -0.199905 -0.849158 0.496629 0.562506 0.093626 0.654355
1305031812.385430 -0.407190 -0.203606 -0.862138 0.499062 0.569144 0.092797 0.646840
1305031812.417396 -0.406970 -0.199287 -0.855724 0.504278 0.577075 0.089623 0.636126
1305031812.449401 -0.403021 -0.186913 -0.857298 0.504283 0.581476 0.088550 0.632253
1305031812.485444 -0.394708 -0.166290 -0.840876 0.502099 0.587356 0.087129 0.628743
1305031812.517424 -0.392453 -0.158333 -0.839346 0.495037 0.592625 0.089635 0.629046
1305031812.549479 -0.380847 -0.139935 -0.817263 0.491396 0.598201 0.091261 0.626384
1305031812.585434 -0.381939 -0.134064 -0.799973 0.482101 0.605585 0.097138 0.625628
1305031812.617435 -0.378303 -0.107142 -0.800007 0.473235 0.607619 0.101570 0.629707
1305031812.649447 -0.387372 -0.127396 -0.818966 0.457498 0.612692 0.114321 0.634220
1305031812.685438 -0.372487 -0.096674 -0.804518 0.450350 0.615241 0.121427 0.635546
1305031812.717447 -0.406305 -0.099896 -0.840564 0.435393 0.613268 0.139061 0.644202
1305031812.749493 -0.396589 -0.081432 -0.835193 0.426715 0.614531 0.146831 0.647076
1305031812.785436 -0.414377 -0.093676 -0.857716 0.408891 0.613773 0.163666 0.655213
1305031812.817595 -0.387484 -0.069934 -0.834527 0.399987 0.616134 0.171267 0.656549
1305031812.849411 -0.379983 -0.054517 -0.831701 0.390322 0.614455 0.182417 0.660922
1305031812.885427 -0.375137 -0.049400 -0.831934 0.378400 0.613904 0.194089 0.665030
1305031812.917509 -0.366073 -0.041314 -0.826588 0.366476 0.613741 0.206627 0.668073
1305031812.949555 -0.358725 -0.030003 -0.821966 0.355193 0.613392 0.218197 0.670804
1305031812.985457 -0.353701 -0.016948 -0.817886 0.345227 0.611163 0.230726 0.673843
1305031813.017436 -0.344572 0.003146 -0.809423 0.334186 0.608052 0.242456 0.678091
1305031813.049489 -0.338940 0.015141 -0.801172 0.323272 0.604940 0.254593 0.681708
1305031813.085316 -0.332893 0.022312 -0.795490 0.314492 0.601076 0.266822 0.684550
1305031813.117438 -0.326576 0.049120 -0.783343 0.305932 0.594023 0.280392 0.689146
1305031813.149429 -0.322229 0.061116 -0.774294 0.296534 0.587434 0.292602 0.693811
1305031813.185427 -0.319025 0.070672 -0.765911 0.286134 0.580802 0.304416 0.698661
1305031813.217526 -0.317394 0.086080 -0.747645 0.278344 0.574792 0.314108 0.702478
1305031813.249435 -0.314845 0.095024 -0.736845 0.268841 0.567683 0.325027 0.706978
1305031813.285403 -0.312146 0.103225 -0.728897 0.259045 0.561123 0.334742 0.711326
1305031813.317420 -0.306146 0.104615 -0.733550 0.245900 0.555008 0.344049 0.716331
1305031813.349429 -0.302409 0.109309 -0.731689 0.234359 0.550985 0.353296 0.718800
1305031813.385390 -0.299111 0.112669 -0.728085 0.223181 0.546989 0.364693 0.719717
1305031813.417434 -0.297023 0.117739 -0.723472 0.211879 0.543497 0.375458 0.720243
1305031813.449445 -0.300911 0.129127 -0.713870 0.201313 0.538661 0.386962 0.720817
1305031813.485393 -0.305878 0.141266 -0.697411 0.191158 0.533140 0.398826 0.721219
1305031813.517402 -0.305499 0.149540 -0.690558 0.180243 0.527616 0.408773 0.722523
1305031813.549456 -0.305639 0.155107 -0.686056 0.166711 0.523270 0.418138 0.723572
1305031813.585413 -0.305594 0.157789 -0.683161 0.153704 0.519159 0.427854 0.723733
1305031813.617514 -0.304677 0.164946 -0.676518 0.142957 0.516367 0.434724 0.723840
1305031813.649317 -0.305861 0.169350 -0.670404 0.132121 0.514125 0.441912 0.723141
1305031813.685390 -0.308948 0.171404 -0.664451 0.121013 0.511084 0.449428 0.722609
1305031813.717434 -0.313088 0.170814 -0.657822 0.110963 0.507691 0.455614 0.722740
1305031813.749460 -0.317981 0.176938 -0.647503 0.102043 0.504602 0.459832 0.723546
1305031813.785473 -0.322835 0.176661 -0.640792 0.091220 0.499669 0.466338 0.724250
1305031813.817425 -0.331800 0.176053 -0.634199 0.081559 0.493492 0.474233 0.724511
1305031813.849442 -0.350843 0.166614 -0.623432 0.068746 0.488892 0.482101 0.723766
1305031813.885478 -0.355654 0.161563 -0.622120 0.056548 0.477390 0.496680 0.722641
1305031813.917420 -0.312446 0.192575 -0.615650 0.043636 0.461457 0.512827 0.722608
1305031813.949430 -0.271531 0.219342 -0.615017 0.032723 0.447569 0.527288 0.721512
1305031813.985350 -0.238521 0.240752 -0.621336 0.024829 0.433407 0.543714 0.718274
1305031814.017410 -0.201542 0.268307 -0.621447 0.020358 0.419835 0.560126 0.713851
1305031814.049397 -0.165735 0.291869 -0.623750 0.016865 0.405986 0.573745 0.711131
1305031814.085369 -0.165587 0.298881 -0.619235 0.017286 0.402086 0.581131 0.707329
1305031814.117410 -0.169384 0.296616 -0.610477 0.017820 0.403503 0.587674 0.701076
1305031814.149406 -0.178313 0.300099 -0.603155 0.022507 0.408774 0.589526 0.696317
1305031814.185515 -0.168066 0.301797 -0.602442 0.026092 0.411659 0.587399 0.696289
1305031814.217368 -0.171158 0.299844 -0.602476 0.031152 0.420383 0.590162 0.688489
1305031814.249436 -0.133098 0.298101 -0.605524 0.029150 0.427342 0.598879 0.676663
1305031814.285406 -0.128934 0.250244 -0.651046 0.034352 0.434880 0.606752 0.664493
1305031814.317389 -0.131574 0.248157 -0.654109 0.042675 0.446865 0.607538 0.655277
1305031814.349391 -0.128282 0.250043 -0.656227 0.053302 0.460380 0.607462 0.645135
1305031814.385364 -0.137787 0.242607 -0.666277 0.064382 0.475031 0.605475 0.635295
1305031814.417465 -0.145210 0.238249 -0.673069 0.074180 0.489954 0.605132 0.623103
1305031814.449403 -0.150011 0.234764 -0.678189 0.083826 0.504840 0.605168 0.609820
1305031814.485389 -0.153560 0.236375 -0.694460 0.093033 0.518954 0.603614 0.598065
1305031814.517461 -0.160035 0.236020 -0.711044 0.099358 0.534670 0.601825 0.584860
1305031814.549456 -0.161334 0.238476 -0.724877 0.106361 0.549283 0.600253 0.571552
1305031814.585485 -0.154937 0.253677 -0.756211 0.113914 0.559829 0.598786 0.561312
1305031814.617521 -0.156303 0.255207 -0.765029 0.124319 0.577393 0.593464 0.546775
1305031814.649442 -0.165840 0.250913 -0.773689 0.132132 0.594302 0.587187 0.533439
1305031814.685443 -0.163420 0.256363 -0.785548 0.139378 0.605671 0.583206 0.523075
1305031814.717506 -0.164969 0.256180 -0.796124 0.147619 0.618201 0.576345 0.513676
1305031814.749513 -0.170079 0.255038 -0.799202 0.154637 0.631120 0.568047 0.505073
1305031814.785428 -0.172625 0.254054 -0.805992 0.160160 0.641574 0.562642 0.496151
1305031814.817655 -0.174518 0.253084 -0.811126 0.164304 0.651529 0.555683 0.489623
1305031814.849469 -0.176566 0.251891 -0.818079 0.165881 0.661569 0.548547 0.483638
1305031814.885483 -0.177597 0.251534 -0.824249 0.169842 0.673217 0.541009 0.474597
1305031814.917497 -0.178577 0.250251 -0.826770 0.173727 0.683362 0.533343 0.467311
1305031814.949453 -0.178362 0.250056 -0.833118 0.177341 0.690555 0.526683 0.462913
1305031814.985407 -0.180192 0.246955 -0.834577 0.181967 0.698579 0.519626 0.457016
1305031815.017453 -0.182654 0.245322 -0.839108 0.186662 0.705581 0.514067 0.450609
1305031815.049420 -0.180735 0.242441 -0.832804 0.190924 0.712000 0.509029 0.444403
1305031815.085286 -0.183550 0.239340 -0.831733 0.197633 0.715926 0.504177 0.440678
1305031815.117774 -0.182987 0.237765 -0.838922 0.203961 0.718150 0.500031 0.438895
1305031815.149413 -0.186702 0.236659 -0.845322 0.210248 0.719531 0.496682 0.437468
1305031815.185441 -0.187294 0.232272 -0.849050 0.214749 0.721860 0.492793 0.435841
1305031815.217524 -0.188274 0.230133 -0.851159 0.218812 0.724953 0.486662 0.435573
1305031815.249490 -0.188987 0.228218 -0.853058 0.222761 0.728892 0.480092 0.434287
1305031815.285447 -0.190302 0.224534 -0.855965 0.226544 0.733808 0.472604 0.432261
1305031815.317708 -0.191773 0.221694 -0.854935 0.228498 0.740095 0.464007 0.429820
1305031815.349477 -0.192528 0.219056 -0.857014 0.229545 0.745788 0.456809 0.427124
1305031815.385427 -0.193793 0.216316 -0.857464 0.232902 0.752659 0.447787 0.422786
1305031815.417561 -0.195064 0.213128 -0.855522 0.236192 0.757000 0.441798 0.419499
1305031815.449601 -0.196480 0.210006 -0.853244 0.239448 0.759685 0.436517 0.418327
1305031815.485593 -0.197950 0.209326 -0.850126 0.242040 0.762586 0.430505 0.417786
1305031815.517598 -0.198637 0.207861 -0.850244 0.243487 0.764819 0.426537 0.416932
1305031815.549484 -0.199672 0.206682 -0.848078 0.244715 0.766774 0.423142 0.416080
1305031815.585442 -0.200114 0.205533 -0.847972 0.245129 0.768146 0.420918 0.415561
1305031815.617445 -0.200511 0.204584 -0.847211 0.246373 0.769033 0.419587 0.414530
1305031815.649511 -0.200521 0.205995 -0.844394 0.246760 0.769811 0.418616 0.413838
1305031815.685482 -0.199761 0.206736 -0.841838 0.246898 0.770000 0.419170 0.412842
1305031815.717591 -0.198879 0.207062 -0.842368 0.247019 0.769471 0.420340 0.412566
1305031815.749417 -0.197872 0.206881 -0.844186 0.245231 0.769336 0.421273 0.412932
1305031815.785408 -0.197583 0.207612 -0.836067 0.245538 0.769949 0.421348 0.411528
1305031815.817442 -0.196244 0.208487 -0.837903 0.245694 0.768974 0.423073 0.411489
