# timestamp tx ty tz qx qy qz qw
1305031790.645155 0.000000 0.000000 0.000000 0.000000 0.000000 0.000000 1.000000
1305031790.681208 0.003738 0.005797 -0.000865 -0.011033 0.000888 0.003471 0.999933
1305031790.713097 0.008367 0.011671 0.002773 -0.021646 0.000482 0.006620 0.999744
1305031790.745223 0.011453 0.011988 0.001712 -0.032673 0.002795 0.009952 0.999413
1305031790.781258 0.014788 0.024297 0.004451 -0.038922 0.004855 0.016860 0.999088
1305031790.813207 0.022697 0.028382 0.001776 -0.052263 0.005373 0.023985 0.998331
1305031790.845151 0.027936 0.032847 0.004919 -0.065547 0.006676 0.032131 0.997310
1305031790.882094 0.034916 0.035018 0.009600 -0.077056 0.009479 0.038673 0.996231
1305031790.913129 0.037178 0.036530 0.009078 -0.084774 0.016600 0.045190 0.995236
1305031790.945171 0.039315 0.031267 0.007164 -0.094816 0.024204 0.053287 0.993773
1305031790.981159 0.040536 0.032131 0.008822 -0.097167 0.030386 0.062718 0.992825
1305031791.013075 0.066725 0.017014 0.010219 -0.101600 0.025739 0.075277 0.991639
1305031791.045137 0.072730 0.014934 0.008052 -0.090078 0.032844 0.084056 0.991838
1305031791.081293 0.070834 0.023730 0.011229 -0.074059 0.044565 0.096966 0.991528
1305031791.113136 0.098644 -0.007641 0.000978 -0.066209 0.050253 0.096467 0.991859
1305031791.145096 0.098941 -0.013811 -0.009910 -0.039742 0.070734 0.096791 0.991992
1305031791.181287 0.113063 -0.015984 -0.009005 -0.017444 0.084532 0.104322 0.990791
1305031791.213098 0.128425 -0.046954 -0.019845 -0.000281 0.099340 0.101978 0.989814
1305031791.245087 0.133615 -0.041924 -0.031176 0.032497 0.119073 0.105511 0.986728
1305031791.281340 0.127139 -0.054004 -0.027979 0.053370 0.141584 0.106628 0.982719
1305031791.313088 0.143384 -0.051576 -0.026108 0.083936 0.155292 0.123752 0.976486
1305031791.345123 0.135454 -0.062759 -0.071457 0.108783 0.178495 0.113378 0.971314
1305031791.382161 0.131343 -0.070272 -0.075364 0.129767 0.196177 0.119525 0.964567
1305031791.413087 0.130341 -0.075714 -0.081570 0.156887 0.208341 0.126324 0.957091
1305031791.445165 0.133297 -0.070806 -0.073369 0.186158 0.218753 0.133946 0.948447
1305031791.481375 0.137491 -0.065409 -0.101645 0.206397 0.222836 0.139583 0.942476
1305031791.513084 0.138875 -0.069882 -0.105513 0.227616 0.228035 0.140689 0.936161
1305031791.545065 0.124284 -0.076561 -0.113346 0.247485 0.236221 0.143000 0.928710
1305031791.581127 0.119882 -0.077960 -0.119235 0.263209 0.243192 0.143209 0.922534
1305031791.613194 0.123932 -0.081516 -0.118759 0.279926 0.248240 0.143569 0.916191
1305031791.645074 0.121508 -0.076469 -0.133272 0.299495 0.252046 0.137770 0.909833
1305031791.681062 0.132972 -0.046109 -0.100094 0.329762 0.257958 0.132314 0.898448
1305031791.713242 0.137870 -0.055422 -0.126759 0.346712 0.262812 0.133905 0.890387
1305031791.745148 0.123796 -0.044930 -0.117790 0.368421 0.274782 0.127740 0.878887
1305031791.781286 0.125734 -0.071318 -0.152044 0.378670 0.282307 0.126835 0.872253
1305031791.813247 0.109887 -0.061069 -0.110459 0.405212 0.299191 0.121676 0.855268
1305031791.845123 0.070427 -0.041607 -0.080690 0.430057 0.315550 0.124030 0.836717
1305031791.881072 0.015784 -0.022923 -0.080856 0.444832 0.332505 0.126953 0.821856
1305031791.913193 0.066259 -0.043126 -0.095160 0.458193 0.331369 0.119098 0.816131
1305031791.948998 0.019873 -0.024196 -0.047923 0.481282 0.345877 0.119429 0.796538
1305031791.981259 0.033910 -0.015008 -0.039499 0.498197 0.348014 0.114439 0.785869
1305031792.013213 0.017836 -0.023305 -0.047878 0.510001 0.356397 0.111095 0.774944
1305031792.050221 0.006703 -0.028756 -0.052609 0.520275 0.362252 0.105877 0.766079
1305031792.081058 0.057295 -0.000765 0.016959 0.544530 0.361022 0.094787 0.751110
1305031792.113127 0.035647 -0.008245 0.004569 0.548934 0.366677 0.095241 0.745083
1305031792.149109 0.035378 -0.007497 0.019327 0.557962 0.368508 0.093231 0.737691
1305031792.181099 0.036773 -0.008310 0.013500 0.561834 0.370760 0.088072 0.734250
1305031792.213166 0.044584 -0.004217 0.006477 0.566669 0.373180 0.081368 0.730070
1305031792.249088 0.034253 -0.004476 0.006650 0.569599 0.375931 0.079684 0.726556
1305031792.281069 0.021205 -0.008449 0.016930 0.570725 0.379357 0.079930 0.723860
1305031792.313073 0.013383 -0.006017 0.009320 0.569591 0.378578 0.080459 0.725101
1305031792.349198 0.006598 0.000919 0.020941 0.566044 0.379075 0.081585 0.727489
1305031792.381062 -0.010407 0.010735 0.048564 0.561679 0.383746 0.087095 0.727784
1305031792.413074 -0.023422 0.005011 0.049534 0.552257 0.384702 0.096893 0.733231
1305031792.449168 -0.000934 0.020030 0.035621 0.543430 0.377584 0.101133 0.742890
1305031792.481098 -0.008867 0.018833 0.086896 0.539418 0.382494 0.107816 0.742363
1305031792.513052 -0.017068 0.019947 0.121205 0.530827 0.384602 0.117222 0.746031
1305031792.549157 -0.029491 0.018703 0.117981 0.514679 0.383389 0.129937 0.755801
1305031792.581136 0.006468 0.029131 0.120785 0.502791 0.377578 0.134606 0.765844
1305031792.613102 0.025480 0.056000 0.156825 0.494533 0.376666 0.140927 0.770519
1305031792.649254 0.020969 0.063627 0.169426 0.480168 0.379849 0.149331 0.776436
1305031792.681063 0.013454 0.033462 0.102845 0.450218 0.377806 0.161706 0.792728
1305031792.713116 0.034077 0.047260 0.089756 0.434250 0.372320 0.168334 0.802788
1305031792.749097 0.033586 0.043005 0.090882 0.417666 0.371201 0.177163 0.810172
1305031792.781106 0.025534 0.039917 0.129293 0.404516 0.376648 0.184091 0.812781
1305031792.813144 0.054934 0.051633 0.096940 0.386243 0.366869 0.191698 0.824303
1305031792.849022 0.063752 0.071172 0.117475 0.376334 0.366325 0.197285 0.827803
1305031792.881064 0.059684 0.054776 0.116073 0.357268 0.368744 0.208261 0.832475
1305031792.913316 0.082656 0.072679 0.103615 0.344016 0.362032 0.214866 0.839297
1305031792.949047 0.082152 0.062754 0.109703 0.328436 0.359891 0.227374 0.843154
1305031792.981139 0.087908 0.064718 0.110805 0.314009 0.354178 0.240960 0.847287
1305031793.013059 0.090821 0.086574 0.138862 0.306455 0.349835 0.252605 0.848465
1305031793.049115 0.099673 0.083113 0.141126 0.294028 0.346985 0.262843 0.850919
1305031793.081172 0.094308 0.087531 0.155607 0.284375 0.348871 0.273382 0.850107
1305031793.113126 0.097887 0.106047 0.166505 0.277671 0.351106 0.281936 0.848608
1305031793.149098 0.105228 0.122218 0.174976 0.270609 0.353545 0.288912 0.847530
1305031793.181113 0.111039 0.123540 0.175355 0.260044 0.356964 0.296462 0.846796
1305031793.213203 0.112656 0.108379 0.176577 0.245523 0.362898 0.306218 0.845136
1305031793.249128 0.117122 0.109212 0.177781 0.233641 0.366652 0.314414 0.843873
1305031793.281300 0.127117 0.123682 0.185277 0.225408 0.369321 0.319056 0.843206
1305031793.313159 0.132063 0.125006 0.188849 0.214807 0.371803 0.328228 0.841360
1305031793.349110 0.141685 0.125467 0.188665 0.203509 0.372248 0.337415 0.840337
1305031793.381139 0.146909 0.132931 0.198640 0.195195 0.372826 0.345428 0.838796
1305031793.413790 0.149851 0.134230 0.209547 0.185905 0.374295 0.354097 0.836635
1305031793.449092 0.150741 0.148368 0.220810 0.178945 0.376066 0.361668 0.834116
1305031793.481359 0.156730 0.139381 0.225577 0.166114 0.377781 0.373107 0.830950
1305031793.513246 0.161271 0.149638 0.233955 0.158870 0.377710 0.382851 0.827962
1305031793.549071 0.166683 0.143073 0.242373 0.147822 0.378231 0.393486 0.824778
1305031793.581157 0.173840 0.145530 0.244955 0.137074 0.376960 0.405596 0.821343
1305031793.613153 0.178136 0.148986 0.250279 0.128148 0.374882 0.419396 0.816792
1305031793.649429 0.180520 0.152774 0.257887 0.118748 0.372987 0.430221 0.813443
1305031793.681107 0.183950 0.153638 0.268879 0.108944 0.371643 0.441738 0.809247
1305031793.713169 0.192180 0.152033 0.269090 0.097363 0.367761 0.454160 0.805612
1305031793.749040 0.194593 0.160919 0.277520 0.089606 0.364015 0.465734 0.801595
1305031793.781106 0.199313 0.153502 0.283320 0.077328 0.361228 0.477157 0.797406
1305031793.813185 0.206891 0.147767 0.290837 0.066014 0.359090 0.487279 0.793256
1305031793.849143 0.217725 0.153216 0.291817 0.058493 0.354703 0.497631 0.789384
1305031793.881130 0.219609 0.157408 0.299226 0.052948 0.354386 0.506743 0.784103
1305031793.913043 0.218850 0.146471 0.304532 0.044959 0.355416 0.515071 0.778691
1305031793.949037 0.230891 0.141779 0.301802 0.035881 0.351127 0.523782 0.775290
1305031793.981122 0.234904 0.146148 0.304963 0.032088 0.348775 0.530645 0.771843
1305031794.013091 0.245100 0.153350 0.304567 0.029065 0.346238 0.537847 0.768111
1305031794.049085 0.248993 0.143861 0.303551 0.024063 0.348005 0.543429 0.763544
1305031794.081104 0.250883 0.135083 0.303583 0.021319 0.349433 0.548603 0.759261
1305031794.113117 0.258808 0.144060 0.297082 0.022827 0.345975 0.552897 0.757684
1305031794.149250 0.262116 0.137101 0.297659 0.023421 0.349241 0.555290 0.754410
1305031794.181114 0.270946 0.135637 0.289998 0.025250 0.351046 0.556400 0.752694
1305031794.213850 0.282074 0.131325 0.280954 0.027575 0.354495 0.556300 0.751068
1305031794.249049 0.297824 0.136422 0.265970 0.034178 0.356943 0.554647 0.750860
1305031794.281224 0.304520 0.133318 0.255445 0.041520 0.363442 0.551083 0.749995
1305031794.313689 0.312008 0.127610 0.243466 0.048572 0.371145 0.546136 0.749418
1305031794.349120 0.296773 0.131569 0.253675 0.064507 0.385425 0.536250 0.748146
1305031794.381128 0.306684 0.127152 0.234108 0.075234 0.392315 0.528942 0.748765
1305031794.414141 0.300747 0.128637 0.227255 0.086057 0.400634 0.520326 0.749231
1305031794.448978 0.301029 0.124281 0.220375 0.094578 0.408190 0.511838 0.749972
1305031794.481048 0.308768 0.103891 0.207189 0.102782 0.414776 0.507898 0.747955
1305031794.513623 0.307364 0.103851 0.195134 0.116317 0.420802 0.502496 0.746253
1305031794.549055 0.305485 0.110612 0.178224 0.129433 0.425015 0.498402 0.744449
1305031794.581098 0.307745 0.105321 0.166394 0.139373 0.434778 0.493232 0.740450
1305031794.613605 0.304485 0.101521 0.158685 0.150504 0.447562 0.486968 0.734778
1305031794.649050 0.309126 0.110451 0.142892 0.162130 0.459601 0.480186 0.729316
1305031794.681066 0.304632 0.108490 0.126083 0.170426 0.475046 0.472054 0.722807
1305031794.713569 0.299244 0.102642 0.116801 0.178404 0.493696 0.465142 0.712796
1305031794.749055 0.304430 0.113695 0.118230 0.192534 0.516066 0.456215 0.698910
1305031794.781053 0.287025 0.092212 0.121508 0.200431 0.543527 0.444875 0.683003
1305031794.813436 0.272877 0.096545 0.119926 0.212818 0.568998 0.430557 0.667511
1305031794.849048 0.264317 0.087981 0.121409 0.222688 0.592221 0.418403 0.651631
1305031794.881088 0.262026 0.084550 0.104178 0.233358 0.611990 0.406245 0.637163
1305031794.913315 0.258900 0.080434 0.097582 0.244506 0.630103 0.394089 0.622801
1305031794.948993 0.244633 0.071844 0.093004 0.252151 0.647484 0.380359 0.610337
1305031794.981050 0.237086 0.073177 0.101098 0.259791 0.663290 0.367354 0.598002
1305031795.013529 0.236798 0.071252 0.082168 0.265855 0.672910 0.360121 0.588919
1305031795.049021 0.216336 0.046835 0.102159 0.267391 0.684977 0.354317 0.577727
1305031795.081170 0.214123 0.044485 0.083694 0.269119 0.690523 0.352401 0.571460
1305031795.113213 0.228415 0.032709 0.087734 0.272180 0.704173 0.342397 0.559306
1305031795.149077 0.218926 0.030449 0.079048 0.284019 0.714524 0.332316 0.546219
1305031795.181142 0.198911 0.034346 0.058824 0.293726 0.722240 0.323808 0.535950
1305031795.213481 0.192881 0.031067 0.051188 0.304026 0.729623 0.318301 0.523358
1305031795.249044 0.185319 0.017855 0.026827 0.312145 0.733577 0.315482 0.514685
1305031795.281099 0.176271 0.013833 0.017669 0.319543 0.739041 0.310327 0.505378
1305031795.312920 0.174038 -0.001785 0.008001 0.324500 0.746155 0.306199 0.494161
1305031795.349100 0.172358 -0.009777 -0.017889 0.324153 0.754768 0.298228 0.486118
1305031795.381002 0.163343 -0.018530 -0.030775 0.324202 0.764202 0.292780 0.474519
1305031795.413224 0.161842 -0.029982 -0.030233 0.324718 0.775452 0.289600 0.457562
1305031795.449070 0.144290 -0.005604 -0.046927 0.328670 0.780724 0.286393 0.447689
1305031795.481096 0.144188 -0.004607 -0.051397 0.329160 0.788378 0.284172 0.435155
1305031795.513242 0.141629 0.001341 -0.055973 0.330607 0.795254 0.281196 0.423318
1305031795.549114 0.145690 0.006270 -0.051659 0.330463 0.802596 0.276954 0.412226
1305031795.581136 0.137847 0.002962 -0.068716 0.328380 0.807678 0.275438 0.404915
1305031795.613267 0.154217 0.014666 -0.039355 0.330012 0.815874 0.268857 0.391354
1305031795.649064 0.131559 0.002540 -0.079680 0.323073 0.821461 0.266259 0.387211
1305031795.681015 0.128386 0.009662 -0.084478 0.324690 0.825991 0.262675 0.378573
1305031795.713123 0.120833 0.007435 -0.087679 0.322982 0.828368 0.265364 0.372923
1305031795.749082 0.125784 0.003991 -0.075421 0.318310 0.831329 0.270707 0.366455
1305031795.781166 0.158197 0.024705 -0.046580 0.310316 0.838476 0.271114 0.356593
1305031795.813074 0.163288 0.050745 -0.041783 0.307900 0.839744 0.277236 0.350954
1305031795.849070 0.169814 0.033235 -0.041146 0.301207 0.838139 0.294466 0.346535
1305031795.881078 0.180194 0.036343 -0.051122 0.296114 0.834028 0.311745 0.345729
1305031795.913138 0.189754 0.051502 -0.047105 0.292156 0.830747 0.324359 0.345390
1305031795.949065 0.197738 0.055706 -0.042867 0.286349 0.826651 0.339833 0.345205
1305031795.981148 0.211403 0.058496 -0.041982 0.278092 0.822287 0.358056 0.343955
1305031796.013148 0.217802 0.065250 -0.038096 0.271652 0.818244 0.374169 0.341585
1305031796.049088 0.227555 0.071256 -0.034077 0.265485 0.813509 0.390316 0.339669
1305031796.081227 0.238048 0.076508 -0.024156 0.258793 0.807693 0.407348 0.338713
1305031796.113719 0.239509 0.077167 -0.031355 0.251946 0.798891 0.427348 0.340102
