# timestamp tx ty tz qx qy qz qw
1305031790.645155 0.000000 0.000000 0.000000 0.000000 0.000000 0.000000 1.000000
1305031790.681208 0.004770 0.007111 0.001389 -0.010345 0.000108 0.003418 0.999941
1305031790.713097 0.009048 0.010449 0.002888 -0.022225 0.000195 0.006284 0.999733
1305031790.745223 0.017681 0.015400 0.005041 -0.031390 -0.000836 0.011571 0.999440
1305031790.781258 0.027661 0.023186 0.006791 -0.040030 -0.001791 0.019425 0.999008
1305031790.813207 0.033358 0.030581 0.007295 -0.052154 -0.000799 0.027358 0.998264
1305031790.845151 0.041733 0.035745 0.010004 -0.064916 -0.001045 0.034746 0.997285
1305031790.882094 0.051673 0.039325 0.012086 -0.076160 0.000432 0.042258 0.996200
1305031790.913129 0.059809 0.040049 0.011864 -0.084647 0.004273 0.049369 0.995178
1305031790.945171 0.064335 0.041924 0.012176 -0.091029 0.009879 0.056780 0.994179
1305031790.981159 0.063793 0.041119 0.013350 -0.094497 0.016402 0.065926 0.993204
1305031791.013075 0.063534 0.038061 0.008140 -0.093281 0.023304 0.080316 0.992121
1305031791.045137 0.069906 0.027853 -0.004661 -0.085415 0.032868 0.087741 0.991930
1305031791.081293 0.066775 0.017734 -0.023858 -0.077712 0.048166 0.097718 0.991006
1305031791.113136 0.071620 -0.008853 -0.032267 -0.069649 0.062098 0.101141 0.990486
1305031791.145096 0.086189 -0.043914 -0.071924 -0.055281 0.079933 0.097798 0.990450
1305031791.181287 0.084896 -0.073645 -0.088014 -0.045945 0.101056 0.098665 0.988909
1305031791.213098 0.098593 -0.103027 -0.111697 -0.027238 0.115569 0.095422 0.988330
1305031791.245087 0.104180 -0.128971 -0.161100 -0.007434 0.134131 0.086701 0.987136
1305031791.281340 0.103243 -0.139202 -0.169635 0.014517 0.154368 0.090002 0.983799
1305031791.313088 0.089758 -0.149748 -0.179207 0.044625 0.178234 0.089374 0.978904
1305031791.345123 0.090204 -0.160600 -0.197667 0.069522 0.196274 0.090179 0.973915
1305031791.382161 0.081248 -0.165198 -0.191740 0.093466 0.214954 0.098412 0.967147
1305031791.413087 0.076065 -0.176491 -0.202603 0.119304 0.226831 0.106227 0.960745
1305031791.445165 0.071866 -0.175126 -0.209458 0.146445 0.237110 0.112299 0.953793
1305031791.481375 0.058061 -0.173720 -0.206894 0.169009 0.248148 0.118845 0.946432
1305031791.513084 0.042127 -0.181304 -0.209780 0.190175 0.256287 0.122059 0.939815
1305031791.545065 0.036478 -0.183049 -0.215460 0.210894 0.262406 0.122085 0.933682
1305031791.581127 0.031578 -0.189316 -0.223026 0.226666 0.269179 0.124423 0.927731
1305031791.613194 0.020123 -0.207181 -0.231883 0.240112 0.276470 0.123653 0.922291
1305031791.645074 0.011862 -0.219164 -0.241988 0.257823 0.282646 0.118817 0.916254
1305031791.681062 0.000970 -0.218084 -0.244317 0.280875 0.291163 0.115464 0.907194
1305031791.713242 0.003898 -0.235458 -0.261872 0.296314 0.297155 0.114907 0.900385
1305031791.745148 -0.006366 -0.244036 -0.278556 0.312894 0.306251 0.113568 0.891858
1305031791.781286 -0.006153 -0.258175 -0.294541 0.327617 0.314131 0.109745 0.884276
1305031791.813247 -0.005864 -0.257121 -0.295919 0.347653 0.323672 0.104000 0.873818
1305031791.845123 0.006993 -0.264800 -0.302662 0.367186 0.331404 0.099244 0.863421
1305031791.881072 -0.007677 -0.246759 -0.266576 0.390041 0.347258 0.093377 0.847680
1305031791.913193 -0.010490 -0.261171 -0.288181 0.400898 0.350667 0.094146 0.841101
1305031791.948998 -0.001555 -0.248844 -0.269314 0.423469 0.354079 0.089111 0.829073
1305031791.981259 -0.033842 -0.266383 -0.293107 0.430591 0.363241 0.088606 0.821460
1305031792.013213 -0.024278 -0.268505 -0.302182 0.444724 0.364995 0.084030 0.813596
1305031792.050221 -0.054318 -0.278797 -0.308078 0.454614 0.373948 0.079713 0.804447
1305031792.081058 -0.007844 -0.248351 -0.251165 0.477856 0.371253 0.071282 0.792934
1305031792.113127 -0.027699 -0.257641 -0.266792 0.482103 0.375993 0.071544 0.788091
1305031792.149109 -0.023104 -0.257558 -0.265135 0.490085 0.376439 0.068631 0.783199
1305031792.181099 -0.013539 -0.251677 -0.254983 0.497509 0.378462 0.061057 0.778154
1305031792.213166 -0.016471 -0.249655 -0.259715 0.502475 0.381465 0.056523 0.773827
1305031792.249088 -0.016466 -0.258187 -0.280532 0.503069 0.380756 0.055178 0.773887
1305031792.281069 -0.018856 -0.254801 -0.281655 0.503796 0.381355 0.053529 0.773235
1305031792.313073 -0.026166 -0.254288 -0.284754 0.503358 0.380874 0.054337 0.773701
1305031792.349198 -0.014680 -0.239629 -0.265650 0.502993 0.378293 0.054361 0.775202
1305031792.381062 -0.013733 -0.228235 -0.246495 0.498894 0.380030 0.058168 0.776723
1305031792.413074 -0.017168 -0.231737 -0.248294 0.489632 0.379545 0.067470 0.782083
1305031792.449168 -0.012051 -0.219276 -0.233033 0.483068 0.378075 0.073378 0.786333
1305031792.481098 -0.003340 -0.217792 -0.238906 0.472832 0.375138 0.079864 0.793298
1305031792.513052 -0.000392 -0.212409 -0.224687 0.461317 0.373408 0.090407 0.799737
1305031792.549157 0.006767 -0.208099 -0.222373 0.446290 0.371730 0.098682 0.808025
1305031792.581136 0.017652 -0.197159 -0.214094 0.432038 0.371093 0.105632 0.815153
1305031792.613102 0.012839 -0.197310 -0.194681 0.418120 0.375248 0.114394 0.819316
1305031792.649254 0.019537 -0.188700 -0.179851 0.404643 0.377443 0.121215 0.824080
1305031792.681063 0.024125 -0.194647 -0.207963 0.382668 0.377466 0.128360 0.833432
1305031792.713116 0.024278 -0.187621 -0.191053 0.368267 0.379222 0.137237 0.837697
1305031792.749097 0.026267 -0.147352 -0.150458 0.362933 0.379392 0.142839 0.839010
1305031792.781106 0.030661 -0.143636 -0.144943 0.347326 0.379074 0.149158 0.844642
1305031792.813144 0.035567 -0.082704 -0.103012 0.345920 0.377999 0.157055 0.844269
1305031792.849022 0.039039 -0.078712 -0.093358 0.331699 0.379476 0.163466 0.848088
1305031792.881064 0.030753 -0.089075 -0.094869 0.313954 0.383016 0.172971 0.851359
1305031792.913316 0.061108 -0.054136 -0.073964 0.307047 0.377465 0.180050 0.854883
1305031792.949047 0.068581 -0.045964 -0.066143 0.294958 0.373880 0.191229 0.858281
1305031792.981139 0.075039 -0.038750 -0.057015 0.282288 0.369457 0.204511 0.861388
1305031793.013059 0.080618 -0.025637 -0.042841 0.270787 0.365768 0.216459 0.863732
1305031793.049115 0.085118 -0.017248 -0.032957 0.261317 0.364321 0.226196 0.864765
1305031793.081172 0.084479 -0.014365 -0.021693 0.251183 0.366504 0.235894 0.864255
1305031793.113126 0.089896 -0.003216 -0.014784 0.242397 0.369519 0.244847 0.862988
1305031793.149098 0.096881 0.006386 -0.010734 0.234034 0.372796 0.252568 0.861661
1305031793.181113 0.102255 0.005204 -0.004831 0.223414 0.377813 0.260145 0.860039
1305031793.213203 0.106462 0.007783 -0.002037 0.212856 0.382627 0.268287 0.858086
1305031793.249128 0.111864 0.014502 0.000914 0.202747 0.386769 0.275707 0.856323
1305031793.281300 0.116611 0.017519 0.004588 0.192125 0.391071 0.282604 0.854568
1305031793.313159 0.122639 0.021344 0.009628 0.182097 0.394336 0.291426 0.852297
1305031793.349110 0.128489 0.026351 0.009624 0.172677 0.395472 0.300555 0.850559
1305031793.381139 0.132712 0.026359 0.015990 0.162537 0.396954 0.309465 0.848670
1305031793.413790 0.135697 0.036347 0.024352 0.154985 0.398051 0.317710 0.846520
1305031793.449092 0.139485 0.042785 0.030297 0.146330 0.400015 0.326160 0.843917
1305031793.481359 0.142523 0.049384 0.036487 0.137222 0.401788 0.336351 0.840598
1305031793.513246 0.147914 0.056554 0.042604 0.129094 0.402518 0.346450 0.837428
1305031793.549071 0.153803 0.049430 0.046774 0.117324 0.403298 0.356725 0.834466
1305031793.581157 0.155095 0.061017 0.057740 0.110523 0.403761 0.368779 0.829918
1305031793.613153 0.161900 0.062254 0.058037 0.100632 0.402048 0.382738 0.825677
1305031793.649429 0.167820 0.057888 0.066032 0.089743 0.401052 0.394961 0.821650
1305031793.681107 0.169901 0.066760 0.076455 0.082003 0.399916 0.406192 0.817527
1305031793.713169 0.172068 0.068910 0.083087 0.072983 0.398083 0.418748 0.812929
1305031793.749040 0.175309 0.066231 0.088649 0.062972 0.395795 0.431068 0.808431
1305031793.781106 0.173831 0.065871 0.096232 0.054343 0.393077 0.443839 0.803458
1305031793.813185 0.182459 0.074798 0.108849 0.045076 0.391856 0.452085 0.800023
1305031793.849143 0.185622 0.078997 0.118082 0.038832 0.391078 0.461147 0.795547
1305031793.881130 0.199800 0.086152 0.117527 0.032664 0.387048 0.472010 0.791412
1305031793.913043 0.194105 0.079086 0.123563 0.026010 0.389351 0.480907 0.785148
1305031793.949037 0.189926 0.082442 0.129190 0.022222 0.388589 0.487533 0.781547
1305031793.981122 0.170643 0.089505 0.150894 0.022010 0.394301 0.489539 0.777428
1305031794.013091 0.178442 0.091785 0.150609 0.018685 0.393391 0.496812 0.773351
1305031794.049085 0.183478 0.089061 0.150984 0.015683 0.394304 0.502220 0.769450
1305031794.081104 0.186964 0.086582 0.150274 0.014567 0.394449 0.507339 0.766032
1305031794.113117 0.193043 0.084537 0.146623 0.014161 0.393612 0.511945 0.763401
1305031794.149250 0.204500 0.088044 0.140251 0.016095 0.392228 0.514817 0.762143
1305031794.181114 0.210551 0.086592 0.134564 0.018963 0.394715 0.515532 0.760308
1305031794.213850 0.219520 0.084170 0.125184 0.022433 0.397671 0.514868 0.759121
1305031794.249049 0.227176 0.077492 0.115263 0.028017 0.403350 0.512647 0.757441
1305031794.281224 0.231123 0.074830 0.106763 0.036525 0.410398 0.508026 0.756405
1305031794.313689 0.231724 0.068928 0.099891 0.044699 0.418563 0.502145 0.755419
1305031794.349120 0.252051 0.005125 0.084343 0.041316 0.427022 0.502182 0.750839
1305031794.381128 0.256197 -0.004698 0.073336 0.052019 0.435328 0.493774 0.750980
1305031794.414141 0.246870 -0.005509 0.079926 0.063629 0.445820 0.483808 0.750417
1305031794.448978 0.239180 -0.004822 0.080008 0.074658 0.453628 0.474534 0.750643
1305031794.481048 0.250985 -0.024927 0.052175 0.082637 0.456628 0.471056 0.750178
1305031794.513623 0.249099 -0.030963 0.040579 0.095689 0.462433 0.465530 0.748519
1305031794.549055 0.243558 -0.024544 0.038215 0.109261 0.469147 0.458831 0.746617
1305031794.581098 0.248745 -0.032562 0.022308 0.118783 0.477136 0.453800 0.743167
1305031794.613605 0.245856 -0.036268 0.012661 0.130118 0.488829 0.446598 0.738015
1305031794.649050 0.246787 -0.035820 -0.007130 0.140515 0.500238 0.439323 0.732811
1305031794.681066 0.240809 -0.039350 -0.015565 0.149797 0.516600 0.429567 0.725367
1305031794.713569 0.242842 -0.043487 -0.038420 0.157284 0.531219 0.422436 0.717367
1305031794.749055 0.234745 -0.044100 -0.042754 0.170221 0.553773 0.411843 0.703382
1305031794.781053 0.217510 -0.055357 -0.053888 0.180496 0.577188 0.399404 0.689023
1305031794.813436 0.205861 -0.064442 -0.057783 0.191077 0.601326 0.385263 0.673401
1305031794.849048 0.207294 -0.067215 -0.073423 0.201573 0.619925 0.373546 0.659944
1305031794.881088 0.197718 -0.085883 -0.073452 0.212817 0.642084 0.360985 0.641971
1305031794.913315 0.188203 -0.096988 -0.077783 0.223303 0.660303 0.347040 0.627455
1305031794.948993 0.182574 -0.099775 -0.094672 0.231668 0.674169 0.333647 0.616852
1305031794.981050 0.182568 -0.118106 -0.124551 0.236555 0.683747 0.328678 0.607044
1305031795.013529 0.177044 -0.127011 -0.138532 0.242798 0.692921 0.322316 0.597513
1305031795.049021 0.169354 -0.123550 -0.137741 0.249147 0.701648 0.315329 0.588374
1305031795.081170 0.163150 -0.127061 -0.148151 0.252779 0.707893 0.312763 0.580662
1305031795.113213 0.157892 -0.134641 -0.164732 0.261487 0.716644 0.304904 0.570158
1305031795.149077 0.148141 -0.147494 -0.185549 0.271359 0.725071 0.296945 0.558981
1305031795.181142 0.138376 -0.150818 -0.192541 0.279926 0.734424 0.288361 0.546910
1305031795.213481 0.134074 -0.156604 -0.200685 0.290123 0.741571 0.282911 0.534661
1305031795.249044 0.130109 -0.160443 -0.211619 0.298862 0.746937 0.276950 0.525419
1305031795.281099 0.121479 -0.164212 -0.222341 0.305539 0.752195 0.271099 0.517063
1305031795.312920 0.115352 -0.171638 -0.234374 0.311362 0.758450 0.265541 0.507243
1305031795.349100 0.106395 -0.171166 -0.248058 0.314567 0.765388 0.258076 0.498623
1305031795.381002 0.090897 -0.174623 -0.263081 0.315752 0.773816 0.251989 0.487863
1305031795.413224 0.087368 -0.165924 -0.265735 0.318628 0.783814 0.245869 0.472927
1305031795.449070 0.079409 -0.157109 -0.274682 0.322382 0.790385 0.243872 0.460313
1305031795.481096 0.074173 -0.155608 -0.283168 0.323492 0.797208 0.241899 0.448661
1305031795.513242 0.071912 -0.149381 -0.287839 0.325094 0.804239 0.238045 0.436862
1305031795.549114 0.072303 -0.156476 -0.288708 0.324953 0.810981 0.236468 0.425204
1305031795.581136 0.073769 -0.154711 -0.297189 0.322937 0.816985 0.232638 0.417284
1305031795.613267 0.069979 -0.150878 -0.300660 0.321544 0.823041 0.228271 0.408785
1305031795.649064 0.071713 -0.153618 -0.312533 0.319951 0.829605 0.223490 0.399298
1305031795.681015 0.069599 -0.155115 -0.316011 0.320726 0.834499 0.220354 0.390116
1305031795.713123 0.070943 -0.144150 -0.310391 0.322428 0.837165 0.220617 0.382783
1305031795.749082 0.097573 -0.211295 -0.266751 0.309374 0.846296 0.231016 0.367019
1305031795.781166 0.105782 -0.209165 -0.264573 0.302394 0.849577 0.238626 0.360327
1305031795.813074 0.108727 -0.206594 -0.265127 0.298276 0.850824 0.248962 0.353762
1305031795.849070 0.108109 -0.203643 -0.265657 0.294445 0.848301 0.265073 0.351317
1305031795.881078 0.117220 -0.205562 -0.266002 0.287692 0.846319 0.280473 0.349730
1305031795.913138 0.121598 -0.206699 -0.275168 0.283599 0.842229 0.296596 0.349647
1305031795.949065 0.141749 -0.189010 -0.257326 0.278709 0.840318 0.308683 0.347710
1305031795.981148 0.153823 -0.181733 -0.255892 0.269792 0.837131 0.325487 0.347104
1305031796.013148 0.167027 -0.177578 -0.247020 0.262904 0.834613 0.341100 0.343444
1305031796.049088 0.177092 -0.188102 -0.259158 0.256107 0.828443 0.363110 0.340943
1305031796.081227 0.185834 -0.181868 -0.257098 0.249244 0.822392 0.381410 0.340699
1305031796.113719 0.196273 -0.177970 -0.261076 0.241830 0.815217 0.400886 0.340925
1305031796.149087 0.206505 -0.173237 -0.259324 0.235470 0.809265 0.417971 0.339035
1305031796.181009 0.215467 -0.165330 -0.255406 0.230422 0.803609 0.434074 0.335706
1305031796.213056 0.222569 -0.153067 -0.249192 0.223947 0.798296 0.449434 0.332538
1305031796.249114 0.221621 -0.153317 -0.257769 0.216391 0.792955 0.465341 0.328413
1305031796.281099 0.221186 -0.146174 -0.248616 0.212704 0.789470 0.477507 0.321686
1305031796.313206 0.221256 -0.135967 -0.235603 0.209534 0.784404 0.490443 0.316655
1305031796.349054 0.226331 -0.134609 -0.234957 0.203276 0.777282 0.506688 0.312697
1305031796.381169 0.226779 -0.126025 -0.226760 0.200382 0.771670 0.518768 0.308631
1305031796.413114 0.227369 -0.118574 -0.213563 0.196278 0.765421 0.531724 0.304754
1305031796.449049 0.229581 -0.116652 -0.210702 0.190879 0.757000 0.547017 0.302140
1305031796.481178 0.230101 -0.114921 -0.211962 0.185719 0.749874 0.559540 0.300187
1305031796.513165 0.231632 -0.110491 -0.201331 0.179079 0.745071 0.569256 0.297904
1305031796.549414 0.232477 -0.105058 -0.193580 0.172308 0.738070 0.581707 0.295264
1305031796.581120 0.234554 -0.101544 -0.182502 0.167948 0.731702 0.592863 0.291408
1305031796.613166 0.234820 -0.098402 -0.172818 0.165757 0.722601 0.605568 0.289241
1305031796.649028 0.233558 -0.093596 -0.165112 0.162788 0.711628 0.618760 0.290210
1305031796.681030 0.233240 -0.087180 -0.156203 0.158377 0.701664 0.630347 0.291970
1305031796.713147 0.231156 -0.082101 -0.147572 0.155532 0.692486 0.641376 0.291393
1305031796.749469 0.229391 -0.076412 -0.138794 0.153363 0.683998 0.651555 0.290004
1305031796.781363 0.226729 -0.070763 -0.126703 0.150652 0.675360 0.661413 0.289354
1305031796.813481 0.224201 -0.065612 -0.121718 0.149100 0.664415 0.673241 0.288217
1305031796.849581 0.222027 -0.060929 -0.113894 0.149056 0.655640 0.682455 0.286660
1305031796.881184 0.218125 -0.054876 -0.100697 0.149536 0.646898 0.690715 0.286488
1305031796.913356 0.214405 -0.050118 -0.089993 0.148288 0.636228 0.700704 0.286771
1305031796.949588 0.210467 -0.045210 -0.080425 0.148509 0.627193 0.708851 0.286540
1305031796.981203 0.207478 -0.040942 -0.071125 0.146335 0.618091 0.717129 0.286837
1305031797.013522 0.203457 -0.036721 -0.062853 0.142797 0.610521 0.724297 0.286821
1305031797.049323 0.198533 -0.033066 -0.054594 0.139735 0.603765 0.730900 0.285880
1305031797.081390 0.193811 -0.030133 -0.047471 0.135664 0.596840 0.737583 0.285218
1305031797.113039 0.187837 -0.027263 -0.038740 0.132907 0.590944 0.743288 0.283978
1305031797.149544 0.183110 -0.025040 -0.034698 0.132279 0.582527 0.751568 0.279839
1305031797.181422 0.176351 -0.023090 -0.031965 0.133304 0.573297 0.759759 0.276273
1305031797.213700 0.173703 -0.015378 -0.027705 0.135219 0.561954 0.768537 0.274363
1305031797.249703 0.167432 -0.014253 -0.022294 0.137278 0.551756 0.775998 0.273032
1305031797.281270 0.161004 -0.010761 -0.014379 0.139933 0.543789 0.780881 0.273746
1305031797.313580 0.155977 -0.008936 -0.009920 0.139426 0.537426 0.784910 0.275047
1305031797.349646 0.149973 -0.007963 -0.004108 0.139152 0.532663 0.789025 0.272667
1305031797.381715 0.144800 -0.004635 -0.002025 0.139588 0.526451 0.794114 0.269719
1305031797.413427 0.139522 -0.003316 0.002095 0.140808 0.522928 0.797224 0.266746
1305031797.449441 0.134708 -0.001398 0.003557 0.142291 0.519729 0.799912 0.264152
1305031797.481228 0.129765 0.000958 0.004826 0.145014 0.517522 0.801757 0.261395
1305031797.513094 0.124339 0.004568 0.005589 0.147947 0.515908 0.802898 0.259432
1305031797.549579 0.116999 0.002418 0.007128 0.151465 0.521180 0.799347 0.257826
1305031797.581134 0.115268 0.001723 0.003234 0.155269 0.528896 0.795410 0.251961
1305031797.613380 0.115563 0.009586 -0.000755 0.159509 0.538413 0.790146 0.245638
1305031797.649456 0.109950 0.004725 -0.003171 0.162791 0.554632 0.780302 0.238771
1305031797.681479 0.106745 0.001252 -0.021327 0.164132 0.565287 0.774293 0.232340
1305031797.713069 0.096982 0.017435 -0.017673 0.165862 0.582220 0.760143 0.235993
1305031797.749314 0.056505 0.012755 -0.028798 0.170903 0.599513 0.747474 0.229476
1305031797.781335 0.033876 0.019357 -0.029791 0.168517 0.615661 0.733023 0.235034
1305031797.815809 0.013571 0.029368 -0.031727 0.162732 0.632465 0.717091 0.243488
1305031797.849286 0.007191 0.024112 -0.051958 0.161228 0.642252 0.710460 0.238251
1305031797.881089 0.005944 0.020960 -0.051450 0.161803 0.662017 0.696066 0.225931
1305031797.917110 0.007909 0.031775 -0.020611 0.161520 0.692466 0.669844 0.213800
1305031797.949860 -0.011197 0.019999 -0.083599 0.164538 0.688744 0.674226 0.209712
1305031797.981341 -0.013424 0.015849 -0.089365 0.165622 0.706676 0.659064 0.197011
1305031798.015014 -0.016448 0.012939 -0.096929 0.166466 0.723614 0.644342 0.183019
1305031798.049486 -0.018772 0.009254 -0.107127 0.168118 0.737002 0.632146 0.170166
1305031798.081407 -0.020263 0.006860 -0.111855 0.168480 0.753117 0.615949 0.158228
1305031798.114761 -0.021436 0.002892 -0.116417 0.168751 0.767209 0.601496 0.145313
1305031798.150524 -0.022906 -0.001250 -0.126032 0.169670 0.778245 0.589887 0.132589
1305031798.181474 -0.023747 -0.006265 -0.132382 0.172172 0.787020 0.579981 0.120739
1305031798.216929 -0.024026 -0.012482 -0.143791 0.169167 0.795548 0.570943 0.111847
1305031798.249819 -0.024788 -0.019303 -0.153752 0.166358 0.805339 0.560250 0.099368
1305031798.281361 -0.023960 -0.025160 -0.160568 0.164186 0.814804 0.549358 0.085699
1305031798.316991 -0.022139 -0.030438 -0.168678 0.162951 0.823262 0.538877 0.072785
1305031798.349307 -0.020883 -0.035678 -0.174986 0.162343 0.831809 0.527188 0.061739
1305031798.381404 -0.020483 -0.043040 -0.179943 0.159178 0.840229 0.515772 0.051552
1305031798.417222 -0.019465 -0.049139 -0.188236 0.155918 0.847705 0.505435 0.040258
1305031798.449035 -0.017507 -0.055627 -0.196919 0.153598 0.855352 0.493979 0.027678
1305031798.481500 -0.015647 -0.060296 -0.201529 0.152729 0.863405 0.480584 0.015629
1305031798.517143 -0.016460 -0.069026 -0.207206 0.149715 0.870709 0.468431 0.004919
1305031798.548961 -0.014815 -0.076172 -0.213091 0.146452 0.877023 0.457521 -0.007525
1305031798.581180 -0.014533 -0.082050 -0.222277 0.146446 0.883193 0.445071 -0.020871
1305031798.616885 -0.014199 -0.088159 -0.225275 0.145766 0.889070 0.432700 -0.032842
1305031798.649358 -0.013091 -0.093453 -0.230651 0.146171 0.893081 0.423013 -0.045834
1305031798.681151 -0.015084 -0.101069 -0.240979 0.149013 0.896303 0.413352 -0.059809
1305031798.717510 -0.014996 -0.109987 -0.247139 0.150399 0.900391 0.401498 -0.074000
1305031798.749406 -0.019267 -0.118776 -0.254739 0.151470 0.904358 0.389746 -0.085390
1305031798.781065 -0.021458 -0.127993 -0.261344 0.147947 0.909101 0.377922 -0.093925
1305031798.816637 -0.022078 -0.134304 -0.264076 0.142805 0.914842 0.363551 -0.102480
1305031798.849096 -0.024820 -0.145228 -0.268855 0.139116 0.919286 0.351080 -0.110919
1305031798.881162 -0.029677 -0.155504 -0.274673 0.136215 0.923169 0.339780 -0.117282
1305031798.916729 -0.032610 -0.167045 -0.280546 0.132139 0.926624 0.330799 -0.120330
1305031798.949081 -0.033028 -0.175319 -0.282016 0.127517 0.929734 0.322682 -0.123334
1305031798.981161 -0.036367 -0.180773 -0.284091 0.124272 0.932807 0.313488 -0.127092
1305031799.016404 -0.036824 -0.187821 -0.284484 0.119797 0.936150 0.303694 -0.130548
1305031799.049074 -0.035579 -0.198873 -0.284354 0.112826 0.938534 0.296971 -0.135025
1305031799.084199 -0.036878 -0.206721 -0.282773 0.105772 0.940126 0.292105 -0.140178
1305031799.116265 -0.041576 -0.213504 -0.282597 0.100387 0.941078 0.288495 -0.145140
1305031799.149115 -0.045139 -0.215090 -0.279170 0.095630 0.942095 0.284387 -0.149785
1305031799.184118 -0.043451 -0.227434 -0.271298 0.095180 0.941826 0.282614 -0.155029
1305031799.216310 -0.046790 -0.234901 -0.267617 0.096369 0.940937 0.283117 -0.158733
1305031799.249363 -0.051791 -0.238404 -0.265286 0.095174 0.939981 0.285035 -0.161657
1305031799.282103 -0.056164 -0.241131 -0.258410 0.092832 0.939105 0.286484 -0.165503
1305031799.317034 -0.060968 -0.242755 -0.255237 0.090198 0.937618 0.289486 -0.170102
1305031799.349113 -0.065936 -0.242314 -0.249274 0.086610 0.936352 0.291899 -0.174750
1305031799.385805 -0.069127 -0.250454 -0.238339 0.085765 0.934348 0.295506 -0.179762
1305031799.417024 -0.071954 -0.260089 -0.226692 0.087671 0.931358 0.301971 -0.183574
1305031799.449387 -0.073071 -0.261602 -0.218217 0.087412 0.928099 0.311017 -0.185093
1305031799.485240 -0.077596 -0.258971 -0.212105 0.086847 0.924035 0.322511 -0.186021
1305031799.517013 -0.082518 -0.255901 -0.205263 0.087337 0.919647 0.334075 -0.187126
1305031799.549017 -0.086652 -0.251490 -0.197562 0.088019 0.914737 0.346614 -0.188063
1305031799.581367 -0.091242 -0.247624 -0.191347 0.088930 0.909163 0.360431 -0.188689
1305031799.617168 -0.093461 -0.242244 -0.182375 0.090950 0.903785 0.372783 -0.189561
1305031799.649389 -0.095274 -0.235381 -0.171625 0.093988 0.898431 0.384388 -0.190355
1305031799.685205 -0.096717 -0.227461 -0.158630 0.097317 0.892629 0.396971 -0.190147
1305031799.717255 -0.096664 -0.220094 -0.148554 0.100019 0.886252 0.410751 -0.189308
1305031799.749314 -0.098137 -0.217770 -0.142588 0.104143 0.879823 0.423345 -0.189328
1305031799.785009 -0.097272 -0.207647 -0.127803 0.109407 0.873549 0.434908 -0.189198
1305031799.814635 -0.095527 -0.198319 -0.117003 0.113564 0.866631 0.447885 -0.188290
1305031799.849541 -0.096583 -0.193279 -0.111465 0.118522 0.858917 0.461335 -0.188106
1305031799.885152 -0.098692 -0.190313 -0.106707 0.122965 0.851197 0.474545 -0.187486
1305031799.916936 -0.095805 -0.176929 -0.092300 0.124226 0.843982 0.487496 -0.186038
1305031799.949274 -0.095764 -0.170792 -0.086736 0.126966 0.834811 0.502034 -0.186902
1305031799.985247 -0.096171 -0.165586 -0.079920 0.132620 0.825525 0.515363 -0.187939
1305031800.017563 -0.092517 -0.154000 -0.064940 0.137464 0.817648 0.526678 -0.187525
1305031800.049417 -0.091621 -0.145840 -0.057554 0.141298 0.808641 0.539668 -0.186797
1305031800.085021 -0.089834 -0.137227 -0.049120 0.144982 0.799769 0.551835 -0.186626
1305031800.117100 -0.088538 -0.130439 -0.042445 0.145865 0.791017 0.564246 -0.186122
1305031800.149417 -0.088615 -0.121801 -0.040641 0.144379 0.781446 0.577507 -0.187038
1305031800.185371 -0.087478 -0.115900 -0.034612 0.144236 0.771882 0.588939 -0.191165
1305031800.217463 -0.088600 -0.115730 -0.023804 0.147786 0.761746 0.600058 -0.194507
1305031800.249365 -0.086887 -0.103675 -0.005106 0.156413 0.750962 0.610582 -0.196928
1305031800.285564 -0.087728 -0.099567 -0.000250 0.158381 0.739477 0.624221 -0.196057
1305031800.317620 -0.092045 -0.100751 0.003923 0.160789 0.727384 0.637600 -0.196280
1305031800.353543 -0.116556 -0.120649 0.008398 0.169418 0.712211 0.652321 -0.196292
1305031800.386097 -0.117178 -0.115755 0.013551 0.171077 0.699676 0.664693 -0.198416
1305031800.417248 -0.118271 -0.112078 0.017067 0.172602 0.687292 0.676473 -0.200555
1305031800.453733 -0.096666 -0.112429 0.019805 0.169431 0.674838 0.688109 -0.205897
1305031800.485544 -0.082389 -0.105765 0.028638 0.172954 0.663023 0.696656 -0.212505
1305031800.517718 -0.082608 -0.105510 0.028172 0.177212 0.650170 0.706390 -0.216534
1305031800.553322 -0.087253 -0.104882 0.029868 0.180803 0.638136 0.715719 -0.218721
1305031800.585471 -0.090619 -0.113985 0.038481 0.184342 0.628772 0.722556 -0.220401
1305031800.617797 -0.094842 -0.122495 0.043643 0.187294 0.618625 0.730002 -0.222085
1305031800.653606 -0.102179 -0.138140 0.050920 0.190835 0.609158 0.737226 -0.221372
1305031800.685391 -0.102673 -0.138269 0.052312 0.193884 0.599814 0.743396 -0.223595
1305031800.713928 -0.106543 -0.142318 0.052418 0.197389 0.590596 0.749217 -0.225628
1305031800.753142 -0.108067 -0.142569 0.053062 0.201098 0.583123 0.753379 -0.227919
1305031800.784048 -0.106063 -0.133998 0.052380 0.204485 0.577479 0.754967 -0.233943
1305031800.816073 -0.128501 -0.115906 0.039907 0.208042 0.571324 0.757323 -0.238261
1305031800.853902 -0.119927 -0.118900 0.037141 0.207017 0.572831 0.752738 -0.249788
1305031800.885387 -0.118924 -0.120216 0.033514 0.205701 0.577659 0.745802 -0.260341
1305031800.917407 -0.117465 -0.134151 0.033304 0.205278 0.584225 0.736764 -0.271517
1305031800.953310 -0.125655 -0.155255 0.025110 0.201120 0.593396 0.727465 -0.279690
1305031800.985456 -0.133140 -0.192101 0.030524 0.197457 0.610463 0.710137 -0.289917
1305031801.017245 -0.162167 -0.245346 0.034575 0.201094 0.620028 0.696771 -0.299393
1305031801.053185 -0.143737 -0.264924 0.039814 0.193272 0.635037 0.677457 -0.316902
1305031801.085451 -0.170073 -0.248927 0.018715 0.182726 0.647398 0.664075 -0.326330
1305031801.118492 -0.174568 -0.258411 0.009849 0.168771 0.659903 0.650939 -0.335146
1305031801.149531 -0.171750 -0.265680 0.002838 0.155112 0.672088 0.635483 -0.346985
1305031801.183861 -0.185175 -0.273588 -0.012531 0.142097 0.683126 0.620811 -0.357408
1305031801.213116 -0.192805 -0.275642 -0.019818 0.129782 0.695097 0.603329 -0.368769
1305031801.253716 -0.210707 -0.283288 -0.041076 0.121269 0.703508 0.589479 -0.378002
1305031801.285330 -0.223492 -0.291226 -0.060688 0.112302 0.711622 0.577108 -0.384616
1305031801.317991 -0.224460 -0.298873 -0.069551 0.102181 0.720885 0.562796 -0.391337
1305031801.353056 -0.230596 -0.305916 -0.077789 0.093734 0.728962 0.549374 -0.397514
1305031801.385161 -0.239190 -0.316656 -0.092037 0.087182 0.734628 0.538711 -0.403126
1305031801.417254 -0.243172 -0.325845 -0.102853 0.080597 0.740895 0.527671 -0.407606
1305031801.453669 -0.248088 -0.335713 -0.111457 0.073890 0.747339 0.516718 -0.411130
1305031801.485339 -0.250718 -0.340276 -0.116064 0.068331 0.754299 0.503999 -0.415149
1305031801.521102 -0.258340 -0.356109 -0.131150 0.064663 0.760212 0.493338 -0.417749
1305031801.550360 -0.259460 -0.360264 -0.132422 0.058588 0.768344 0.480454 -0.418784
1305031801.585121 -0.262827 -0.367095 -0.136770 0.052972 0.775904 0.467979 -0.419718
1305031801.621195 -0.267183 -0.377685 -0.145145 0.047600 0.782698 0.455444 -0.421532
1305031801.653120 -0.270087 -0.383853 -0.147179 0.040870 0.791635 0.438724 -0.423279
1305031801.685203 -0.273767 -0.393199 -0.151895 0.033162 0.799911 0.423276 -0.424123
1305031801.721817 -0.277141 -0.404175 -0.157735 0.024765 0.807367 0.408407 -0.425145
1305031801.752480 -0.280345 -0.413610 -0.161490 0.017146 0.815157 0.392183 -0.425931
1305031801.785174 -0.283955 -0.422619 -0.164160 0.008207 0.821514 0.379384 -0.425576
1305031801.821418 -0.288110 -0.434514 -0.169703 -0.001929 0.825758 0.368708 -0.426819
1305031801.851002 -0.291603 -0.444842 -0.173900 -0.008635 0.830488 0.354415 -0.429657
1305031801.885576 -0.295562 -0.454727 -0.176952 -0.015080 0.835202 0.340978 -0.431212
1305031801.921443 -0.298336 -0.463548 -0.178625 -0.018746 0.839302 0.328919 -0.432473
1305031801.953529 -0.299255 -0.473044 -0.183947 -0.020199 0.842512 0.319737 -0.433051
1305031801.985177 -0.304576 -0.481234 -0.184871 -0.020850 0.846152 0.311038 -0.432258
1305031802.019635 -0.313143 -0.492595 -0.188975 -0.020566 0.849445 0.301672 -0.432451
1305031802.053378 -0.317899 -0.499897 -0.188546 -0.022783 0.851943 0.292813 -0.433514
1305031802.085024 -0.328110 -0.512088 -0.190357 -0.026680 0.853738 0.284672 -0.435179
1305031802.121330 -0.335889 -0.523664 -0.188974 -0.034089 0.855560 0.274371 -0.437694
1305031802.153489 -0.336326 -0.529255 -0.184901 -0.043134 0.855674 0.264088 -0.442967
1305031802.184636 -0.337781 -0.520526 -0.178386 -0.048852 0.854580 0.253580 -0.450559
1305031802.219761 -0.334566 -0.517903 -0.171575 -0.054565 0.852203 0.248584 -0.457142
1305031802.253164 -0.338016 -0.525843 -0.190408 -0.058493 0.845680 0.250701 -0.467496
1305031802.285391 -0.331923 -0.500045 -0.168555 -0.062904 0.843834 0.243138 -0.474205
1305031802.321380 -0.330240 -0.500268 -0.166796 -0.062682 0.839686 0.246313 -0.479925
1305031802.355076 -0.336978 -0.499129 -0.167046 -0.063896 0.835330 0.251502 -0.484652
1305031802.385226 -0.342164 -0.498965 -0.168283 -0.065746 0.831037 0.253519 -0.490697
1305031802.421369 -0.337354 -0.495319 -0.164564 -0.067562 0.826813 0.255361 -0.496596
1305031802.449744 -0.338688 -0.492040 -0.162512 0.068700 -0.822213 -0.260248 0.501514
1305031802.485287 -0.339417 -0.489311 -0.160422 0.068595 -0.818363 -0.263770 0.505967
1305031802.521528 -0.342483 -0.473800 -0.145195 0.066936 -0.815936 -0.265670 0.509105
1305031802.553670 -0.342493 -0.465075 -0.137562 0.065401 -0.810322 -0.276961 0.512244
1305031802.585495 -0.343306 -0.457771 -0.133299 0.063293 -0.803228 -0.289932 0.516487
1305031802.621110 -0.341856 -0.434991 -0.117397 0.061062 -0.795920 -0.301841 0.521225
1305031802.651419 -0.342454 -0.424135 -0.111631 0.054869 -0.783338 -0.323502 0.527937
1305031802.685525 -0.342313 -0.412994 -0.104432 0.046283 -0.771900 -0.341973 0.533931
1305031802.721569 -0.341539 -0.403123 -0.099209 0.037602 -0.761820 -0.359915 0.537286
1305031802.751107 -0.341880 -0.393387 -0.093501 0.028466 -0.749898 -0.380428 0.540479
1305031802.781462 -0.341183 -0.369769 -0.076686 0.022060 -0.739534 -0.395478 0.544243
1305031802.821775 -0.345032 -0.358338 -0.074686 0.014738 -0.726393 -0.410291 0.551178
1305031802.853834 -0.346614 -0.352497 -0.068516 0.005237 -0.714052 -0.421200 0.559189
1305031802.881495 -0.342232 -0.335673 -0.054136 -0.003369 -0.703245 -0.429146 0.566807
1305031802.921541 -0.343678 -0.323370 -0.044150 -0.009593 -0.692471 -0.439068 0.572374
1305031802.954816 -0.345795 -0.312630 -0.035613 -0.013735 -0.681375 -0.447870 0.578749
1305031802.981472 -0.332279 -0.286515 -0.020864 -0.011194 -0.671836 -0.450652 0.587728
1305031803.021892 -0.331868 -0.277633 -0.016223 -0.014433 -0.658300 -0.458008 0.597211
1305031803.053848 -0.329939 -0.272862 -0.003647 -0.019140 -0.646135 -0.464471 0.605318
1305031803.081564 -0.329794 -0.261512 -0.002735 -0.025007 -0.632986 -0.467934 0.616231
1305031803.122150 -0.324662 -0.257764 0.005291 -0.030914 -0.621270 -0.471834 0.624853
1305031803.153726 -0.322942 -0.250932 0.008819 -0.037512 -0.607622 -0.477758 0.633353
1305031803.181556 -0.323003 -0.243215 0.014971 -0.044468 -0.595598 -0.481094 0.641743
1305031803.222085 -0.323286 -0.233548 0.019366 -0.050820 -0.583402 -0.483976 0.650251
1305031803.253820 -0.321554 -0.227195 0.023198 -0.057102 -0.570505 -0.489126 0.657281
1305031803.281525 -0.319076 -0.219339 0.028588 -0.062723 -0.558101 -0.492859 0.664589
1305031803.317577 -0.315310 -0.211826 0.039351 -0.068611 -0.547640 -0.495015 0.671077
1305031803.353814 -0.312093 -0.204747 0.044955 -0.074794 -0.535969 -0.498968 0.676885
1305031803.381500 -0.309952 -0.198237 0.046094 -0.082150 -0.523971 -0.502396 0.682864
1305031803.421407 -0.305987 -0.194417 0.053060 -0.088912 -0.515161 -0.503456 0.687921
1305031803.449877 -0.300429 -0.189954 0.061216 -0.093126 -0.507346 -0.505663 0.691543
1305031803.481465 -0.296849 -0.186243 0.064649 -0.098395 -0.497831 -0.507338 0.696484
1305031803.517799 -0.293513 -0.183548 0.068026 -0.104429 -0.488925 -0.508636 0.700954
1305031803.553155 -0.289466 -0.180285 0.074645 -0.109527 -0.481975 -0.509562 0.704308
1305031803.581589 -0.286360 -0.178525 0.076589 -0.116473 -0.475136 -0.509177 0.708109
1305031803.617751 -0.283070 -0.178433 0.077987 -0.124225 -0.469350 -0.510539 0.709668
1305031803.655171 -0.280064 -0.176476 0.083648 -0.129730 -0.463605 -0.515128 0.709143
1305031803.681398 -0.276979 -0.175141 0.089302 -0.134788 -0.456552 -0.518584 0.710256
1305031803.721616 -0.275838 -0.173728 0.090574 -0.142478 -0.447790 -0.521720 0.712034
1305031803.753975 -0.272827 -0.174087 0.093506 -0.155227 -0.440738 -0.524003 0.712092
1305031803.781407 -0.268203 -0.172961 0.097014 -0.165346 -0.434126 -0.528831 0.710305
1305031803.822206 -0.266389 -0.169191 0.101717 -0.174332 -0.426298 -0.535459 0.707928
1305031803.854255 -0.262241 -0.171149 0.103373 -0.187864 -0.419075 -0.539311 0.705852
1305031803.881449 -0.256802 -0.169229 0.108050 -0.196176 -0.411757 -0.546694 0.702209
1305031803.922274 -0.250337 -0.168309 0.110849 -0.204658 -0.404158 -0.552466 0.699680
1305031803.953868 -0.252154 -0.175309 0.106828 -0.222304 -0.393173 -0.555451 0.698190
1305031803.981401 -0.253837 -0.175456 0.108369 -0.235200 -0.381806 -0.564266 0.693187
1305031804.021970 -0.256078 -0.179894 0.095709 -0.251678 -0.371404 -0.563013 0.694070
1305031804.049573 -0.257862 -0.164799 0.046220 -0.252039 -0.353917 -0.567414 0.699472
1305031804.081462 -0.252662 -0.159509 0.028478 -0.256708 -0.343770 -0.572880 0.698378
1305031804.121789 -0.242436 -0.156986 0.028357 -0.260545 -0.339378 -0.575516 0.696937
1305031804.149358 -0.231092 -0.158852 0.025775 -0.264985 -0.333986 -0.578017 0.695796
1305031804.181425 -0.231063 -0.154667 0.031422 -0.271680 -0.327989 -0.578806 0.695411
1305031804.221921 -0.237684 -0.145294 0.046422 -0.275634 -0.323991 -0.580922 0.693963
1305031804.249373 -0.228680 -0.148006 0.048692 -0.273200 -0.326249 -0.578758 0.695675
1305031804.281501 -0.234057 -0.143979 0.042899 -0.269247 -0.324922 -0.576449 0.699742
1305031804.321896 -0.237787 -0.146970 0.021467 -0.260750 -0.326980 -0.573083 0.704748
1305031804.349404 -0.235248 -0.164888 0.035502 -0.255930 -0.336321 -0.565586 0.708167
1305031804.381556 -0.237562 -0.189072 0.046828 -0.248976 -0.347178 -0.558251 0.711221
1305031804.420328 -0.252588 -0.202377 0.047848 -0.239067 -0.353529 -0.550646 0.717394
1305031804.449409 -0.274795 -0.199709 0.066055 -0.230799 -0.357247 -0.533957 0.730750
1305031804.481461 -0.284747 -0.207718 0.061062 -0.215590 -0.362989 -0.523688 0.739940
1305031804.520303 -0.289578 -0.213714 0.053372 -0.196708 -0.369580 -0.514064 0.748635
1305031804.549408 -0.294262 -0.200352 0.058637 -0.173549 -0.377354 -0.504045 0.757247
1305031804.581465 -0.276000 -0.209525 0.040354 -0.135321 -0.386744 -0.507202 0.758197
1305031804.620866 -0.273156 -0.217268 0.031783 -0.112881 -0.394187 -0.501161 0.762045
1305031804.649383 -0.278968 -0.227431 0.026619 -0.095440 -0.400694 -0.494554 0.765345
1305031804.681565 -0.284035 -0.237186 0.020277 -0.076593 -0.405770 -0.487379 0.769381
1305031804.721729 -0.291031 -0.246450 0.014843 -0.055574 -0.410654 -0.479516 0.773524
1305031804.749416 -0.296662 -0.255912 0.006347 -0.032953 -0.415775 -0.470730 0.777469
1305031804.781659 -0.306217 -0.266254 -0.005442 -0.010052 -0.419374 -0.463618 0.780438
1305031804.821911 -0.305807 -0.271915 -0.020997 0.017303 -0.423581 -0.454143 0.783603
1305031804.849385 -0.316981 -0.281252 -0.022446 0.043147 -0.428011 -0.442192 0.787027
1305031804.881471 -0.314029 -0.285000 -0.036693 0.068694 -0.431890 -0.429071 0.790348
1305031804.921921 -0.319464 -0.285315 -0.047888 0.090884 -0.434237 -0.417367 0.793084
1305031804.949441 -0.326445 -0.291942 -0.058849 0.108207 -0.437552 -0.407217 0.794364
1305031804.981491 -0.333317 -0.299001 -0.066462 0.123077 -0.441090 -0.396317 0.795754
1305031805.021242 -0.339510 -0.300816 -0.075876 0.138365 -0.443966 -0.383644 0.797851
1305031805.049231 -0.346038 -0.304681 -0.082571 0.151080 -0.446881 -0.370313 0.800213
1305031805.081417 -0.352257 -0.308702 -0.096978 0.162206 -0.448958 -0.359037 0.802009
1305031805.120785 -0.358882 -0.312293 -0.105271 0.172158 -0.452876 -0.347205 0.802941
1305031805.149367 -0.363743 -0.314760 -0.112292 0.181507 -0.456233 -0.337317 0.803196
1305031805.181532 -0.367810 -0.315685 -0.119035 0.190412 -0.458432 -0.329625 0.803076
1305031805.217403 -0.373428 -0.318438 -0.127677 0.199261 -0.459166 -0.322816 0.803276
1305031805.249372 -0.378666 -0.318384 -0.136491 0.207466 -0.459865 -0.314237 0.804200
1305031805.281451 -0.381070 -0.323270 -0.142152 0.215176 -0.460947 -0.307752 0.804062
1305031805.317464 -0.385364 -0.333259 -0.158631 0.225397 -0.458601 -0.304105 0.803991
1305031805.349450 -0.388135 -0.336311 -0.166829 0.239645 -0.455770 -0.296271 0.804405
1305031805.381600 -0.390751 -0.328713 -0.171757 0.256949 -0.454029 -0.285084 0.804091
1305031805.417337 -0.390560 -0.329186 -0.169648 0.272962 -0.454224 -0.275082 0.802186
1305031805.449399 -0.385981 -0.330601 -0.178678 0.291444 -0.453196 -0.268866 0.798364
1305031805.481531 -0.405540 -0.294262 -0.239709 0.312654 -0.441484 -0.262100 0.799152
1305031805.517400 -0.405806 -0.294010 -0.242016 0.333192 -0.440015 -0.253631 0.794382
1305031805.549419 -0.405301 -0.292857 -0.260642 0.349667 -0.436244 -0.247185 0.791406
1305031805.581456 -0.412656 -0.304810 -0.275496 0.362843 -0.434145 -0.241323 0.788433
1305031805.617604 -0.414512 -0.299263 -0.293327 0.375878 -0.431406 -0.236397 0.785316
1305031805.649369 -0.413293 -0.183575 -0.280566 0.394531 -0.421385 -0.225879 0.784703
1305031805.681431 -0.414943 -0.173155 -0.321966 0.394610 -0.415302 -0.220219 0.789501
1305031805.717375 -0.419597 -0.188266 -0.353272 0.386931 -0.410439 -0.218735 0.796228
1305031805.749402 -0.419873 -0.188822 -0.352794 0.378793 -0.406357 -0.218398 0.802305
1305031805.781456 -0.427819 -0.203323 -0.377330 0.360020 -0.400509 -0.220163 0.813331
1305031805.817409 -0.419943 -0.187404 -0.342929 0.340725 -0.395354 -0.226347 0.822417
1305031805.849383 -0.419674 -0.187358 -0.354439 0.313116 -0.386857 -0.232182 0.835698
1305031805.881469 -0.433327 -0.165171 -0.403679 0.291015 -0.375223 -0.235432 0.847992
1305031805.917405 -0.434500 -0.171593 -0.399113 0.270905 -0.368990 -0.241047 0.855776
1305031805.949380 -0.434342 -0.175651 -0.395589 0.252793 -0.364070 -0.243326 0.862752
1305031805.981495 -0.426422 -0.166813 -0.369413 0.238995 -0.359907 -0.246614 0.867484
1305031806.017424 -0.426337 -0.174327 -0.360276 0.223116 -0.352001 -0.250745 0.873751
1305031806.049372 -0.419437 -0.161135 -0.353498 0.214436 -0.342529 -0.253565 0.878861
1305031806.081522 -0.405152 -0.141739 -0.344426 0.208544 -0.334028 -0.254634 0.883231
1305031806.117332 -0.399413 -0.136414 -0.334951 0.199077 -0.323227 -0.258914 0.888176
1305031806.149389 -0.394410 -0.133142 -0.324084 0.187321 -0.313282 -0.260545 0.893802
1305031806.181476 -0.380953 -0.117035 -0.310628 0.177375 -0.305054 -0.261056 0.898515
1305031806.217460 -0.375900 -0.111936 -0.301948 0.162245 -0.295444 -0.265269 0.903339
1305031806.249441 -0.371302 -0.116897 -0.292531 0.145745 -0.286516 -0.269938 0.907634
1305031806.281505 -0.362084 -0.107877 -0.278959 0.134214 -0.277159 -0.274784 0.910859
1305031806.317554 -0.357676 -0.100748 -0.268388 0.120515 -0.267277 -0.276602 0.915167
1305031806.349431 -0.353892 -0.098257 -0.261913 0.103968 -0.258760 -0.277109 0.919480
1305031806.381481 -0.346894 -0.093441 -0.250014 0.087363 -0.251943 -0.278706 0.922613
1305031806.417443 -0.342584 -0.091916 -0.240626 0.069947 -0.244892 -0.278594 0.926024
1305031806.449379 -0.338134 -0.090373 -0.232932 0.056951 -0.238523 -0.279322 0.928355
1305031806.481355 -0.325139 -0.087636 -0.221508 0.047637 -0.232813 -0.281222 0.929754
1305031806.517514 -0.319767 -0.082583 -0.213122 0.038066 -0.221694 -0.281843 0.932720
1305031806.549401 -0.314198 -0.072074 -0.205620 0.027883 -0.211988 -0.280450 0.935752
1305031806.581728 -0.302839 -0.059952 -0.193757 0.017090 -0.205107 -0.281873 0.937116
1305031806.617478 -0.296301 -0.056654 -0.185092 0.002761 -0.196669 -0.283596 0.938556
1305031806.649416 -0.291225 -0.053172 -0.177762 -0.010892 -0.187306 -0.281839 0.940938
1305031806.681381 -0.286026 -0.047169 -0.170981 -0.024430 -0.179273 -0.277555 0.943519
1305031806.717432 -0.282751 -0.042843 -0.165456 -0.039027 -0.173171 -0.273781 0.945269
1305031806.749457 -0.279760 -0.037587 -0.160554 -0.053202 -0.168382 -0.269939 0.946546
1305031806.781564 -0.272810 -0.033153 -0.154412 -0.065751 -0.166810 -0.265996 0.947152
1305031806.817410 -0.266686 -0.032681 -0.148403 -0.077978 -0.163282 -0.263436 0.947555
1305031806.849447 -0.262083 -0.026487 -0.143389 -0.087545 -0.155971 -0.261993 0.948350
1305031806.881395 -0.259273 -0.020489 -0.138644 -0.097455 -0.148830 -0.260990 0.948808
1305031806.917809 -0.255605 -0.013804 -0.134347 -0.106191 -0.143105 -0.257818 0.949618
1305031806.949486 -0.252370 -0.001154 -0.130188 -0.111523 -0.137678 -0.255388 0.950465
1305031806.981465 -0.250160 0.003746 -0.126158 -0.121053 -0.132729 -0.252562 0.950758
1305031807.017431 -0.249619 0.005437 -0.124017 -0.131241 -0.126367 -0.249236 0.951151
1305031807.049424 -0.243125 0.017164 -0.119686 -0.131936 -0.122994 -0.244618 0.952695
1305031807.081512 -0.234190 0.032515 -0.114370 -0.128752 -0.122162 -0.238684 0.954741
1305031807.117436 -0.234073 0.037703 -0.111150 -0.131803 -0.116841 -0.234196 0.956101
1305031807.149381 -0.235073 0.040799 -0.108975 -0.133617 -0.111067 -0.228151 0.957997
1305031807.181430 -0.234440 0.041435 -0.107174 -0.134201 -0.107543 -0.221638 0.959844
1305031807.217449 -0.239927 0.042707 -0.104858 -0.133713 -0.099680 -0.215725 0.962106
1305031807.249425 -0.236120 0.041634 -0.100765 -0.130205 -0.099381 -0.206718 0.964592
1305031807.281519 -0.243510 0.041439 -0.097701 -0.124104 -0.089620 -0.203299 0.967076
1305031807.317449 -0.251480 0.034753 -0.104829 -0.118480 -0.078952 -0.196382 0.970136
1305031807.349398 -0.256058 0.019274 -0.108339 -0.114595 -0.075324 -0.187155 0.972711
1305031807.381439 -0.261189 0.001984 -0.114104 -0.110988 -0.070354 -0.180601 0.974739
1305031807.417438 -0.265194 -0.003940 -0.117188 -0.095274 -0.064784 -0.173292 0.978108
1305031807.449510 -0.277318 -0.029574 -0.118359 -0.083264 -0.056182 -0.166684 0.980881
1305031807.481516 -0.282281 -0.039450 -0.121195 -0.055159 -0.049773 -0.159199 0.984447
1305031807.517475 -0.286610 -0.042446 -0.126589 -0.024170 -0.043017 -0.155408 0.986617
1305031807.549397 -0.291318 -0.045925 -0.131037 0.002157 -0.035048 -0.151633 0.987813
1305031807.581447 -0.295024 -0.058352 -0.133686 0.024746 -0.028198 -0.145370 0.988666
1305031807.617576 -0.300943 -0.059500 -0.139420 0.050641 -0.019268 -0.139957 0.988674
1305031807.649399 -0.306901 -0.061750 -0.143530 0.071840 -0.012498 -0.135369 0.988108
1305031807.681493 -0.314255 -0.073096 -0.148514 0.090963 -0.007293 -0.131132 0.987156
1305031807.717426 -0.316374 -0.078218 -0.155375 0.114840 -0.003945 -0.125823 0.985375
1305031807.749401 -0.320927 -0.084373 -0.162495 0.135334 0.001232 -0.120664 0.983424
1305031807.781497 -0.329866 -0.090814 -0.171255 0.156350 0.005761 -0.115244 0.980938
1305031807.817444 -0.332921 -0.090531 -0.177358 0.178636 0.005495 -0.110768 0.977645
1305031807.849449 -0.333529 -0.095631 -0.185079 0.196148 0.005745 -0.108669 0.974517
1305031807.881470 -0.336990 -0.102486 -0.194875 0.212346 0.007835 -0.106027 0.971394
1305031807.917395 -0.341242 -0.108868 -0.203773 0.228657 0.009813 -0.103184 0.967973
1305031807.949413 -0.345148 -0.116142 -0.213825 0.244716 0.010632 -0.100984 0.964263
1305031807.981324 -0.347678 -0.121817 -0.223368 0.260623 0.009717 -0.098008 0.960404
1305031808.017397 -0.348482 -0.127101 -0.232652 0.276267 0.007722 -0.093789 0.956463
1305031808.049392 -0.350687 -0.134719 -0.244333 0.291559 0.005411 -0.089453 0.952346
1305031808.081430 -0.350365 -0.140743 -0.254224 0.308100 0.002071 -0.087038 0.947362
1305031808.117668 -0.350994 -0.146954 -0.263882 0.324426 -0.000239 -0.086044 0.941990
1305031808.149433 -0.351409 -0.155949 -0.276835 0.340547 -0.002456 -0.084723 0.936399
1305031808.181601 -0.350955 -0.159331 -0.287498 0.360016 -0.005048 -0.084109 0.929133
1305031808.217427 -0.351335 -0.164514 -0.300189 0.376093 -0.008062 -0.083865 0.922744
1305031808.249410 -0.351656 -0.168834 -0.311851 0.388308 -0.012795 -0.083096 0.917686
1305031808.281466 -0.350785 -0.177379 -0.324824 0.399521 -0.016183 -0.085426 0.912591
1305031808.317395 -0.352868 -0.186825 -0.339149 0.412474 -0.017104 -0.086738 0.906669
1305031808.349431 -0.351955 -0.191108 -0.350367 0.426164 -0.019130 -0.085419 0.900401
1305031808.381824 -0.350926 -0.196906 -0.365366 0.437913 -0.021781 -0.085155 0.894710
1305031808.417419 -0.347220 -0.198770 -0.375769 0.448647 -0.023259 -0.087347 0.889126
1305031808.449356 -0.344436 -0.196750 -0.382793 0.460493 -0.022596 -0.087742 0.883027
1305031808.481442 -0.342963 -0.198493 -0.391954 0.473485 -0.022501 -0.084688 0.876432
1305031808.517409 -0.339813 -0.204613 -0.404274 0.483515 -0.024426 -0.081449 0.871196
1305031808.549430 -0.333663 -0.205080 -0.414204 0.492684 -0.026652 -0.080162 0.866098
1305031808.581470 -0.317495 -0.193479 -0.426169 0.503240 -0.026583 -0.079733 0.860050
1305031808.617470 -0.320575 -0.185517 -0.428818 0.515385 -0.020687 -0.074700 0.853446
1305031808.649371 -0.291244 -0.188105 -0.450775 0.523586 -0.016194 -0.072276 0.848747
1305031808.681415 -0.291420 -0.182726 -0.454211 0.532680 -0.009428 -0.069124 0.843437
1305031808.717501 -0.279097 -0.187358 -0.463013 0.539844 -0.004702 -0.068184 0.838986
1305031808.749404 -0.249086 -0.183895 -0.468461 0.546949 0.001973 -0.070558 0.834185
1305031808.781467 -0.237088 -0.183340 -0.471263 0.555001 0.012591 -0.068491 0.828929
1305031808.817546 -0.244196 -0.188239 -0.462570 0.562938 0.025088 -0.060672 0.823888
1305031808.849389 -0.245737 -0.180423 -0.451495 0.565608 0.037089 -0.057658 0.821819
1305031808.881454 -0.284868 -0.174861 -0.434594 0.562840 0.055269 -0.055876 0.822821
1305031808.917405 -0.292544 -0.173845 -0.445798 0.554157 0.065647 -0.050718 0.828268
1305031808.949458 -0.289105 -0.175443 -0.454708 0.539999 0.075422 -0.049436 0.836821
1305031808.981550 -0.283367 -0.195076 -0.474002 0.522581 0.083020 -0.045229 0.847332
1305031809.017420 -0.279657 -0.196482 -0.477787 0.506430 0.089595 -0.040567 0.856654
1305031809.049495 -0.268334 -0.183158 -0.452635 0.494120 0.096359 -0.037331 0.863231
1305031809.081521 -0.262205 -0.186239 -0.444654 0.480640 0.104528 -0.034045 0.870000
1305031809.117517 -0.258484 -0.198531 -0.439790 0.467710 0.114450 -0.029554 0.875943
1305031809.149422 -0.268917 -0.199790 -0.438776 0.453822 0.127919 -0.023798 0.881542
1305031809.181454 -0.274813 -0.226641 -0.503734 0.431381 0.138943 -0.020019 0.891182
1305031809.217451 -0.277787 -0.217871 -0.499306 0.418539 0.146180 -0.011278 0.896286
1305031809.249425 -0.279045 -0.215284 -0.502494 0.403067 0.151574 -0.003210 0.902525
1305031809.281664 -0.276842 -0.211917 -0.494463 0.386947 0.158152 0.004290 0.908428
1305031809.317409 -0.275684 -0.200155 -0.478485 0.374140 0.162967 0.012737 0.912852
1305031809.349286 -0.275477 -0.193284 -0.470374 0.361063 0.167088 0.019503 0.917243
1305031809.381405 -0.276446 -0.181755 -0.459718 0.348397 0.171242 0.025005 0.921233
1305031809.417304 -0.279094 -0.185327 -0.461941 0.331569 0.174027 0.029981 0.926757
1305031809.449429 -0.282213 -0.188689 -0.464158 0.316941 0.176664 0.033454 0.931246
1305031809.481493 -0.290802 -0.194533 -0.471490 0.302644 0.179461 0.039378 0.935227
1305031809.517383 -0.299872 -0.192287 -0.483004 0.290882 0.181362 0.042977 0.938429
1305031809.549381 -0.275878 -0.160127 -0.548581 0.278606 0.177704 0.043683 0.942811
1305031809.581443 -0.277853 -0.156874 -0.543680 0.267506 0.179884 0.044826 0.945554
1305031809.617447 -0.280784 -0.154552 -0.539629 0.257604 0.183590 0.046185 0.947524
1305031809.649447 -0.285228 -0.147752 -0.534035 0.249616 0.187211 0.047916 0.948867
1305031809.681564 -0.287868 -0.142326 -0.529215 0.240614 0.189466 0.051061 0.950579
1305031809.717482 -0.291563 -0.138091 -0.526799 0.230607 0.191302 0.054336 0.952508
1305031809.749405 -0.293250 -0.132072 -0.521295 0.221121 0.192341 0.057681 0.954350
1305031809.781560 -0.293976 -0.128060 -0.516994 0.210868 0.193690 0.062430 0.956097
1305031809.817472 -0.295705 -0.121253 -0.510977 0.201560 0.195584 0.068485 0.957304
1305031809.849358 -0.296159 -0.114476 -0.505638 0.191486 0.197336 0.072579 0.958710
1305031809.881617 -0.294996 -0.110089 -0.501586 0.180237 0.199961 0.076443 0.960045
1305031809.917383 -0.293240 -0.103892 -0.499023 0.169924 0.203247 0.081257 0.960840
1305031809.949442 -0.293891 -0.097659 -0.494544 0.159911 0.207098 0.085927 0.961330
1305031809.981453 -0.294807 -0.091380 -0.490613 0.149293 0.210575 0.091009 0.961814
1305031810.017406 -0.292179 -0.088910 -0.491321 0.135669 0.211894 0.097184 0.962938
1305031810.049474 -0.287444 -0.086731 -0.491756 0.124551 0.213103 0.101633 0.963714
1305031810.081517 -0.286171 -0.080531 -0.490956 0.115830 0.215926 0.107473 0.963540
1305031810.117406 -0.285018 -0.073990 -0.490108 0.106649 0.217869 0.112634 0.963573
1305031810.149419 -0.280762 -0.065318 -0.488838 0.097646 0.219487 0.115207 0.963856
1305031810.181557 -0.279455 -0.063472 -0.487605 0.087385 0.224125 0.117290 0.963522
1305031810.217391 -0.277133 -0.057628 -0.492151 0.078275 0.226930 0.120705 0.963227
1305031810.249478 -0.276010 -0.050348 -0.493431 0.068325 0.229486 0.123230 0.963059
1305031810.281498 -0.274566 -0.046999 -0.498912 0.053976 0.230791 0.124649 0.963475
1305031810.317488 -0.272016 -0.044616 -0.499088 0.041860 0.232880 0.123725 0.963694
1305031810.349482 -0.266667 -0.038971 -0.500189 0.033059 0.233110 0.130034 0.963150
1305031810.381463 -0.266505 -0.036956 -0.511218 0.022899 0.234162 0.134557 0.962569
1305031810.417445 -0.262585 -0.030155 -0.514535 0.013768 0.233123 0.140721 0.962113
1305031810.449427 -0.259661 -0.030838 -0.537614 -0.001540 0.230563 0.144326 0.962293
1305031810.481449 -0.248482 -0.028997 -0.550460 -0.017014 0.227893 0.144529 0.962749
1305031810.517384 -0.247338 -0.027746 -0.562337 -0.030116 0.229324 0.151030 0.961090
1305031810.549512 -0.239525 -0.022877 -0.566865 -0.039416 0.230973 0.154643 0.959783
1305031810.585416 -0.238855 -0.014792 -0.592162 -0.051401 0.233120 0.156304 0.958427
1305031810.617391 -0.238094 -0.003575 -0.606699 -0.056151 0.234845 0.164760 0.956321
1305031810.649392 -0.232546 -0.000301 -0.600087 -0.060066 0.238219 0.172103 0.953952
1305031810.685423 -0.228804 0.005810 -0.598025 -0.059193 0.242144 0.178904 0.951765
1305031810.717449 -0.226014 0.009807 -0.601947 -0.055155 0.246734 0.187440 0.949182
1305031810.749419 -0.224014 0.024826 -0.617655 -0.044222 0.251094 0.194721 0.947143
1305031810.785316 -0.227702 0.036247 -0.631875 -0.032576 0.258109 0.202176 0.944163
1305031810.817385 -0.218354 0.026557 -0.622876 -0.024157 0.267028 0.201733 0.942028
1305031810.849415 -0.212767 0.024826 -0.629267 -0.010424 0.277350 0.202076 0.939220
1305031810.885396 -0.209017 0.024528 -0.635505 0.005307 0.289416 0.201583 0.935721
1305031810.917724 -0.209696 0.027162 -0.642996 0.019284 0.298716 0.202044 0.932510
1305031810.949471 -0.212539 0.027064 -0.653710 0.038196 0.309166 0.202752 0.928358
1305031810.985423 -0.207621 0.024904 -0.667631 0.058564 0.319951 0.201140 0.923983
1305031811.017436 -0.203229 0.016052 -0.677411 0.071623 0.328741 0.202748 0.919616
1305031811.049445 -0.203550 0.021754 -0.687846 0.087669 0.334265 0.203463 0.916070
1305031811.085404 -0.204093 0.020360 -0.694697 0.105459 0.341597 0.202655 0.911658
1305031811.117449 -0.205407 0.013559 -0.701994 0.120987 0.350566 0.203196 0.906188
1305031811.149652 -0.202660 0.011690 -0.707047 0.131166 0.357118 0.202983 0.902253
1305031811.185423 -0.197296 0.013054 -0.711977 0.142698 0.362858 0.200985 0.898653
1305031811.217448 -0.199161 0.007400 -0.721305 0.152970 0.370574 0.198135 0.894437
1305031811.249459 -0.198807 0.004162 -0.729920 0.163079 0.379295 0.196919 0.889249
1305031811.285401 -0.202036 -0.001420 -0.731055 0.175302 0.390185 0.195358 0.882531
1305031811.317471 -0.209634 -0.004562 -0.730763 0.190873 0.401800 0.193449 0.874472
1305031811.349438 -0.206675 -0.013473 -0.737912 0.206355 0.411958 0.192580 0.866384
1305031811.385421 -0.214961 -0.013827 -0.736924 0.224782 0.421668 0.191143 0.857399
1305031811.417400 -0.222210 -0.023024 -0.739554 0.241732 0.430877 0.187153 0.849049
1305031811.449532 -0.225541 -0.027464 -0.753218 0.257380 0.438795 0.181576 0.841573
1305031811.485413 -0.227254 -0.049265 -0.765995 0.267850 0.447485 0.179132 0.834221
1305031811.517423 -0.233838 -0.055935 -0.777522 0.277813 0.455969 0.175101 0.827196
1305031811.549533 -0.237625 -0.063209 -0.780405 0.288816 0.464946 0.171514 0.819142
1305031811.585347 -0.245305 -0.066770 -0.782977 0.301240 0.473936 0.166128 0.810580
1305031811.617439 -0.249026 -0.078085 -0.792814 0.315028 0.480698 0.164387 0.801663
1305031811.649459 -0.256152 -0.085768 -0.800449 0.330313 0.486153 0.160834 0.792894
1305031811.685432 -0.264604 -0.087297 -0.794270 0.345271 0.491313 0.157815 0.783896
1305031811.717529 -0.270629 -0.095619 -0.803632 0.357289 0.494076 0.154423 0.777424
1305031811.749420 -0.279696 -0.108620 -0.814165 0.367808 0.497273 0.151145 0.771098
1305031811.785416 -0.290087 -0.120278 -0.817250 0.377212 0.501185 0.148674 0.764474
1305031811.817440 -0.312057 -0.144245 -0.814895 0.386564 0.507694 0.148687 0.755452
1305031811.849504 -0.321422 -0.155212 -0.821245 0.395810 0.509748 0.147726 0.749445
1305031811.885446 -0.330128 -0.164976 -0.830000 0.404796 0.511191 0.144714 0.744232
1305031811.917451 -0.337904 -0.172705 -0.836405 0.413231 0.513587 0.140143 0.738802
1305031811.949446 -0.348068 -0.180924 -0.839695 0.421683 0.517473 0.135222 0.732202
1305031811.985433 -0.356734 -0.187094 -0.846762 0.431775 0.520772 0.131333 0.724651
1305031812.017466 -0.366220 -0.195575 -0.850151 0.441169 0.523608 0.128925 0.717344
1305031812.049451 -0.374308 -0.203796 -0.861915 0.449253 0.525140 0.125327 0.711823
1305031812.085454 -0.384646 -0.213526 -0.866979 0.456399 0.528372 0.121128 0.705586
1305031812.117430 -0.387638 -0.212716 -0.887124 0.463524 0.529974 0.116191 0.700552
1305031812.149444 -0.386965 -0.210089 -0.862952 0.476580 0.536719 0.110548 0.687447
1305031812.185398 -0.385907 -0.203309 -0.841543 0.486816 0.542455 0.104179 0.676682
1305031812.217575 -0.395901 -0.209172 -0.853275 0.491756 0.546683 0.100465 0.670240
1305031812.249442 -0.410183 -0.225237 -0.885047 0.494439 0.548428 0.101976 0.666602
1305031812.285269 -0.415605 -0.229111 -0.888790 0.499013 0.549714 0.103250 0.661922
1305031812.317439 -0.417450 -0.226706 -0.892643 0.503760 0.551124 0.101747 0.657371
1305031812.349628 -0.417957 -0.224662 -0.878138 0.508878 0.556901 0.098558 0.648993
1305031812.385430 -0.428613 -0.227871 -0.891255 0.511246 0.563549 0.097872 0.641452
1305031812.417396 -0.428368 -0.223737 -0.884723 0.516364 0.571514 0.094883 0.630664
1305031812.449401 -0.424267 -0.211372 -0.885936 0.516343 0.575937 0.093894 0.626793
1305031812.485444 -0.415778 -0.191316 -0.868912 0.514149 0.581856 0.092573 0.623318
1305031812.517424 -0.413435 -0.183432 -0.867152 0.507119 0.587130 0.095137 0.623745
1305031812.549479 -0.401702 -0.165799 -0.844518 0.503471 0.592710 0.096849 0.621154
1305031812.585434 -0.402793 -0.160388 -0.827073 0.494201 0.600066 0.102814 0.620577
1305031812.617435 -0.398851 -0.133542 -0.826387 0.485388 0.602083 0.107234 0.624816
1305031812.649447 -0.408096 -0.153173 -0.845958 0.469717 0.607061 0.120003 0.629637
1305031812.685438 -0.392893 -0.123022 -0.830580 0.462595 0.609551 0.127116 0.631107
1305031812.717447 -0.426649 -0.124923 -0.866884 0.447700 0.607405 0.144658 0.640077
1305031812.749493 -0.416721 -0.106748 -0.860975 0.439057 0.608606 0.152406 0.643118
1305031812.785436 -0.434587 -0.118136 -0.883891 0.421306 0.607700 0.169152 0.651605
1305031812.817595 -0.407498 -0.095364 -0.859935 0.412425 0.610005 0.176757 0.653113
1305031812.849411 -0.399828 -0.080122 -0.856651 0.402790 0.608220 0.187836 0.657682
1305031812.885427 -0.394921 -0.075059 -0.856723 0.390900 0.607568 0.199451 0.662025
1305031812.917509 -0.385784 -0.067233 -0.851118 0.378995 0.607295 0.211944 0.665309
1305031812.949555 -0.378322 -0.056144 -0.846154 0.367727 0.606845 0.223469 0.668264
1305031812.985457 -0.373162 -0.043269 -0.841693 0.357766 0.604495 0.235928 0.671512
1305031813.017436 -0.363832 -0.023529 -0.832636 0.346744 0.601277 0.247567 0.675977
1305031813.049489 -0.358093 -0.011837 -0.824031 0.335840 0.598053 0.259616 0.679812
1305031813.085316 -0.351984 -0.004900 -0.818129 0.327054 0.594065 0.271755 0.682841
1305031813.117438 -0.345402 0.021482 -0.805212 0.318489 0.586866 0.285181 0.687623
1305031813.149429 -0.340951 0.033167 -0.795816 0.309095 0.580153 0.297251 0.692477
1305031813.185427 -0.337669 0.042447 -0.787157 0.298701 0.573409 0.308923 0.697529
1305031813.217526 -0.335932 0.057319 -0.768461 0.290911 0.567303 0.318491 0.701500
1305031813.249435 -0.333322 0.065927 -0.757405 0.281409 0.560089 0.329264 0.706183
1305031813.285403 -0.330559 0.073871 -0.749220 0.271617 0.553444 0.338841 0.710712
1305031813.317420 -0.324524 0.075319 -0.753809 0.258489 0.547267 0.348006 0.715943
1305031813.349429 -0.320740 0.079914 -0.751804 0.246941 0.543179 0.357159 0.718620
1305031813.385390 -0.317417 0.083132 -0.748095 0.235731 0.539089 0.368471 0.719753
1305031813.417434 -0.315289 0.088046 -0.743335 0.224396 0.535512 0.379160 0.720493
1305031813.449445 -0.319081 0.099207 -0.733433 0.213788 0.530578 0.390571 0.721274
1305031813.485393 -0.323972 0.110940 -0.716660 0.203584 0.524952 0.402335 0.721877
1305031813.517402 -0.323524 0.119015 -0.709577 0.192635 0.519351 0.412173 0.723381
1305031813.549456 -0.323618 0.124455 -0.704920 0.179075 0.514953 0.421443 0.724666
1305031813.585413 -0.323552 0.127055 -0.701952 0.166029 0.510783 0.431075 0.725058
1305031813.617514 -0.322619 0.134009 -0.695109 0.155262 0.507964 0.437877 0.725348
1305031813.649317 -0.323777 0.138254 -0.688878 0.144390 0.505688 0.445017 0.724839
1305031813.685390 -0.326863 0.140178 -0.682882 0.133243 0.502609 0.452470 0.724501
1305031813.717434 -0.331036 0.139453 -0.676288 0.123164 0.499189 0.458587 0.724802
1305031813.749460 -0.335899 0.145344 -0.665820 0.114229 0.496093 0.462740 0.725752
1305031813.785473 -0.340784 0.144938 -0.659138 0.103376 0.491132 0.469151 0.726636
1305031813.817425 -0.349782 0.144252 -0.652598 0.093667 0.484903 0.476938 0.727067
1305031813.849442 -0.368979 0.134744 -0.642171 0.080803 0.480271 0.484719 0.726538
1305031813.885478 -0.373854 0.129716 -0.641019 0.068494 0.468641 0.499119 0.725648
1305031813.917420 -0.330310 0.160019 -0.633522 0.055457 0.452561 0.515016 0.725859
1305031813.949430 -0.289086 0.186268 -0.631987 0.044419 0.438539 0.529266 0.724974
1305031813.985350 -0.255800 0.207451 -0.637580 0.036364 0.424203 0.545496 0.721916
1305031814.017410 -0.218499 0.234556 -0.636781 0.031720 0.410438 0.561735 0.717627
1305031814.049397 -0.182408 0.257745 -0.638290 0.028080 0.396427 0.575168 0.715010
1305031814.085369 -0.182196 0.264625 -0.633580 0.028410 0.392430 0.582521 0.711239
1305031814.117410 -0.186055 0.262162 -0.624903 0.028852 0.393764 0.589121 0.705020
1305031814.149406 -0.194972 0.265545 -0.617520 0.033500 0.398989 0.591084 0.700218
1305031814.185515 -0.184708 0.267101 -0.616721 0.037105 0.401883 0.589006 0.700133
1305031814.217368 -0.187850 0.265152 -0.616827 0.042090 0.410557 0.591939 0.692300
1305031814.249436 -0.149773 0.263064 -0.619770 0.039957 0.417427 0.600825 0.680564
1305031814.285406 -0.145991 0.216458 -0.666608 0.045021 0.424844 0.608886 0.668385
1305031814.317389 -0.148642 0.214489 -0.669737 0.053284 0.436786 0.609911 0.659081
1305031814.349391 -0.145320 0.216394 -0.671790 0.063848 0.450256 0.610104 0.648819
1305031814.385364 -0.154871 0.209355 -0.682080 0.074880 0.464887 0.608402 0.638842
1305031814.417465 -0.162317 0.205278 -0.689018 0.084595 0.479779 0.608360 0.626542
1305031814.449403 -0.167138 0.201993 -0.694252 0.094143 0.494632 0.608701 0.613156
1305031814.485389 -0.170594 0.204113 -0.710502 0.103272 0.508732 0.607432 0.601293
1305031814.517461 -0.177009 0.204288 -0.727100 0.109509 0.524461 0.605955 0.588019
1305031814.549456 -0.178224 0.207140 -0.740859 0.116415 0.539079 0.604680 0.574633
1305031814.585485 -0.171510 0.223153 -0.771757 0.123889 0.549615 0.603437 0.564304
1305031814.617521 -0.172821 0.224945 -0.780533 0.134205 0.567218 0.598468 0.549626
1305031814.649442 -0.182372 0.221009 -0.789345 0.141944 0.584192 0.592523 0.536179
1305031814.685443 -0.179840 0.226759 -0.801039 0.149119 0.595593 0.588776 0.525714
1305031814.717506 -0.181348 0.226890 -0.811621 0.157315 0.608187 0.582163 0.516185
1305031814.749513 -0.186459 0.225894 -0.814750 0.164305 0.621195 0.574111 0.507461
1305031814.785428 -0.188988 0.225131 -0.821573 0.169775 0.631709 0.568917 0.498452
1305031814.817655 -0.190871 0.224327 -0.826741 0.173900 0.641749 0.562145 0.491844
1305031814.849469 -0.192906 0.223353 -0.833731 0.175467 0.651889 0.555189 0.485816
1305031814.885483 -0.193916 0.223181 -0.839912 0.179384 0.663635 0.547876 0.476699
1305031814.917497 -0.194901 0.221981 -0.842472 0.183243 0.673878 0.540404 0.469334
1305031814.949453 -0.194658 0.221962 -0.848821 0.186851 0.681150 0.533879 0.464859
1305031814.985407 -0.196523 0.218924 -0.850375 0.191455 0.689256 0.526978 0.458873
1305031815.017453 -0.198985 0.217447 -0.854959 0.196112 0.696319 0.521565 0.452382
1305031815.049420 -0.197126 0.214369 -0.848730 0.200335 0.702795 0.516662 0.446099
1305031815.085286 -0.199982 0.211272 -0.847758 0.207024 0.706756 0.511901 0.442260
1305031815.117774 -0.199408 0.209893 -0.854986 0.213347 0.709004 0.507810 0.440369
1305031815.149413 -0.203109 0.209010 -0.861428 0.219628 0.710397 0.504501 0.438837
1305031815.185441 -0.203738 0.204736 -0.865280 0.224128 0.712756 0.500663 0.437129
1305031815.217524 -0.204734 0.202669 -0.867451 0.228217 0.715912 0.494586 0.436774
1305031815.249490 -0.205462 0.200816 -0.869406 0.232184 0.719921 0.488088 0.435401
1305031815.285447 -0.206809 0.197231 -0.872419 0.235982 0.724923 0.480688 0.433288
1305031815.317708 -0.208318 0.194381 -0.871475 0.237956 0.731323 0.472198 0.430781
1305031815.349477 -0.209095 0.191810 -0.873629 0.239013 0.737114 0.465100 0.428040
1305031815.385427 -0.210391 0.189100 -0.874161 0.242368 0.744099 0.456207 0.423615
1305031815.417561 -0.211707 0.185875 -0.872313 0.245649 0.748510 0.450305 0.420256
1305031815.449601 -0.213168 0.182706 -0.870131 0.248913 0.751252 0.445075 0.419013
1305031815.485593 -0.214660 0.181957 -0.867038 0.251527 0.754222 0.439113 0.418406
1305031815.517598 -0.215364 0.180505 -0.867199 0.252983 0.756503 0.435185 0.417512
1305031815.549484 -0.216421 0.179278 -0.865071 0.254218 0.758500 0.431825 0.416627
1305031815.585442 -0.216877 0.178132 -0.864999 0.254636 0.759902 0.429625 0.416092
1305031815.617445 -0.217288 0.177167 -0.864266 0.255873 0.760802 0.428315 0.415037
1305031815.649511 -0.217293 0.178499 -0.861410 0.256257 0.761592 0.427359 0.414336
1305031815.685482 -0.216535 0.179159 -0.858832 0.256382 0.761775 0.427922 0.413341
1305031815.717591 -0.215647 0.179489 -0.859351 0.256493 0.761229 0.429086 0.413069
1305031815.749417 -0.214635 0.179347 -0.861168 0.254709 0.761091 0.430011 0.413466
1305031815.785408 -0.214368 0.179848 -0.853032 0.254999 0.761704 0.430104 0.412059
1305031815.817442 -0.213014 0.180757 -0.854836 0.255145 0.760704 0.431816 0.412026
