# timestamp tx ty tz qx qy qz qw
1341846434.846345 0.000000 0.000000 0.000000 0.000000 0.000000 0.000000 1.000000
1341846434.878202 0.008202 -0.008302 -0.000624 -0.002204 -0.003029 -0.007576 0.999964
1341846434.914148 0.013115 -0.017187 -0.001627 -0.004540 -0.011179 -0.018185 0.999762
1341846434.946443 0.018237 -0.021093 -0.002294 -0.006694 -0.024879 -0.026547 0.999316
1341846434.978088 0.012633 -0.032006 -0.004683 -0.007740 -0.029582 -0.027851 0.999144
1341846435.014019 0.022487 -0.034530 -0.005363 -0.006238 -0.035635 -0.027337 0.998971
1341846435.045942 0.036982 -0.033856 -0.005239 -0.004095 -0.038972 -0.026093 0.998891
1341846435.077985 0.047272 -0.033118 -0.009779 -0.001638 -0.038325 -0.026555 0.998911
1341846435.113961 0.048384 -0.030849 -0.010794 0.002848 -0.036511 -0.026873 0.998968
1341846435.146181 0.045000 -0.029383 -0.011449 0.006717 -0.036530 -0.026584 0.998956
1341846435.182052 0.040288 -0.031310 -0.010676 0.008261 -0.040080 -0.023526 0.998885
1341846435.213955 0.041030 -0.038020 -0.010391 0.009614 -0.044693 -0.018439 0.998784
1341846435.246495 0.054780 -0.042024 -0.008485 0.012387 -0.055304 -0.011715 0.998324
1341846435.281968 0.080116 -0.058927 -0.000970 0.007820 -0.066670 -0.000278 0.997744
1341846435.319946 0.096672 -0.045203 0.001375 0.008660 -0.076783 0.001417 0.997009
1341846435.382078 0.143500 -0.026827 0.006201 0.006458 -0.094272 0.019735 0.995330
1341846435.414309 0.150970 0.004498 0.004959 0.015087 -0.097438 0.022611 0.994870
1341846435.450323 0.165724 0.036288 0.009095 0.022425 -0.103984 0.022955 0.994061
1341846435.482273 0.172462 0.061095 0.011065 0.027271 -0.104654 0.022175 0.993887
1341846435.513983 0.202004 0.094108 0.013742 0.033129 -0.109160 0.018940 0.993291
1341846435.550153 0.218420 0.115072 0.018810 0.034631 -0.110425 0.016922 0.993137
1341846435.582003 0.245427 0.159130 0.025327 0.041905 -0.116289 0.014423 0.992226
1341846435.618180 0.270017 0.195066 0.030673 0.052228 -0.125244 0.006304 0.990730
1341846435.650183 0.298927 0.226871 0.039258 0.060928 -0.135194 0.002113 0.988942
1341846435.681920 0.334032 0.253024 0.046674 0.068275 -0.141141 0.000012 0.987632
1341846435.717877 0.368133 0.273829 0.056461 0.072968 -0.147104 -0.002760 0.986422
1341846435.750187 0.402628 0.292178 0.067046 0.076837 -0.154211 -0.005292 0.985031
1341846435.782022 0.437862 0.305061 0.077380 0.080508 -0.162595 -0.007231 0.983376
1341846435.818082 0.471995 0.314834 0.088456 0.082976 -0.169589 -0.008035 0.981983
1341846435.849992 0.509790 0.318633 0.100444 0.085174 -0.177245 -0.008340 0.980439
1341846435.886101 0.547907 0.318741 0.113728 0.085899 -0.186036 -0.008773 0.978742
1341846435.918077 0.588115 0.314067 0.127706 0.084526 -0.194731 -0.007295 0.977181
1341846435.950077 0.629620 0.308329 0.143318 0.083595 -0.203905 -0.005062 0.975402
1341846435.986080 0.674581 0.299560 0.160428 0.084126 -0.214458 -0.003501 0.973097
1341846436.018119 0.722195 0.289219 0.180384 0.082696 -0.226714 -0.002359 0.970441
1341846436.050565 0.769123 0.277204 0.200568 0.078568 -0.237565 0.001431 0.968188
1341846436.085970 0.820427 0.270407 0.225875 0.074931 -0.248976 0.004483 0.965596
1341846436.118116 0.866928 0.267282 0.253094 0.073224 -0.261177 0.007089 0.962484
1341846436.153952 0.909793 0.267572 0.276954 0.073625 -0.269760 0.010088 0.960056
1341846436.185994 0.957264 0.271137 0.305575 0.075030 -0.278816 0.012837 0.957323
1341846436.218096 1.007230 0.278921 0.338571 0.077096 -0.290809 0.018398 0.953493
1341846436.253965 1.052976 0.285159 0.366561 0.075296 -0.298877 0.026069 0.950959
1341846436.286007 1.102887 0.297450 0.402696 0.075690 -0.307794 0.026351 0.948071
1341846436.318164 1.149045 0.306369 0.439580 0.078259 -0.319228 0.029006 0.943996
1341846436.354084 1.188364 0.312112 0.466964 0.077577 -0.327332 0.031127 0.941205
1341846436.385958 1.227963 0.319793 0.498704 0.078140 -0.334943 0.031051 0.938479
1341846436.422052 1.263026 0.324499 0.530963 0.079567 -0.344358 0.031486 0.934931
1341846436.453972 1.296939 0.328671 0.563964 0.081560 -0.354828 0.032613 0.930796
1341846436.485966 1.332133 0.331347 0.593893 0.080989 -0.363087 0.036642 0.927505
1341846436.522075 1.366140 0.331322 0.631601 0.078808 -0.373396 0.035897 0.923621
1341846436.553975 1.396889 0.327149 0.672474 0.077166 -0.386028 0.036666 0.918522
1341846436.590103 1.428031 0.320264 0.713166 0.074158 -0.399339 0.038381 0.912993
1341846436.622042 1.459279 0.313571 0.751887 0.070037 -0.409979 0.036993 0.908649
1341846436.654125 1.487129 0.308011 0.796921 0.068901 -0.420369 0.034730 0.904066
1341846436.690078 1.515350 0.302258 0.847648 0.068187 -0.434274 0.035816 0.897482
1341846436.722015 1.545893 0.296405 0.902826 0.064984 -0.449877 0.036958 0.889956
1341846436.754167 1.577169 0.281488 0.968642 0.063117 -0.468713 0.033351 0.880462
1341846436.790021 1.612813 0.256660 1.049351 0.062702 -0.491938 0.028419 0.867904
1341846436.822079 1.640655 0.245382 1.115557 0.061567 -0.510541 0.025817 0.857258
1341846436.858129 1.661004 0.245242 1.164594 0.056999 -0.522766 0.027261 0.850132
1341846436.889894 1.685612 0.236766 1.244701 0.053467 -0.541673 0.025755 0.838492
1341846436.922139 1.706334 0.236999 1.326542 0.052553 -0.560205 0.029681 0.826152
1341846436.958108 1.722928 0.250992 1.414446 0.050756 -0.580144 0.036419 0.812115
1341846436.990096 1.735050 0.257648 1.503435 0.049752 -0.599946 0.037672 0.797603
1341846437.058136 1.735050 0.257648 1.503435 0.049752 -0.599946 0.037672 0.797603
1341846437.096585 1.739617 0.260057 1.600997 0.048474 -0.620587 0.038773 0.781677
1341846437.126102 1.737903 0.260278 1.695436 0.046368 -0.639762 0.037911 0.766236
1341846437.158050 1.729104 0.264117 1.794025 0.040971 -0.658718 0.037911 0.750316
1341846437.226114 1.734191 0.273021 1.906456 0.026573 -0.676975 0.032339 0.734815
1341846437.258123 1.713305 0.260531 1.993573 0.016768 -0.693042 0.024956 0.720270
1341846437.290095 1.690717 0.238354 2.072492 0.007095 -0.709148 0.019373 0.704757
1341846437.326061 1.663435 0.240864 2.144269 0.002416 -0.727004 0.016189 0.686438
1341846437.364153 1.665623 0.201441 2.228021 -0.006913 -0.741240 0.002862 0.671198
1341846437.396140 1.638898 0.201651 2.314974 -0.006592 -0.765000 -0.002991 0.643990
1341846437.431962 1.608973 0.196785 2.387240 -0.007582 -0.786793 -0.009832 0.617092
1341846437.464061 1.577459 0.194976 2.449598 -0.008581 -0.805493 -0.019627 0.592218
1341846437.500080 1.543144 0.202653 2.510995 -0.006413 -0.822881 -0.025077 0.567624
1341846437.536428 1.508658 0.205218 2.561221 -0.001082 -0.838993 -0.028395 0.543400
1341846437.568842 1.475790 0.199305 2.599796 0.005268 -0.853236 -0.029988 0.520635
1341846437.600736 1.444089 0.186656 2.634148 0.010252 -0.864879 -0.033193 0.500777
1341846437.632742 1.414768 0.175267 2.660796 -0.014847 0.874156 0.038286 -0.483905
1341846437.669713 1.381260 0.164755 2.693011 -0.021015 0.885128 0.043898 -0.462796
1341846437.700232 1.361846 0.157820 2.694744 -0.027439 0.889154 0.049105 -0.454138
1341846437.739652 1.365150 0.154128 2.603552 -0.026139 0.873270 0.046440 -0.484313
1341846437.795294 1.351780 0.157950 2.590388 -0.044491 0.874338 0.055990 -0.480019
1341846437.830422 1.334411 0.151215 2.574262 -0.046326 0.877414 0.056959 -0.474083
1341846437.863213 1.326285 0.156415 2.541598 -0.046617 0.875874 0.053751 -0.477266
1341846437.930096 1.299637 0.168994 2.487229 -0.043183 0.874217 0.047018 -0.481321
1341846437.961942 1.289849 0.172222 2.459193 -0.042791 0.874386 0.046072 -0.481139
1341846437.994103 1.277290 0.173966 2.417792 -0.035906 0.873123 0.042598 -0.484305
1341846438.030032 1.276775 0.175524 2.393256 -0.032511 0.871343 0.048041 -0.487234
1341846438.068074 1.257767 0.174192 2.362834 -0.027380 0.872651 0.048431 -0.485165
1341846438.130017 1.264188 0.135771 2.339401 -0.033088 0.872488 0.050462 -0.484896
1341846438.164374 1.270019 0.133642 2.362431 -0.034798 0.873058 0.051849 -0.483602
1341846438.198015 1.244417 0.117614 2.412613 -0.029592 0.877455 0.053058 -0.475795
1341846438.229906 1.233423 0.112130 2.435246 -0.033064 0.879831 0.054534 -0.470989
1341846438.262251 1.225426 0.131714 2.461903 -0.037046 0.881517 0.050821 -0.467945
1341846438.298333 1.225809 0.130232 2.480460 -0.041496 0.879315 0.054366 -0.471304
1341846438.329987 1.218001 0.145257 2.488710 -0.047663 0.877503 0.052628 -0.474286
1341846438.366126 1.213524 0.162792 2.506346 -0.047192 0.877765 0.049080 -0.474229
1341846438.398154 1.205688 0.163360 2.521267 -0.046588 0.876003 0.053580 -0.477052
1341846438.430136 1.199421 0.164594 2.530789 -0.049109 0.873674 0.055016 -0.480890
1341846438.465965 1.188160 0.164824 2.541413 -0.050429 0.872775 0.055766 -0.482298
1341846438.530106 1.185155 0.184608 2.527549 -0.042194 0.871285 0.047422 -0.486656
1341846438.566686 1.183731 0.184159 2.526229 -0.041673 0.871508 0.046593 -0.486381
1341846438.598145 1.171048 0.192274 2.537183 -0.042740 0.873379 0.044314 -0.483134
1341846438.634113 1.177217 0.198387 2.538248 -0.037996 0.873026 0.039367 -0.484595
1341846438.665920 1.182696 0.185227 2.547537 -0.033039 0.869313 0.042917 -0.491286
1341846438.697986 1.176213 0.202296 2.537849 -0.042214 0.865950 0.044486 -0.496356
1341846438.734146 1.184280 0.212442 2.515638 0.042592 -0.860324 -0.037583 0.506573
1341846438.766996 1.182404 0.236978 2.534544 0.040626 -0.857848 -0.033188 0.511219
1341846438.801972 1.179113 0.242023 2.538914 0.039404 -0.853898 -0.035860 0.517707
1341846438.834118 1.174211 0.237510 2.520236 0.037478 -0.849410 -0.037742 0.525046
1341846438.865936 1.187045 0.212525 2.482262 0.036577 -0.843199 -0.038987 0.534937
1341846438.902045 1.188341 0.219641 2.483005 0.037611 -0.841628 -0.033462 0.537707
1341846438.934115 1.186451 0.221743 2.480196 0.039381 -0.839200 -0.034890 0.541272
1341846438.966314 1.187969 0.217838 2.466585 0.041636 -0.835800 -0.038221 0.546118
1341846439.001871 1.191674 0.218455 2.454304 0.045304 -0.831886 -0.039698 0.551667
1341846439.034612 1.195239 0.218396 2.436239 0.047204 -0.826999 -0.039108 0.558852
1341846439.070117 1.194854 0.222414 2.429226 0.050309 -0.823732 -0.036229 0.563579
1341846439.101969 1.197522 0.222497 2.415651 0.053361 -0.817960 -0.032894 0.571849
1341846439.134146 1.200369 0.225436 2.400435 0.056341 -0.813367 -0.027980 0.578340
1341846439.170111 1.204771 0.226171 2.390020 0.058081 -0.808853 -0.022723 0.584694
1341846439.202174 1.209629 0.229435 2.378606 0.060361 -0.804258 -0.019865 0.590873
1341846439.234198 1.213447 0.228085 2.366407 0.061083 -0.799361 -0.018955 0.597437
1341846439.269869 1.215379 0.227559 2.351344 0.063644 -0.793706 -0.016008 0.604751
1341846439.302022 1.219710 0.225840 2.335051 0.067039 -0.789097 -0.012078 0.610480
1341846439.338209 1.222799 0.237817 2.326647 0.070428 -0.785998 -0.010029 0.614123
1341846439.369920 1.226028 0.233346 2.310135 0.072556 -0.781242 -0.012866 0.619864
1341846439.402179 1.229161 0.226274 2.286397 0.076872 -0.777032 -0.011133 0.624650
1341846439.437979 1.231825 0.224409 2.271857 0.078137 -0.775532 -0.007153 0.626414
1341846439.470001 1.234629 0.234522 2.266129 0.079409 -0.773302 -0.003407 0.629036
1341846439.502101 1.239417 0.227448 2.247965 0.081285 -0.769485 -0.004854 0.633453
1341846439.538102 1.239776 0.229353 2.228624 0.085332 -0.767294 -0.002488 0.635588
1341846439.570087 1.243161 0.231592 2.216474 0.086999 -0.766277 0.000912 0.636593
1341846439.605986 1.245202 0.229688 2.211711 0.086664 -0.764814 0.003172 0.638387
1341846439.638201 1.248052 0.230437 2.199727 0.087686 -0.762125 0.004568 0.641449
1341846439.670177 1.248870 0.230995 2.182122 0.089501 -0.759204 0.005199 0.644649
1341846439.706034 1.249862 0.230708 2.173988 0.089324 -0.757510 0.006405 0.646651
1341846439.737939 1.250288 0.234538 2.161308 0.090127 -0.754953 0.009486 0.649486
1341846439.774173 1.253619 0.233698 2.152136 0.089913 -0.750220 0.012113 0.654935
1341846439.806288 1.257589 0.238435 2.140801 0.091206 -0.745829 0.013528 0.659725
1341846439.846398 1.259433 0.251093 2.125213 0.092750 -0.740697 0.013148 0.665276
1341846439.906194 1.259039 0.237125 2.098410 0.093006 -0.728270 0.008698 0.678894
1341846439.938149 1.260805 0.255207 2.078565 0.095951 -0.723156 0.013054 0.683863
1341846439.974174 1.258541 0.261575 2.066555 0.094499 -0.717567 0.009487 0.689984
1341846440.006174 1.259267 0.257819 2.052727 0.090784 -0.710658 0.004081 0.697644
1341846440.042214 1.254880 0.258687 2.024211 0.088085 -0.703845 0.005550 0.704849
1341846440.073971 1.253852 0.272470 2.012494 0.087995 -0.700314 0.011618 0.708295
1341846440.106449 1.257497 0.268551 2.006730 0.085576 -0.694625 0.010331 0.714189
1341846440.142076 1.249517 0.261752 1.980134 0.085431 -0.688384 0.009917 0.720230
1341846440.173898 1.248676 0.271036 1.962890 0.085722 -0.684810 0.017851 0.723442
1341846440.206048 1.247559 0.284713 1.943094 0.084747 -0.680633 0.023088 0.727340
1341846440.242218 1.244891 0.279000 1.921406 0.084400 -0.678442 0.023522 0.729411
1341846440.274220 1.244617 0.287508 1.911909 0.090405 -0.677024 0.027827 0.729857
1341846440.310040 1.248622 0.303349 1.899184 0.092750 -0.672234 0.032464 0.733788
1341846440.341908 1.245738 0.298821 1.884438 0.090978 -0.668042 0.032581 0.737822
1341846440.374065 1.244339 0.295484 1.872443 0.091687 -0.665268 0.034191 0.740164
1341846440.410065 1.247372 0.296584 1.847969 0.094096 -0.660100 0.035140 0.744432
1341846440.442063 1.248242 0.299708 1.840176 0.097886 -0.655715 0.035582 0.747790
1341846440.474055 1.249115 0.300653 1.808700 0.101600 -0.649539 0.033705 0.752755
1341846440.510034 1.251271 0.312952 1.790299 0.104888 -0.646097 0.034086 0.755245
1341846440.542081 1.253636 0.309969 1.779535 0.103384 -0.642539 0.031100 0.758610
1341846440.578060 1.253769 0.305884 1.753167 0.103412 -0.636383 0.027750 0.763906
1341846440.610154 1.254086 0.309033 1.742968 0.105877 -0.632547 0.028511 0.766721
1341846440.642042 1.254710 0.322325 1.712851 0.107316 -0.627549 0.030072 0.770559
1341846440.678071 1.255640 0.328735 1.696231 0.105513 -0.625351 0.030323 0.772583
1341846440.710213 1.258601 0.327799 1.682213 0.102528 -0.621041 0.028911 0.776505
1341846440.742033 1.258212 0.333527 1.656341 0.100669 -0.615027 0.027408 0.781573
1341846440.778145 1.254843 0.331008 1.640304 0.097668 -0.612795 0.025828 0.783758
1341846440.810360 1.254911 0.330161 1.633821 0.095310 -0.611128 0.025443 0.785360
1341846440.846329 1.254119 0.318689 1.614070 0.093985 -0.605698 0.024504 0.789745
1341846440.878141 1.249242 0.332611 1.593255 0.095278 -0.602843 0.030051 0.791580
1341846440.920960 1.245551 0.346810 1.579439 0.093028 -0.602186 0.031928 0.792274
1341846440.952308 1.246413 0.342310 1.569393 0.086526 -0.600149 0.028805 0.794672
1341846440.986714 1.242259 0.330108 1.550942 0.082814 -0.596800 0.028538 0.797595
1341846441.052118 1.237564 0.339828 1.527996 0.081622 -0.602270 0.040649 0.793068
1341846441.114116 1.238674 0.344885 1.513290 0.082116 -0.599527 0.042550 0.794993
1341846441.146132 1.234041 0.352244 1.494328 0.082857 -0.599860 0.042988 0.794641
1341846441.178054 1.239115 0.354563 1.498722 0.081395 -0.601026 0.042589 0.793932
1341846441.214136 1.242749 0.342499 1.497099 0.079859 -0.596527 0.038220 0.797695
1341846441.246039 1.241116 0.342705 1.476363 0.082699 -0.592084 0.037952 0.800723
1341846441.282130 1.242703 0.351380 1.468368 0.085006 -0.590323 0.039074 0.801727
1341846441.314084 1.246908 0.355337 1.460580 0.085107 -0.586228 0.036897 0.804818
1341846441.346088 1.245518 0.340314 1.446125 0.084800 -0.581929 0.033666 0.808106
1341846441.382129 1.244527 0.344690 1.433218 0.088140 -0.580207 0.035745 0.808897
1341846441.414517 1.242648 0.355356 1.409601 0.091545 -0.578247 0.037271 0.809852
1341846441.445996 1.242968 0.358744 1.406237 0.092037 -0.578031 0.037261 0.809952
1341846441.482023 1.242565 0.356208 1.393516 0.092690 -0.575983 0.034005 0.811477
1341846441.514114 1.238094 0.348223 1.369924 0.092619 -0.575474 0.033139 0.811882
1341846441.582260 1.239732 0.366500 1.364325 0.093777 -0.578355 0.039996 0.809390
1341846441.614425 1.235498 0.347263 1.351018 0.092174 -0.576106 0.036190 0.811354
1341846441.650563 1.232384 0.347848 1.336688 0.094545 -0.576137 0.040014 0.810880
1341846441.681977 1.232846 0.360220 1.334815 0.096047 -0.576026 0.043378 0.810610
1341846441.714170 1.226712 0.384260 1.332677 0.097770 -0.572658 0.041530 0.812883
1341846441.750023 1.222947 0.384491 1.319418 0.094886 -0.569380 0.038906 0.815653
1341846441.781910 1.218974 0.387579 1.308164 0.091665 -0.567644 0.039500 0.817201
1341846441.818076 1.215561 0.384381 1.299181 0.089467 -0.565372 0.036419 0.819160
1341846441.850011 1.211298 0.387706 1.290914 0.088247 -0.562321 0.033669 0.821507
1341846441.882149 1.204914 0.385717 1.275971 0.084770 -0.559923 0.030671 0.823626
1341846441.918074 1.198848 0.385067 1.263043 0.081400 -0.558825 0.026484 0.824856
1341846441.950113 1.193127 0.383881 1.252930 0.077479 -0.557192 0.023274 0.826434
1341846441.986157 1.186453 0.380779 1.241071 0.073004 -0.556931 0.023294 0.827016
1341846442.018070 1.181965 0.374632 1.236354 0.068398 -0.558878 0.025771 0.826022
1341846442.050044 1.180703 0.378849 1.235746 0.065209 -0.558657 0.028118 0.826353
1341846442.086050 1.171767 0.374660 1.222562 0.060302 -0.555248 0.026937 0.829059
1341846442.118273 1.163837 0.358528 1.210263 0.056456 -0.554042 0.025470 0.830182
1341846442.150914 1.154678 0.353798 1.192723 0.058143 -0.553063 0.028917 0.830605
1341846442.186309 1.139895 0.345673 1.164238 0.058562 -0.547555 0.031176 0.834135
1341846442.254276 1.106186 0.332048 1.094286 0.060121 -0.531515 0.024738 0.844550
1341846442.286112 1.091124 0.329810 1.033105 0.059328 -0.517759 0.016556 0.853306
1341846442.318240 1.076826 0.333668 0.980636 0.055383 -0.502865 0.010073 0.862530
1341846442.359932 1.061941 0.342560 0.932225 0.052332 -0.491049 0.009701 0.869505
1341846442.417971 1.039702 0.355526 0.861498 0.048750 -0.469593 0.008144 0.881499
1341846442.455016 1.022833 0.364609 0.817996 0.046209 -0.459197 0.009258 0.887083
1341846442.486191 1.005257 0.373184 0.774988 0.042637 -0.449707 0.014692 0.892037
1341846442.522074 0.988585 0.382163 0.734274 0.038216 -0.440879 0.017716 0.896578
1341846442.553917 0.972046 0.388901 0.693860 0.032630 -0.427897 0.015557 0.903104
1341846442.585989 0.948814 0.393425 0.646449 0.026202 -0.408936 0.015598 0.912054
1341846442.627895 0.923959 0.392583 0.599727 0.021009 -0.390516 0.017265 0.920194
1341846442.686166 0.864882 0.391734 0.499215 0.026858 -0.351556 0.015116 0.935659
1341846442.721990 0.834726 0.388702 0.450349 0.030303 -0.334364 0.015294 0.941832
1341846442.754276 0.803145 0.387425 0.402219 0.033837 -0.320493 0.014884 0.946529
1341846442.790054 0.767453 0.385255 0.354081 0.035393 -0.307631 0.011925 0.950773
1341846442.822072 0.726985 0.383803 0.307385 0.034514 -0.293419 0.006394 0.955339
1341846442.854093 0.686144 0.385769 0.262088 0.034594 -0.281542 0.005939 0.958907
1341846442.889944 0.644116 0.388763 0.217447 0.036370 -0.271441 0.008233 0.961732
1341846442.922114 0.601298 0.396525 0.177606 0.036448 -0.259627 0.009121 0.964978
1341846442.954040 0.550114 0.407247 0.138116 0.037507 -0.244210 0.012657 0.968914
1341846442.989997 0.507206 0.416803 0.099911 0.042108 -0.236978 0.017337 0.970447
1341846443.022264 0.463483 0.426406 0.065856 0.042793 -0.233462 0.022311 0.971168
1341846443.058071 0.414718 0.438501 0.034435 0.043517 -0.220640 0.027330 0.974001
1341846443.090123 0.374009 0.449791 0.007204 0.046771 -0.209915 0.031278 0.976099
1341846443.122143 0.338184 0.455880 -0.016483 0.047121 -0.207044 0.037718 0.976468
1341846443.158076 0.302132 0.463397 -0.039453 0.048329 -0.201984 0.043534 0.977227
1341846443.190201 0.262403 0.471155 -0.058404 0.050789 -0.192877 0.045945 0.978830
1341846443.226121 0.228067 0.475329 -0.079352 0.051133 -0.188157 0.047489 0.979657
1341846443.257975 0.196129 0.477196 -0.094571 0.050867 -0.185140 0.049430 0.980149
1341846443.289997 0.163635 0.477423 -0.107810 0.051756 -0.178463 0.051650 0.981226
1341846443.326118 0.132868 0.475011 -0.122999 0.051932 -0.171956 0.052733 0.982320
1341846443.358067 0.105204 0.473957 -0.135840 0.053288 -0.167344 0.052982 0.983031
1341846443.390137 0.078801 0.472984 -0.150389 0.053787 -0.161350 0.052637 0.984024
1341846443.426198 0.057726 0.469012 -0.157665 0.051153 -0.152958 0.049877 0.985647
1341846443.458405 0.053470 0.466825 -0.156599 0.049685 -0.150454 0.050171 0.986092
1341846443.494173 0.046883 0.467555 -0.155656 0.050449 -0.147520 0.051431 0.986432
1341846443.558139 0.015371 0.458986 -0.161417 0.039063 -0.131137 0.045005 0.989571
1341846443.594027 0.006037 0.463847 -0.162224 0.035472 -0.125100 0.048443 0.990326
1341846443.626290 -0.006486 0.457478 -0.163188 0.029653 -0.117171 0.047175 0.991547
1341846443.658166 -0.010631 0.458653 -0.161251 0.022565 -0.109646 0.045340 0.992680
1341846443.694065 -0.022379 0.465176 -0.158294 0.019973 -0.102375 0.048753 0.993350
1341846443.726282 -0.043446 0.475893 -0.167687 0.020334 -0.095470 0.053096 0.993807
1341846443.770837 -0.050790 0.479461 -0.162330 0.019663 -0.094882 0.056234 0.993704
1341846443.800403 -0.083284 0.495689 -0.175568 0.020226 -0.089681 0.057071 0.994128
1341846443.831984 -0.109338 0.504062 -0.182882 0.016073 -0.086434 0.054515 0.994635
1341846443.868057 -0.141236 0.509904 -0.190218 0.013941 -0.081791 0.054634 0.995053
1341846443.900439 -0.174437 0.511488 -0.198597 0.013269 -0.079414 0.057505 0.995093
1341846443.932086 -0.199866 0.512071 -0.202506 0.013802 -0.078681 0.060735 0.994952
1341846443.993912 -0.213643 0.515152 -0.204627 0.017861 -0.078105 0.059910 0.994983
1341846444.029924 -0.237666 0.520960 -0.212258 0.017034 -0.074557 0.057282 0.995424
1341846444.061948 -0.245940 0.516431 -0.211942 0.013737 -0.075412 0.054514 0.995566
1341846444.093984 -0.267709 0.513717 -0.215367 0.011303 -0.071917 0.053506 0.995910
1341846444.129916 -0.263141 0.510959 -0.208170 0.009958 -0.073859 0.053629 0.995776
1341846444.162326 -0.269083 0.515686 -0.204676 0.009953 -0.071938 0.053359 0.995931
1341846444.198431 -0.278374 0.522345 -0.207277 0.008021 -0.072656 0.052953 0.995918
1341846444.229953 -0.292249 0.521239 -0.210341 0.003776 -0.073056 0.053949 0.995861
1341846444.261919 -0.283656 0.518278 -0.200381 0.003050 -0.079232 0.059904 0.995050
1341846444.298029 -0.288041 0.525674 -0.202964 0.003044 -0.082480 0.058223 0.994886
1341846444.335959 -0.288464 0.522042 -0.205014 -0.003705 -0.086189 0.054488 0.994781
1341846444.398189 -0.291203 0.544377 -0.196947 0.000338 -0.095729 0.061304 0.993518
1341846444.429979 -0.289102 0.525544 -0.198286 -0.003994 -0.099660 0.056915 0.993384
1341846444.466022 -0.286216 0.524124 -0.192441 -0.005412 -0.101985 0.055372 0.993229
1341846444.498181 -0.292230 0.530474 -0.197295 -0.004293 -0.104887 0.056987 0.992841
1341846444.530364 -0.249049 0.518677 -0.139768 -0.005334 -0.105512 0.059737 0.992608
1341846444.566040 -0.248029 0.517543 -0.139995 -0.004665 -0.106918 0.057653 0.992584
1341846444.598132 -0.242645 0.519304 -0.140733 -0.003069 -0.109838 0.054810 0.992432
1341846444.630024 -0.238661 0.516095 -0.142108 -0.002226 -0.114190 0.054555 0.991957
1341846444.666108 -0.221174 0.513967 -0.139076 -0.000980 -0.119010 0.056587 0.991279
1341846444.697995 -0.196511 0.521936 -0.124820 0.003104 -0.122209 0.058354 0.990783
1341846444.734205 -0.190756 0.522002 -0.128413 0.006103 -0.121776 0.059133 0.990776
1341846444.766262 -0.174095 0.520366 -0.129408 0.009940 -0.124186 0.062381 0.990246
1341846444.798037 -0.159467 0.525231 -0.134043 0.013259 -0.124516 0.063743 0.990079
1341846444.833972 -0.149217 0.525677 -0.139430 0.013996 -0.124427 0.062737 0.990145
1341846444.866116 -0.138785 0.522472 -0.141731 0.014729 -0.125866 0.063139 0.989926
1341846444.898025 -0.123941 0.529539 -0.144998 0.017512 -0.129061 0.064892 0.989356
1341846444.934155 -0.124051 0.541136 -0.156815 0.018623 -0.128360 0.065148 0.989410
1341846444.972057 -0.098777 0.527402 -0.149756 0.014621 -0.134708 0.063130 0.988764
1341846445.034071 -0.068688 0.541006 -0.153915 0.017896 -0.141309 0.063164 0.987786
1341846445.065987 -0.060556 0.543189 -0.157634 0.016829 -0.143540 0.061788 0.987570
1341846445.102399 -0.043873 0.537128 -0.154296 0.016625 -0.148009 0.061444 0.986935
1341846445.134054 -0.028324 0.547936 -0.155493 0.021277 -0.154210 0.059078 0.986041
1341846445.170198 -0.019476 0.542580 -0.162346 0.020249 -0.161077 0.055462 0.985174
1341846445.202068 -0.015132 0.559768 -0.163838 0.027251 -0.163872 0.056663 0.984476
1341846445.234202 0.013106 0.554177 -0.157524 0.031754 -0.173314 0.047368 0.983214
1341846445.270262 0.020475 0.555048 -0.163480 0.033920 -0.180077 0.041313 0.982199
1341846445.334212 0.053318 0.554035 -0.155258 0.038780 -0.190804 0.033969 0.980274
1341846445.370095 0.055694 0.565264 -0.165175 0.041830 -0.193887 0.032336 0.979598
1341846445.401934 0.081114 0.560378 -0.157302 0.039870 -0.202756 0.028979 0.977988
1341846445.437937 0.096152 0.551973 -0.146839 0.039434 -0.206543 0.028282 0.977233
1341846445.469984 0.099576 0.574211 -0.150925 0.048735 -0.210095 0.033543 0.975889
1341846445.502004 0.123222 0.570030 -0.144937 0.053737 -0.221293 0.031258 0.973224
1341846445.537946 0.133679 0.573116 -0.141651 0.055720 -0.222627 0.029174 0.972873
1341846445.570063 0.143622 0.579406 -0.139754 0.058684 -0.225888 0.024650 0.972071
1341846445.602021 0.165018 0.576964 -0.129860 0.059139 -0.230512 0.020159 0.971061
1341846445.638006 0.168759 0.574708 -0.129116 0.059940 -0.230042 0.020360 0.971120
1341846445.670085 0.192535 0.587345 -0.118497 0.066721 -0.238269 0.023897 0.968610
1341846445.706037 0.194624 0.583942 -0.124383 0.069039 -0.247319 0.027339 0.966085
1341846445.738075 0.217401 0.594905 -0.104090 0.072170 -0.259594 0.028512 0.962595
1341846445.770102 0.230913 0.608165 -0.092602 0.073740 -0.268978 0.025433 0.959983
1341846445.806006 0.241789 0.600403 -0.084363 0.070907 -0.274633 0.021894 0.958681
1341846445.838049 0.252996 0.594752 -0.078067 0.072704 -0.280315 0.021437 0.956911
1341846445.870081 0.264400 0.597946 -0.073592 0.080007 -0.289354 0.018598 0.953691
1341846445.906156 0.276548 0.608669 -0.065145 0.083542 -0.295729 0.015747 0.951481
1341846445.938036 0.283330 0.624742 -0.051587 0.086561 -0.300486 0.007379 0.949821
1341846445.974028 0.295290 0.624724 -0.044812 0.085146 -0.304158 -0.002275 0.948806
1341846446.006089 0.308694 0.604679 -0.032011 0.082385 -0.307088 -0.009358 0.948062
1341846446.038148 0.316285 0.611659 -0.026580 0.088209 -0.309700 -0.011750 0.946661
1341846446.073973 0.332850 0.618835 -0.018417 0.097952 -0.319864 0.000035 0.942386
1341846446.106021 0.337488 0.626770 -0.011572 0.101729 -0.325319 0.002345 0.940114
1341846446.138290 0.354830 0.655428 0.019966 0.105463 -0.332441 0.001365 0.937208
1341846446.174003 0.362660 0.641324 0.021406 0.103912 -0.337318 0.000066 0.935638
1341846446.206154 0.374788 0.668303 0.034743 0.110310 -0.343262 0.000596 0.932739
1341846446.242005 0.396167 0.659254 0.049061 0.106458 -0.346411 0.007274 0.931994
1341846446.273991 0.396836 0.654378 0.047546 0.100427 -0.347194 0.005471 0.932384
1341846446.306170 0.398310 0.643977 0.044747 0.095911 -0.353650 0.006564 0.930424
1341846446.342032 0.418368 0.661334 0.067567 0.095076 -0.360022 0.013291 0.927992
1341846446.373966 0.426785 0.658803 0.072250 0.090024 -0.364311 0.012027 0.926838
1341846446.410081 0.432673 0.656000 0.074354 0.086272 -0.369484 0.011217 0.925156
1341846446.441987 0.450729 0.659633 0.090768 0.083842 -0.374582 0.011172 0.923328
1341846446.474066 0.454583 0.660886 0.092727 0.082315 -0.378559 0.007005 0.921883
1341846446.510038 0.467120 0.658840 0.099715 0.080632 -0.385851 0.002831 0.919026
1341846446.542120 0.487748 0.655219 0.116706 0.079934 -0.389862 -0.000986 0.917397
1341846446.574035 0.489270 0.654163 0.116564 0.082251 -0.389857 -0.004783 0.917182
1341846446.610113 0.503484 0.664348 0.121577 0.084566 -0.394152 -0.006782 0.915121
1341846446.642107 0.520342 0.665078 0.132574 0.081721 -0.395745 -0.011895 0.914640
1341846446.678096 0.518700 0.666341 0.128536 0.081185 -0.395953 -0.017751 0.914503
1341846446.710293 0.526048 0.667211 0.125996 0.077554 -0.401613 -0.019856 0.912304
1341846446.742013 0.551341 0.666447 0.145474 0.070766 -0.407591 -0.020725 0.910182
1341846446.778116 0.556725 0.669635 0.148772 0.067635 -0.410073 -0.023719 0.909232
1341846446.810247 0.556826 0.669687 0.145073 0.066196 -0.416388 -0.026855 0.906376
1341846446.842072 0.580014 0.669081 0.163042 0.061533 -0.422873 -0.025946 0.903725
1341846446.877989 0.590850 0.673017 0.171032 0.058507 -0.425559 -0.027673 0.902613
1341846446.910210 0.600350 0.668683 0.176133 0.055008 -0.428198 -0.030034 0.901509
1341846446.979416 0.626100 0.669641 0.195267 0.050057 -0.432373 -0.032041 0.899734
1341846447.048442 0.644044 0.671375 0.206488 0.052510 -0.435323 -0.029536 0.898256
1341846447.110128 0.670363 0.673855 0.224187 0.048391 -0.436321 -0.033845 0.897851
1341846447.146292 0.680007 0.670672 0.234802 0.047203 -0.434255 -0.035818 0.898839
1341846447.179789 0.684176 0.671282 0.233139 0.047838 -0.430402 -0.036288 0.900638
1341846447.216160 0.689536 0.676261 0.233219 0.048232 -0.428971 -0.037259 0.901260
1341846447.252104 0.700281 0.677778 0.244644 0.046139 -0.427121 -0.038884 0.902179
1341846447.284847 0.700708 0.675711 0.243349 0.044677 -0.423411 -0.041375 0.903889
1341846447.320107 0.704718 0.676294 0.246723 0.043130 -0.424379 -0.040278 0.903560
1341846447.352050 0.712243 0.677951 0.251658 0.040002 -0.423666 -0.039778 0.904060
1341846447.383924 0.714269 0.681174 0.254794 0.038260 -0.419552 -0.042568 0.905925
1341846447.420069 0.709194 0.675758 0.245631 0.035143 -0.416454 -0.044278 0.907398
1341846447.452015 0.712087 0.677799 0.248621 0.032504 -0.418426 -0.041676 0.906712
1341846447.488160 0.717967 0.679280 0.253961 0.030582 -0.418214 -0.041863 0.906868
1341846447.520057 0.712781 0.677369 0.244446 0.028814 -0.415755 -0.044561 0.907927
1341846447.551976 0.711959 0.674462 0.241789 0.026644 -0.419229 -0.043947 0.906425
1341846447.588058 0.715543 0.678579 0.242647 0.025611 -0.422948 -0.043445 0.904749
1341846447.620036 0.718686 0.687010 0.243389 0.023005 -0.424359 -0.044843 0.904090
1341846447.656059 0.719105 0.681533 0.239442 0.017329 -0.424213 -0.049730 0.904030
1341846447.688035 0.716590 0.670535 0.233547 0.012619 -0.424450 -0.049924 0.903986
1341846447.719948 0.717664 0.672640 0.231415 0.011374 -0.427719 -0.046558 0.902640
1341846447.756116 0.722481 0.675775 0.232453 0.008954 -0.430179 -0.043952 0.901629
1341846447.787990 0.726228 0.676619 0.230979 0.005326 -0.428923 -0.043285 0.902288
1341846447.823997 0.748662 0.672902 0.244102 0.005246 -0.433140 -0.033489 0.900689
1341846447.856048 0.751515 0.668396 0.246447 0.004214 -0.433469 -0.032950 0.900556
1341846447.888261 0.757463 0.665392 0.247631 0.004037 -0.431668 -0.032194 0.901449
1341846447.924141 0.760294 0.660976 0.243585 0.003797 -0.428287 -0.033705 0.903006
1341846447.956316 0.756552 0.651977 0.235296 0.002866 -0.426714 -0.034431 0.903727
1341846447.992036 0.760871 0.657806 0.235384 0.004281 -0.428128 -0.032642 0.903118
1341846448.024057 0.763796 0.665033 0.233902 0.004257 -0.426851 -0.035327 0.903622
1341846448.092100 0.766718 0.648655 0.227593 -0.002530 -0.425297 -0.046615 0.903849
1341846448.150222 0.770423 0.641622 0.226297 -0.008754 -0.424357 -0.052190 0.903947
1341846448.186133 0.767383 0.641734 0.221823 -0.006765 -0.423709 -0.052988 0.904222
1341846448.218203 0.767490 0.650156 0.219794 -0.000640 -0.425427 -0.049227 0.903653
1341846448.250175 0.773120 0.641485 0.215531 0.001493 -0.427440 -0.048776 0.902726
1341846448.286053 0.781705 0.625543 0.224160 0.001887 -0.429127 -0.048741 0.901926
1341846448.318080 0.777007 0.622922 0.215196 0.001499 -0.426795 -0.048622 0.903039
1341846448.350345 0.770592 0.622981 0.205597 0.001439 -0.427241 -0.047173 0.902905
1341846448.385982 0.781508 0.624176 0.210922 0.000340 -0.430427 -0.047033 0.901399
1341846448.417971 0.785381 0.607353 0.211087 -0.007361 -0.429976 -0.051972 0.901313
1341846448.454017 0.783420 0.617313 0.207221 -0.010501 -0.429638 -0.052881 0.901390
1341846448.486068 0.785188 0.616988 0.209469 -0.011411 -0.432059 -0.055782 0.900046
1341846448.518032 0.789421 0.613842 0.212359 -0.012511 -0.432590 -0.056582 0.899727
1341846448.553970 0.786211 0.609753 0.205197 -0.015486 -0.430334 -0.058512 0.900638
1341846448.586105 0.779223 0.599868 0.202998 -0.016788 -0.432258 -0.060214 0.899581
1341846448.621936 0.785664 0.599997 0.209722 -0.013663 -0.435281 -0.059115 0.898248
1341846448.653943 0.795213 0.600671 0.211547 -0.011650 -0.434841 -0.060536 0.898395
1341846448.686150 0.792383 0.597394 0.198571 -0.014406 -0.432156 -0.063053 0.899476
1341846448.722086 0.795773 0.598171 0.199769 -0.018824 -0.432462 -0.064947 0.899113
1341846448.753983 0.804064 0.588042 0.203767 -0.025610 -0.430717 -0.068573 0.899514
1341846448.786053 0.798186 0.590895 0.198798 -0.030800 -0.425503 -0.075315 0.901291
1341846448.822019 0.786340 0.578670 0.189894 -0.034565 -0.425517 -0.077286 0.900981
1341846448.854125 0.792649 0.596479 0.197394 -0.027797 -0.430868 -0.071991 0.899109
1341846448.890063 0.803542 0.585956 0.201108 -0.028748 -0.431992 -0.071864 0.898550
1341846448.922419 0.806023 0.566058 0.195180 -0.036609 -0.429485 -0.078773 0.898887
1341846448.954059 0.803185 0.549523 0.188539 -0.048631 -0.425344 -0.087435 0.899485
1341846448.990056 0.806038 0.554218 0.190856 -0.057131 -0.422201 -0.094222 0.899781
1341846449.022043 0.808522 0.555909 0.195672 -0.063139 -0.420296 -0.098117 0.899854
1341846449.054021 0.819581 0.571045 0.206768 -0.062514 -0.422687 -0.094372 0.899178
1341846449.090060 0.788167 0.637291 0.171347 -0.042902 -0.412797 -0.095297 0.904807
1341846449.121998 0.777716 0.645362 0.154764 -0.035707 -0.410277 -0.093154 0.906488
1341846449.158114 0.769460 0.642543 0.138122 -0.032240 -0.407770 -0.092085 0.907857
1341846449.190066 0.752914 0.639243 0.104278 -0.033098 -0.399785 -0.091934 0.911386
1341846449.222044 0.736254 0.639667 0.076922 -0.035536 -0.391505 -0.092236 0.914852
1341846449.258032 0.721787 0.641378 0.061042 -0.037507 -0.388313 -0.090340 0.916321
1341846449.290278 0.701790 0.643289 0.044648 -0.038376 -0.385066 -0.085561 0.918113
1341846449.321912 0.686279 0.647113 0.022901 -0.038948 -0.379620 -0.081822 0.920694
1341846449.357984 0.664248 0.648974 -0.004598 -0.042810 -0.371806 -0.080698 0.923805
1341846449.390027 0.648532 0.660213 -0.020946 -0.042784 -0.366401 -0.077194 0.926262
1341846449.426101 0.630584 0.680129 -0.043138 -0.036802 -0.361599 -0.064320 0.929384
1341846449.458035 0.607347 0.681102 -0.069674 -0.033464 -0.355663 -0.061254 0.932004
1341846449.490185 0.578504 0.682129 -0.099796 -0.035036 -0.347127 -0.061723 0.935129
1341846449.525989 0.552460 0.685102 -0.123623 -0.036278 -0.339513 -0.059958 0.937987
1341846449.558288 0.529180 0.691186 -0.143501 -0.033738 -0.335419 -0.058172 0.939666
1341846449.594265 0.503625 0.701386 -0.165183 -0.025051 -0.332611 -0.055013 0.941125
1341846449.626133 0.475507 0.704960 -0.193301 -0.018817 -0.327332 -0.052284 0.943274
1341846449.658161 0.442700 0.707000 -0.224963 -0.019044 -0.319596 -0.052654 0.945898
1341846449.694129 0.411545 0.712064 -0.247830 -0.021568 -0.311136 -0.054437 0.948560
1341846449.725937 0.386100 0.715854 -0.264254 -0.022649 -0.304449 -0.053927 0.950731
1341846449.757969 0.369016 0.717186 -0.277717 -0.026109 -0.301840 -0.053627 0.951491
1341846449.794073 0.345840 0.717878 -0.287549 -0.031390 -0.298687 -0.053236 0.952348
1341846449.826150 0.322088 0.723833 -0.301263 -0.029631 -0.292752 -0.052510 0.954285
1341846449.861992 0.298900 0.730975 -0.319266 -0.026317 -0.289483 -0.050492 0.955488
1341846449.894052 0.283094 0.733373 -0.331070 -0.023373 -0.288988 -0.050311 0.955724
1341846449.925963 0.251243 0.756948 -0.353818 -0.014582 -0.280258 -0.044091 0.958801
1341846449.962133 0.238531 0.760987 -0.367674 -0.011119 -0.273414 -0.043489 0.960848
1341846449.994047 0.219315 0.765911 -0.388260 -0.010244 -0.264988 -0.041842 0.963289
1341846450.026443 0.203684 0.773659 -0.398918 -0.007011 -0.260982 -0.041035 0.964446
1341846450.062040 0.189923 0.782308 -0.413245 -0.002791 -0.256181 -0.040268 0.965786
1341846450.094160 0.181145 0.785409 -0.427075 -0.001421 -0.251817 -0.042339 0.966847
1341846450.130133 0.173818 0.785350 -0.444236 -0.003177 -0.247190 -0.043768 0.967973
1341846450.161911 0.165869 0.791151 -0.454937 -0.002950 -0.243933 -0.042915 0.968838
1341846450.194126 0.158888 0.792645 -0.470307 -0.005244 -0.239743 -0.041879 0.969919
1341846450.230042 0.154318 0.794867 -0.479948 -0.008177 -0.237918 -0.042216 0.970333
1341846450.262009 0.142338 0.801161 -0.483945 -0.009438 -0.237718 -0.042285 0.970367
1341846450.294220 0.128458 0.807995 -0.478017 -0.004471 -0.239375 -0.042774 0.969974
1341846450.330052 0.125347 0.811074 -0.483352 -0.000938 -0.241814 -0.044698 0.969292
1341846450.361929 0.115463 0.815887 -0.491147 0.001946 -0.240013 -0.047355 0.969612
1341846450.398035 0.101015 0.821866 -0.502530 0.003092 -0.234471 -0.045343 0.971060
1341846450.429941 0.091606 0.821481 -0.507260 0.003302 -0.234494 -0.044902 0.971074
1341846450.461928 0.082217 0.823432 -0.505205 0.005556 -0.236305 -0.047733 0.970490
1341846450.498062 0.073470 0.822275 -0.505626 0.008010 -0.234992 -0.053276 0.970503
1341846450.529969 0.061532 0.817610 -0.511844 0.008297 -0.232623 -0.057597 0.970824
1341846450.561983 0.052216 0.815202 -0.513574 0.007419 -0.232713 -0.060237 0.970650
1341846450.598097 0.040645 0.806679 -0.511276 0.005616 -0.232621 -0.061229 0.970622
1341846450.630436 0.024079 0.797005 -0.516853 0.003316 -0.232598 -0.061783 0.970603
1341846450.666178 0.007517 0.789239 -0.522870 0.000225 -0.234943 -0.061549 0.970058
1341846450.698174 -0.008093 0.780735 -0.527077 -0.003734 -0.239123 -0.057496 0.969278
1341846450.730214 -0.011333 0.778224 -0.529866 -0.006120 -0.245098 -0.056576 0.967827
1341846450.765977 -0.021887 0.772012 -0.534275 -0.008394 -0.247849 -0.061642 0.966799
1341846450.798042 -0.024875 0.771111 -0.527463 -0.006944 -0.249935 -0.068167 0.965835
1341846450.834020 0.000989 0.754087 -0.502935 -0.009174 -0.256778 -0.073035 0.963663
1341846450.866022 0.000094 0.744786 -0.509689 -0.012458 -0.254204 -0.078483 0.963880
1341846450.898067 -0.005372 0.734778 -0.503095 -0.018249 -0.252660 -0.085419 0.963604
1341846450.934091 -0.031007 0.727248 -0.502498 -0.020034 -0.251723 -0.087737 0.963606
1341846450.966100 -0.037644 0.720227 -0.506373 -0.019209 -0.254627 -0.089077 0.962736
1341846450.998096 -0.035273 0.720721 -0.506030 -0.019125 -0.257780 -0.093407 0.961488
1341846451.034057 -0.017296 0.715215 -0.495884 -0.023675 -0.261093 -0.099339 0.959897
1341846451.068370 -0.019563 0.709929 -0.484637 -0.027350 -0.260499 -0.104245 0.959440
1341846451.102153 -0.039882 0.713573 -0.487307 -0.026741 -0.259039 -0.106652 0.959588
1341846451.133979 -0.036411 0.712803 -0.484460 -0.027880 -0.261361 -0.108923 0.958671
1341846451.165987 -0.033896 0.708028 -0.478184 -0.030120 -0.262369 -0.111217 0.958064
1341846451.202275 -0.045095 0.706383 -0.483602 -0.030778 -0.261271 -0.111290 0.958334
1341846451.234790 -0.042779 0.709910 -0.482522 -0.033611 -0.262947 -0.110234 0.957903
1341846451.302134 -0.104015 0.707976 -0.502893 -0.028775 -0.255519 -0.109980 0.960097
1341846451.334095 -0.083210 0.707694 -0.497487 -0.025492 -0.257906 -0.109905 0.959560
1341846451.370064 -0.080725 0.705599 -0.493055 -0.025268 -0.256927 -0.109871 0.959833
1341846451.402007 -0.099252 0.705515 -0.500547 -0.024529 -0.252286 -0.109301 0.961147
1341846451.434004 -0.092106 0.705618 -0.499035 -0.019390 -0.252034 -0.106783 0.961613
1341846451.470107 -0.082307 0.710870 -0.503020 -0.014752 -0.250022 -0.104543 0.962467
1341846451.502266 -0.072522 0.718031 -0.506372 -0.011468 -0.246960 -0.101666 0.963609
1341846451.534027 -0.064712 0.722188 -0.508458 -0.009391 -0.243490 -0.098894 0.964803
1341846451.570038 -0.060871 0.727615 -0.515458 -0.007382 -0.239194 -0.098465 0.965938
1341846451.601887 -0.054873 0.736223 -0.522533 -0.005685 -0.235544 -0.097628 0.966931
1341846451.637996 -0.051448 0.737381 -0.525013 -0.006704 -0.232734 -0.097129 0.967655
1341846451.669951 -0.054875 0.742896 -0.530841 -0.004703 -0.228376 -0.094195 0.968994
1341846451.702077 -0.047849 0.754626 -0.538450 -0.000283 -0.225507 -0.092841 0.969808
1341846451.737995 -0.044997 0.765105 -0.548336 0.002776 -0.223778 -0.092912 0.970197
1341846451.770041 -0.035637 0.773145 -0.551617 0.004267 -0.223027 -0.092639 0.970391
1341846451.806071 -0.024966 0.784861 -0.556899 0.006328 -0.219822 -0.092829 0.971093
1341846451.838004 -0.025001 0.787932 -0.565048 0.004284 -0.218382 -0.093686 0.971346
1341846451.870027 -0.020092 0.794705 -0.568260 0.001101 -0.219359 -0.095533 0.970955
1341846451.905961 -0.024114 0.811313 -0.573172 0.002640 -0.216177 -0.094260 0.971790
1341846451.937970 -0.027063 0.826812 -0.580692 0.005619 -0.214394 -0.091778 0.972410
1341846451.970138 -0.031362 0.833156 -0.586574 0.010125 -0.215385 -0.092975 0.972040
1341846452.006080 -0.037709 0.841413 -0.595502 0.019531 -0.216359 -0.095252 0.971460
1341846452.037935 -0.034634 0.859990 -0.603630 0.027528 -0.220784 -0.092708 0.970516
1341846452.073949 -0.028226 0.867587 -0.608464 0.030532 -0.227579 -0.088591 0.969241
1341846452.105977 -0.011612 0.880990 -0.610916 0.034212 -0.233483 -0.086306 0.967919
1341846452.138008 -0.003761 0.891453 -0.612858 0.036540 -0.235395 -0.083899 0.967582
1341846452.174074 -0.005872 0.902370 -0.620419 0.041349 -0.236388 -0.080735 0.967415
1341846452.206235 -0.007173 0.929307 -0.625880 0.054045 -0.240823 -0.075132 0.966146
1341846452.238073 0.015525 0.937392 -0.627267 0.061131 -0.246928 -0.072254 0.964401
1341846452.274106 0.032680 0.941580 -0.627234 0.065012 -0.249810 -0.070070 0.963566
1341846452.306097 0.044834 0.948915 -0.625347 0.070894 -0.252070 -0.064735 0.962935
1341846452.342082 0.039957 0.972651 -0.638610 0.078205 -0.250933 -0.058196 0.963084
1341846452.374034 0.072576 0.978169 -0.630792 0.077496 -0.255633 -0.056500 0.962005
1341846452.406041 0.089212 0.976054 -0.621627 0.076363 -0.256352 -0.054866 0.961999
1341846452.442053 0.108040 1.014522 -0.598480 0.087156 -0.262560 -0.049259 0.959708
1341846452.474108 0.141909 1.024016 -0.582893 0.090500 -0.276191 -0.043907 0.955824
1341846452.506073 0.174737 1.033286 -0.572647 0.091102 -0.282949 -0.041071 0.953915
1341846452.542118 0.200418 1.038846 -0.561662 0.090258 -0.285759 -0.040834 0.953167
1341846452.574108 0.209953 1.053486 -0.548180 0.094979 -0.290127 -0.039189 0.951456
1341846452.610038 0.239587 1.064897 -0.536304 0.101337 -0.297686 -0.037376 0.948534
1341846452.642126 0.270219 1.076646 -0.527543 0.105933 -0.302368 -0.036455 0.946585
1341846452.674053 0.297856 1.087524 -0.520670 0.107240 -0.305030 -0.035799 0.945608
1341846452.709891 0.324945 1.098482 -0.513124 0.107343 -0.307801 -0.035526 0.944708
1341846452.742117 0.350177 1.113389 -0.507922 0.110384 -0.308864 -0.036399 0.943978
1341846452.774020 0.374876 1.132631 -0.503921 0.115616 -0.307236 -0.037315 0.943847
1341846452.810050 0.398809 1.149573 -0.499074 0.119101 -0.307706 -0.036340 0.943298
1341846452.842060 0.423435 1.169773 -0.490377 0.123484 -0.309509 -0.035802 0.942165
1341846452.910212 0.463884 1.216058 -0.472592 0.132021 -0.311182 -0.031324 0.940614
1341846452.942284 0.485255 1.239288 -0.464176 0.138100 -0.314380 -0.029965 0.938720
1341846452.978269 0.507667 1.260417 -0.454655 0.144885 -0.317841 -0.027789 0.936597
1341846453.010078 0.531829 1.278884 -0.446195 0.147372 -0.318551 -0.028408 0.935948
1341846453.046005 0.552636 1.294990 -0.435052 0.147596 -0.318883 -0.030057 0.935749
1341846453.078276 0.549626 1.312189 -0.433649 0.150007 -0.317979 -0.029450 0.935692
1341846453.111410 0.567714 1.332377 -0.420425 0.157265 -0.321289 -0.028833 0.933386
1341846453.152099 0.587181 1.350208 -0.406507 0.164062 -0.322839 -0.028122 0.931701
1341846453.210744 0.562977 1.373351 -0.407686 0.176449 -0.317608 -0.027993 0.931240
1341846453.246368 0.582165 1.391078 -0.391935 0.186729 -0.321308 -0.028714 0.927938
1341846453.281016 0.598708 1.410077 -0.376258 0.196178 -0.323371 -0.029287 0.925250
1341846453.346478 0.595461 1.442593 -0.363567 0.214924 -0.321580 -0.026762 0.921780
1341846453.413993 0.612531 1.476773 -0.346167 0.236278 -0.319646 -0.028465 0.917164
1341846453.447282 0.636462 1.494842 -0.326315 0.251046 -0.321989 -0.028972 0.912392
1341846453.489022 0.670174 1.512891 -0.297844 0.265881 -0.331687 -0.023234 0.904849
1341846453.520074 0.690189 1.528618 -0.278411 0.278209 -0.336939 -0.015265 0.899355
1341846453.552202 0.705676 1.541827 -0.262643 0.287198 -0.340982 -0.006637 0.895100
1341846453.588242 0.701058 1.543440 -0.265091 0.289352 -0.342609 -0.000068 0.893809
1341846453.619879 0.681660 1.549467 -0.268536 0.290706 -0.339074 -0.000599 0.894717
1341846453.656024 0.663275 1.573527 -0.260724 0.297940 -0.335028 -0.001090 0.893860
1341846453.687999 0.676504 1.570759 -0.252451 0.301432 -0.335682 -0.001109 0.892444
1341846453.720025 0.661673 1.576803 -0.258295 0.305912 -0.331657 0.000988 0.892424
1341846453.756055 0.639421 1.600497 -0.252371 0.314667 -0.328896 0.005393 0.890384
1341846453.787935 0.655784 1.594441 -0.246154 0.315247 -0.333202 0.007980 0.888556
1341846453.824011 0.642929 1.616774 -0.237493 0.318396 -0.332364 0.011935 0.887703
1341846453.855942 0.631374 1.629314 -0.232981 0.318563 -0.330886 0.013533 0.888172
1341846453.888038 0.645630 1.614623 -0.232637 0.315252 -0.333697 0.013495 0.888302
1341846453.924065 0.628450 1.632462 -0.230722 0.320444 -0.331081 0.014500 0.887407
1341846453.955921 0.622082 1.630909 -0.235234 0.322465 -0.329974 0.014964 0.887079
1341846453.987940 0.617254 1.640091 -0.231078 0.331147 -0.330450 0.016687 0.883666
1341846454.024255 0.616035 1.647974 -0.224564 0.339119 -0.330152 0.016907 0.880745
1341846454.056313 0.612627 1.658248 -0.219485 0.341981 -0.329700 0.016463 0.879816
1341846454.088076 0.618612 1.653794 -0.218141 0.339442 -0.332267 0.014221 0.879872
1341846454.124105 0.613485 1.662710 -0.213189 0.340346 -0.332786 0.014218 0.879327
1341846454.156054 0.609535 1.673010 -0.203572 0.340384 -0.334557 0.014353 0.878637
1341846454.191955 0.606740 1.675173 -0.200097 0.338056 -0.334691 0.012530 0.879513
1341846454.224008 0.597926 1.677312 -0.201546 0.337806 -0.333814 0.009952 0.879975
1341846454.256124 0.598014 1.680126 -0.196018 0.337932 -0.334807 0.010554 0.879543
1341846454.291937 0.597980 1.686905 -0.187941 0.339288 -0.334153 0.009970 0.879276
1341846454.323981 0.591586 1.689829 -0.189270 0.338917 -0.333262 0.010419 0.879752
1341846454.355934 0.582196 1.698837 -0.184263 0.338356 -0.335074 0.013720 0.879234
1341846454.392062 0.584219 1.703866 -0.175142 0.338059 -0.336045 0.014708 0.878962
1341846454.423951 0.582100 1.705012 -0.173704 0.339040 -0.335166 0.015324 0.878909
1341846454.456041 0.574436 1.708518 -0.171703 0.340227 -0.337187 0.019932 0.877584
1341846454.492065 0.576379 1.710303 -0.163679 0.342262 -0.339265 0.022076 0.875939
1341846454.524037 0.569180 1.713834 -0.162444 0.345071 -0.336564 0.022396 0.875871
1341846454.555946 0.562447 1.715134 -0.160082 0.346563 -0.338422 0.025103 0.874491
1341846454.591893 0.568076 1.718465 -0.143625 0.349715 -0.343404 0.028096 0.871197
1341846454.624115 0.561295 1.724268 -0.138564 0.352803 -0.344339 0.029583 0.869532
1341846454.659990 0.554229 1.723249 -0.138530 0.355426 -0.345294 0.031371 0.868021
1341846454.691970 0.548883 1.727751 -0.131664 0.360252 -0.349148 0.036264 0.864291
1341846454.723925 0.553462 1.732297 -0.116673 0.363785 -0.351901 0.038497 0.861594
1341846454.759924 0.549806 1.739411 -0.107233 0.367692 -0.351640 0.037924 0.860066
1341846454.792135 0.547229 1.737974 -0.105294 0.369669 -0.351254 0.038599 0.859346
1341846454.823976 0.542339 1.741781 -0.104470 0.374710 -0.350926 0.044391 0.857014
1341846454.859970 0.544247 1.750661 -0.091247 0.380507 -0.353536 0.052833 0.852898
1341846454.892266 0.542150 1.758816 -0.081629 0.383216 -0.354500 0.055435 0.851118
1341846454.959988 0.535165 1.774281 -0.072104 0.385674 -0.351238 0.060573 0.851010
1341846455.022227 0.522955 1.802231 -0.059951 0.391064 -0.349855 0.070819 0.848325
1341846455.054099 0.509877 1.815338 -0.062934 0.391154 -0.344037 0.072712 0.850500
1341846455.090050 0.510395 1.819402 -0.056235 0.390517 -0.344799 0.076620 0.850141
1341846455.122055 0.514049 1.818934 -0.047789 0.389845 -0.348347 0.082072 0.848493
1341846455.153946 0.508011 1.832716 -0.038195 0.393470 -0.346458 0.086463 0.847156
1341846455.190190 0.505121 1.838220 -0.034883 0.394978 -0.345690 0.088998 0.846505
1341846455.222061 0.503541 1.846638 -0.025221 0.395848 -0.349159 0.093020 0.844239
1341846455.258176 0.498922 1.856604 -0.014839 0.396181 -0.351148 0.094121 0.843135
1341846455.289996 0.496689 1.856736 -0.012202 0.394377 -0.351435 0.092501 0.844040
1341846455.322654 0.491315 1.862499 -0.003887 0.394987 -0.353284 0.091702 0.843070
1341846455.358098 0.490816 1.862553 0.005015 0.394397 -0.361418 0.092996 0.839750
1341846455.390002 0.487748 1.872992 0.008312 0.393537 -0.363731 0.093248 0.839126
1341846455.422100 0.491412 1.871658 0.018668 0.390244 -0.368410 0.088257 0.839163
1341846455.458125 0.485705 1.876756 0.026042 0.390958 -0.364591 0.086916 0.840637
1341846455.490042 0.510308 1.843389 0.016674 0.379779 -0.376839 0.096812 0.839278
1341846455.525978 0.511300 1.847439 0.028872 0.380129 -0.381423 0.097567 0.836958
1341846455.558173 0.509774 1.865169 0.053808 0.383896 -0.380765 0.094395 0.835902
1341846455.590092 0.511775 1.867252 0.073290 0.385601 -0.386467 0.093223 0.832625
1341846455.625973 0.515486 1.870821 0.097171 0.387854 -0.395619 0.091932 0.827408
1341846455.658077 0.512705 1.874834 0.110478 0.389687 -0.399354 0.089434 0.825022
1341846455.690122 0.512395 1.877144 0.131099 0.393156 -0.404811 0.085129 0.821164
1341846455.726004 0.507488 1.878835 0.148547 0.397957 -0.409353 0.086229 0.816471
1341846455.758157 0.508600 1.880931 0.172702 0.405445 -0.416794 0.085300 0.809086
1341846455.826431 0.504013 1.884863 0.203871 0.415537 -0.425026 0.085822 0.799573
1341846455.858084 0.496860 1.884623 0.215266 0.420917 -0.429871 0.092458 0.793405
1341846455.893948 0.499691 1.884349 0.233771 0.427826 -0.433895 0.094318 0.787276
1341846455.926012 0.498979 1.885616 0.247821 0.432358 -0.436091 0.096218 0.783348
1341846455.958115 0.500882 1.884413 0.269848 0.437664 -0.442296 0.099387 0.776496
1341846455.994972 0.501431 1.880430 0.284723 0.441183 -0.447281 0.099953 0.771562
1341846456.026027 0.505203 1.877590 0.304918 0.444736 -0.453532 0.098077 0.766094
1341846456.061926 0.500868 1.872547 0.317194 0.447783 -0.458041 0.098006 0.761632
1341846456.093945 0.503108 1.863165 0.333127 0.451064 -0.464857 0.094622 0.755974
1341846456.126153 0.502885 1.854310 0.341709 0.452099 -0.468147 0.089736 0.753918
1341846456.162325 0.505463 1.841931 0.358802 0.454304 -0.473921 0.082668 0.749782
1341846456.194021 0.499676 1.826688 0.365415 0.455316 -0.478287 0.083094 0.746340
1341846456.229852 0.512630 1.801614 0.371794 0.452831 -0.486093 0.076614 0.743497
1341846456.262012 0.510217 1.796073 0.378719 0.452682 -0.488899 0.074325 0.741979
1341846456.293900 0.516639 1.775014 0.378907 0.447849 -0.493660 0.066863 0.742469
1341846456.330221 0.517211 1.760741 0.382402 0.450763 -0.496312 0.061160 0.739424
1341846456.362093 0.514925 1.755540 0.387200 0.450795 -0.500451 0.061087 0.736615
1341846456.394095 0.535918 1.715486 0.370328 0.441888 -0.504946 0.041416 0.740303
1341846456.429930 0.532363 1.713217 0.364127 0.441672 -0.504155 0.035533 0.741277
1341846456.462149 0.530260 1.711156 0.354751 0.441186 -0.503495 0.029601 0.742275
1341846456.498080 0.521798 1.725771 0.349580 0.440210 -0.504313 0.032549 0.742175
1341846456.529977 0.520433 1.730923 0.345690 0.440044 -0.503864 0.031026 0.742644
1341846456.562074 0.515251 1.739088 0.348196 0.439422 -0.503560 0.031997 0.743177
1341846456.598113 0.511131 1.748195 0.351147 0.438706 -0.507159 0.034721 0.741027
1341846456.629868 0.503892 1.760318 0.347190 0.437073 -0.510587 0.037794 0.739486
1341846456.662113 0.500179 1.765465 0.350153 0.436533 -0.509793 0.034503 0.740513
1341846456.697989 0.496884 1.773264 0.354696 0.437288 -0.510297 0.032951 0.739791
1341846456.730098 0.494619 1.780655 0.357388 0.436943 -0.512670 0.033504 0.738327
1341846456.766110 0.497502 1.783200 0.360340 0.430684 -0.516456 0.036902 0.739204
1341846456.798062 0.494361 1.792891 0.373251 0.439146 -0.513148 0.029360 0.736864
1341846456.830204 0.492406 1.798299 0.376094 0.440728 -0.513596 0.029437 0.735603
1341846456.866247 0.491251 1.805969 0.380677 0.440662 -0.515690 0.031459 0.734092
1341846456.898128 0.490313 1.811509 0.384385 0.441519 -0.515410 0.031174 0.733786
1341846456.929870 0.491487 1.822263 0.390580 0.442139 -0.513864 0.030911 0.734508
1341846456.966238 0.487460 1.827469 0.389847 0.441821 -0.514040 0.032108 0.734524
1341846456.997966 0.489422 1.830668 0.393563 0.441630 -0.516772 0.035516 0.732563
1341846457.034139 0.488422 1.837104 0.396833 0.441675 -0.515503 0.035547 0.733428
1341846457.066343 0.485675 1.845245 0.396724 0.442516 -0.514461 0.034368 0.733709
1341846457.098123 0.481682 1.848491 0.396540 0.444559 -0.513795 0.034993 0.732910
1341846457.133984 0.479539 1.856983 0.396744 0.445499 -0.513529 0.036606 0.732447
1341846457.165966 0.476175 1.862354 0.392847 0.447850 -0.513113 0.036978 0.731285
1341846457.198024 0.475822 1.866442 0.395132 0.450719 -0.512285 0.039559 0.729967
1341846457.234155 0.476628 1.870572 0.402094 0.452484 -0.511762 0.041887 0.729111
1341846457.266029 0.478405 1.871330 0.405710 0.452822 -0.512073 0.041880 0.728683
1341846457.302162 0.478354 1.875973 0.409649 0.452438 -0.510538 0.041958 0.729993
1341846457.334093 0.478412 1.877602 0.412068 0.451952 -0.509122 0.042061 0.731276
1341846457.365992 0.480933 1.874781 0.413934 0.450205 -0.509255 0.042921 0.732210
1341846457.401999 0.483643 1.875394 0.422555 0.450876 -0.507757 0.042772 0.732847
1341846457.434165 0.483159 1.878101 0.419520 0.450638 -0.504456 0.040310 0.735408
1341846457.470028 0.480875 1.879333 0.412129 0.448489 -0.503939 0.038734 0.737159
1341846457.502234 0.482589 1.875870 0.412233 0.447039 -0.503779 0.037151 0.738230
1341846457.534037 0.485266 1.873886 0.416269 0.445607 -0.500818 0.034392 0.741238
1341846457.570088 0.483072 1.873599 0.402725 0.441638 -0.496556 0.027708 0.746739
1341846457.601985 0.486893 1.863858 0.400580 0.436529 -0.497191 0.026740 0.749352
1341846457.634100 0.493277 1.852557 0.401035 0.432092 -0.496330 0.028414 0.752426
1341846457.670084 0.496267 1.844524 0.399760 0.428119 -0.494693 0.030972 0.755668
1341846457.701992 0.498892 1.832004 0.392932 0.424957 -0.492012 0.032506 0.759131
1341846457.738024 0.503097 1.816999 0.386550 0.424139 -0.489810 0.036302 0.760838
1341846457.770266 0.508432 1.804778 0.383746 0.424345 -0.488414 0.040261 0.761421
1341846457.802137 0.513956 1.792481 0.381398 0.425331 -0.486566 0.042024 0.761958
1341846457.838017 0.519880 1.780883 0.380368 0.427595 -0.482877 0.043327 0.762965
1341846457.870077 0.524476 1.772045 0.377096 0.426651 -0.482415 0.045431 0.763663
1341846457.902124 0.528684 1.760745 0.375197 0.427968 -0.482317 0.046972 0.762894
1341846457.937994 0.533113 1.752468 0.374439 0.428737 -0.479009 0.048247 0.764466
1341846457.970119 0.538186 1.742381 0.368814 0.426976 -0.478637 0.046694 0.765779
1341846458.006046 0.543942 1.730952 0.364394 0.425903 -0.477679 0.044221 0.767121
1341846458.038014 0.550485 1.718864 0.361388 0.424694 -0.474076 0.042789 0.770101
1341846458.070131 0.555619 1.706380 0.355838 0.421778 -0.473011 0.042528 0.772370
1341846458.106139 0.560498 1.694512 0.348693 0.418166 -0.473852 0.045287 0.773661
1341846458.138044 0.567832 1.682389 0.349038 0.415187 -0.474471 0.047240 0.774768
1341846458.169976 0.574349 1.673579 0.350829 0.413068 -0.473072 0.045184 0.776876
1341846458.205943 0.580839 1.655788 0.337347 0.408632 -0.471944 0.040363 0.780166
1341846458.238247 0.586859 1.643530 0.330861 0.405457 -0.474005 0.039449 0.780620
1341846458.273991 0.593754 1.633167 0.333066 0.403110 -0.474119 0.036606 0.781904
1341846458.306111 0.599860 1.616324 0.322827 0.398957 -0.474238 0.031986 0.784161
1341846458.344939 0.608141 1.600376 0.317522 0.395413 -0.476679 0.031893 0.784480
1341846458.406267 0.623294 1.573105 0.313832 0.388691 -0.480615 0.032005 0.785433
1341846458.442040 0.631359 1.557100 0.310207 0.385300 -0.481376 0.029582 0.786731
1341846458.473980 0.638724 1.543600 0.306742 0.382251 -0.482768 0.029189 0.787380
1341846458.506295 0.644076 1.533910 0.304130 0.379113 -0.484661 0.028982 0.787742
1341846458.541965 0.654165 1.518194 0.299229 0.373097 -0.486396 0.025406 0.789666
1341846458.573927 0.660836 1.500751 0.289220 0.368704 -0.487494 0.024216 0.791089
1341846458.606148 0.666507 1.492671 0.286520 0.365088 -0.489042 0.025783 0.791760
1341846458.642017 0.671766 1.480556 0.278429 0.358835 -0.489991 0.022525 0.794128
1341846458.673954 0.678052 1.473075 0.276469 0.353204 -0.493924 0.019255 0.794302
1341846458.710158 0.685363 1.467601 0.275625 0.346553 -0.494249 0.009291 0.797203
1341846458.741981 0.684460 1.461560 0.266853 0.340264 -0.494464 0.001205 0.799828
1341846458.773965 0.688575 1.453749 0.265247 0.334664 -0.501162 -0.008280 0.797978
1341846458.810261 0.695772 1.442090 0.259870 0.330231 -0.501858 -0.018070 0.799225
1341846458.845355 0.699065 1.433251 0.253066 0.328532 -0.502035 -0.021182 0.799737
1341846458.910230 0.711307 1.420595 0.243786 0.323360 -0.505233 -0.020352 0.799853
1341846458.942341 0.714287 1.417007 0.240647 0.321947 -0.504353 -0.022842 0.800910
1341846458.979658 0.715092 1.415762 0.229684 0.319931 -0.503066 -0.026052 0.802428
1341846459.010325 0.717174 1.412975 0.220279 0.316271 -0.503933 -0.029927 0.803199
1341846459.052625 0.720937 1.407166 0.213393 0.311008 -0.503520 -0.037105 0.805211
1341846459.078195 0.723250 1.402572 0.205771 0.306253 -0.502564 -0.043784 0.807293
1341846459.110297 0.726746 1.396621 0.197762 0.301562 -0.501040 -0.049697 0.809660
1341846459.156583 0.730813 1.386972 0.190267 0.296614 -0.500849 -0.052453 0.811430
1341846459.209921 0.740365 1.377756 0.184919 0.293235 -0.501098 -0.054222 0.812388
1341846459.246034 0.744022 1.371774 0.175584 0.290403 -0.498391 -0.058433 0.814775
1341846459.278165 0.750339 1.363222 0.171072 0.283840 -0.497144 -0.066886 0.817196
1341846459.310125 0.758340 1.354874 0.168001 0.278979 -0.494307 -0.076734 0.819722
1341846459.346071 0.763355 1.349289 0.160783 0.274008 -0.490064 -0.084888 0.823135
1341846459.378112 0.770171 1.332706 0.148288 0.268326 -0.487803 -0.089746 0.825830
1341846459.409983 0.776311 1.322850 0.140452 0.269173 -0.484426 -0.090540 0.827454
1341846459.446124 0.781023 1.321651 0.134218 0.272311 -0.479522 -0.091503 0.829176
1341846459.478285 0.781570 1.320307 0.128470 0.274389 -0.476801 -0.095173 0.829646
1341846459.514102 0.783472 1.316066 0.122150 0.276002 -0.473534 -0.104505 0.829860
1341846459.546042 0.785813 1.311297 0.117666 0.279642 -0.465727 -0.122285 0.830629
1341846459.578086 0.784712 1.305883 0.109752 0.284894 -0.458945 -0.139842 0.829849
1341846459.614088 0.784032 1.300004 0.100821 0.293068 -0.454791 -0.156153 0.826373
1341846459.646471 0.786349 1.299243 0.101664 0.302278 -0.451504 -0.171285 0.821848
1341846459.682060 0.788731 1.299079 0.102076 0.308816 -0.445294 -0.188471 0.819039
1341846459.713908 0.803322 1.252458 0.076970 0.300770 -0.449680 -0.189650 0.819364
1341846459.746062 0.804790 1.253090 0.077734 0.307338 -0.446912 -0.204345 0.814896
1341846459.782130 0.806529 1.253760 0.081812 0.313016 -0.444265 -0.219011 0.810360
1341846459.814161 0.803770 1.251446 0.078160 0.320123 -0.440880 -0.233380 0.805406
1341846459.845917 0.799404 1.251490 0.068898 0.329121 -0.438611 -0.246488 0.799089
1341846459.881966 0.802792 1.254005 0.073547 0.336781 -0.439953 -0.259558 0.790980
1341846459.914201 0.811710 1.254798 0.085592 0.342362 -0.438268 -0.278271 0.783119
1341846459.950366 0.812462 1.251573 0.085378 0.345630 -0.431663 -0.302851 0.776201
1341846459.982150 0.821094 1.233019 0.098743 0.334574 -0.438697 -0.300349 0.778072
1341846460.014318 0.821526 1.235159 0.098721 0.337653 -0.436817 -0.317500 0.770957
1341846460.050064 0.824758 1.235225 0.099183 0.341572 -0.432501 -0.334802 0.764316
1341846460.082470 0.824062 1.239733 0.101801 0.343751 -0.429279 -0.346855 0.759767
1341846460.113981 0.820338 1.244783 0.098852 0.343596 -0.429763 -0.355182 0.755706
1341846460.150105 0.823400 1.239661 0.093539 0.344124 -0.429424 -0.366406 0.750280
1341846460.181998 0.868277 1.183356 0.127389 0.336594 -0.441382 -0.360475 0.749629
1341846460.218224 0.866324 1.186992 0.126147 0.338887 -0.437982 -0.368075 0.746893
1341846460.250207 0.863326 1.189988 0.122465 0.341255 -0.437057 -0.373076 0.743869
1341846460.282079 0.867265 1.191951 0.119316 0.343899 -0.433748 -0.380739 0.740699
1341846460.318118 0.868340 1.193776 0.118832 0.343911 -0.430592 -0.390202 0.737603
1341846460.350039 0.868311 1.194730 0.117647 0.342073 -0.428670 -0.400658 0.733963
1341846460.382034 0.868752 1.199097 0.115859 0.341114 -0.426429 -0.410422 0.730311
1341846460.417986 0.869694 1.200858 0.116315 0.339526 -0.424344 -0.419901 0.726869
1341846460.450206 0.869526 1.202287 0.115695 0.338328 -0.421828 -0.430452 0.722708
1341846460.486901 0.874195 1.190499 0.127332 0.331354 -0.436700 -0.415168 0.726039
1341846460.550003 0.911232 1.126790 0.140180 0.319604 -0.453589 -0.412372 0.722537
1341846460.585983 0.908636 1.128900 0.138432 0.321534 -0.448937 -0.426493 0.716362
1341846460.618376 0.906032 1.128897 0.135441 0.322453 -0.446663 -0.439578 0.709427
1341846460.654440 0.904043 1.131148 0.128913 0.323934 -0.442692 -0.452472 0.703107
1341846460.685981 0.903032 1.134573 0.126409 0.326657 -0.437177 -0.464701 0.697298
1341846460.719720 0.899793 1.133031 0.122707 0.326648 -0.434661 -0.474871 0.692004
1341846460.754596 0.902778 1.133050 0.119997 0.324956 -0.433465 -0.484191 0.687073
1341846460.818048 0.903412 1.138392 0.123812 0.322243 -0.423798 -0.506964 0.677896
1341846460.854135 0.891084 1.140778 0.103321 0.317339 -0.419969 -0.513440 0.677718
1341846460.886066 0.887441 1.146273 0.098766 0.316026 -0.415793 -0.519655 0.676168
1341846460.922118 0.883277 1.152446 0.092867 0.315660 -0.408488 -0.526447 0.675537
1341846460.953981 0.882206 1.154566 0.096152 0.314974 -0.404739 -0.529710 0.675563
1341846460.986060 0.878763 1.154805 0.091925 0.313548 -0.402786 -0.531699 0.675831
1341846461.022018 0.875940 1.157581 0.085480 0.312734 -0.398116 -0.535087 0.676301
1341846461.053987 0.878273 1.157308 0.088782 0.311980 -0.394589 -0.538300 0.676166
1341846461.086024 0.879743 1.157255 0.090848 0.309693 -0.393683 -0.538535 0.677558
1341846461.122172 0.873893 1.158767 0.086065 0.306761 -0.394119 -0.533603 0.682522
1341846461.153999 0.867963 1.164199 0.080583 0.306210 -0.391637 -0.527969 0.688553
1341846461.190395 0.866494 1.165303 0.082581 0.307109 -0.388749 -0.519042 0.696529
1341846461.222053 0.872139 1.153985 0.091556 0.305278 -0.394943 -0.508266 0.701777
1341846461.254158 0.871661 1.155950 0.087110 0.305951 -0.394661 -0.501583 0.706436
1341846461.289936 0.872838 1.151914 0.094085 0.309675 -0.394260 -0.496827 0.708395
1341846461.322044 0.876630 1.143856 0.091595 0.309561 -0.397109 -0.493140 0.709429
1341846461.354118 0.880989 1.138470 0.090321 0.309404 -0.399678 -0.492616 0.708419
1341846461.390065 0.878808 1.139995 0.088892 0.312014 -0.396632 -0.493811 0.708153
1341846461.422073 0.876922 1.137657 0.091193 0.313461 -0.395340 -0.492061 0.709454
1341846461.458072 0.874872 1.136425 0.093160 0.312930 -0.398257 -0.484701 0.713114
1341846461.490119 0.871699 1.143814 0.086163 0.313528 -0.397383 -0.475687 0.719381
1341846461.522406 0.872072 1.146374 0.084446 0.313104 -0.396678 -0.464138 0.727453
1341846461.558036 0.872072 1.146374 0.084446 0.313104 -0.396678 -0.464138 0.727453
1341846461.622229 0.877258 1.139082 0.081030 0.310118 -0.405318 -0.440421 0.738629
1341846461.657948 0.875193 1.136929 0.084851 0.308795 -0.409219 -0.429781 0.743286
1341846461.726030 0.872343 1.136585 0.085298 0.308062 -0.421038 -0.398047 0.754575
1341846461.758483 0.872107 1.131699 0.085334 0.306356 -0.426254 -0.382248 0.760487
1341846461.789933 0.872557 1.129648 0.085007 0.304392 -0.431298 -0.365660 0.766564
1341846461.826110 0.871999 1.133571 0.087852 0.304922 -0.434979 -0.348399 0.772292
1341846461.858118 0.871999 1.133571 0.087852 0.304922 -0.434979 -0.348399 0.772292
1341846461.894127 0.874865 1.128593 0.085896 0.302428 -0.439364 -0.331045 0.778399
1341846461.926026 0.875363 1.126563 0.087747 0.300083 -0.442921 -0.315287 0.783815
1341846461.958215 0.873631 1.125505 0.088460 0.298467 -0.446845 -0.299019 0.788565
1341846461.994132 0.873355 1.123408 0.089483 0.295269 -0.453036 -0.280284 0.793105
1341846462.026102 0.864126 1.150378 0.083411 0.295864 -0.456181 -0.261299 0.797550
1341846462.058066 0.823234 1.226558 0.085467 0.303160 -0.451903 -0.259459 0.797846
1341846462.094057 0.821577 1.225659 0.083919 0.296702 -0.460313 -0.242834 0.800694
1341846462.126029 0.819911 1.224839 0.084080 0.291436 -0.468352 -0.226011 0.802889
1341846462.162124 0.817376 1.223487 0.081128 0.286142 -0.476590 -0.208430 0.804700
1341846462.194292 0.818025 1.223035 0.080515 0.281559 -0.483876 -0.192836 0.805855
1341846462.226092 0.816250 1.222362 0.079179 0.278126 -0.489827 -0.178357 0.806786
1341846462.262203 0.803480 1.247550 0.070809 0.279700 -0.492753 -0.165510 0.807198
1341846462.293934 0.804493 1.247091 0.069220 0.275871 -0.498663 -0.152600 0.807431
1341846462.325983 0.806932 1.246872 0.070971 0.272163 -0.502382 -0.142304 0.808263
1341846462.362050 0.804496 1.243809 0.066580 0.266994 -0.506377 -0.129894 0.809583
1341846462.400267 0.804824 1.243104 0.068229 0.264233 -0.511686 -0.112830 0.809708
1341846462.431940 0.807990 1.240152 0.068190 0.260110 -0.516696 -0.092345 0.810457
1341846462.468003 0.770647 1.310966 0.067658 0.276992 -0.505343 -0.103258 0.810704
1341846462.500020 0.773115 1.309146 0.067604 0.272460 -0.509819 -0.086310 0.811419
1341846462.535930 0.774688 1.305848 0.066110 0.268621 -0.511756 -0.070195 0.813032
1341846462.567947 0.776348 1.303102 0.064163 0.266627 -0.513524 -0.052265 0.813924
1341846462.599970 0.778862 1.302116 0.063184 0.262803 -0.516703 -0.032787 0.814173
1341846462.635989 0.754179 1.340283 0.046508 0.269241 -0.512268 -0.034252 0.814811
1341846462.668003 0.755720 1.340008 0.046152 0.264188 -0.516006 -0.020479 0.814569
1341846462.704029 0.756595 1.339012 0.045788 0.257256 -0.519216 -0.007119 0.814975
1341846462.735984 0.756618 1.338759 0.045056 0.247400 -0.524131 0.007718 0.814875
1341846462.768046 0.757842 1.336175 0.043943 0.235335 -0.530753 0.025357 0.813803
1341846462.803937 0.760361 1.334455 0.044510 0.228090 -0.535002 0.039617 0.812514
1341846462.835950 0.762700 1.332733 0.044008 0.220159 -0.538294 0.055332 0.811608
1341846462.871842 0.765484 1.330743 0.043366 0.212849 -0.541623 0.071775 0.810055
1341846462.904097 0.765484 1.330743 0.043366 0.212849 -0.541623 0.071775 0.810055
1341846462.966029 0.769257 1.321711 0.037919 0.211587 -0.539487 0.088608 0.810144
1341846462.998172 0.770500 1.321531 0.036040 0.212053 -0.541054 0.100899 0.807535
1341846463.029970 0.770740 1.325221 0.034798 0.212540 -0.540782 0.109151 0.806516
1341846463.066067 0.770950 1.325798 0.033044 0.207875 -0.542233 0.118454 0.805444
1341846463.098088 0.772962 1.324100 0.032727 0.199970 -0.545401 0.130644 0.803419
1341846463.134111 0.773957 1.322919 0.033806 0.191150 -0.547024 0.144971 0.802004
1341846463.165917 0.775410 1.322548 0.034518 0.181133 -0.548146 0.162458 0.800209
1341846463.198310 0.747486 1.353703 -0.000508 0.188841 -0.541436 0.156905 0.804094
1341846463.234037 0.769685 1.334183 0.034007 0.174879 -0.547790 0.167708 0.800760
1341846463.265874 0.788573 1.319354 0.069152 0.164162 -0.554482 0.176980 0.796416
1341846463.298219 0.806396 1.302824 0.101838 0.155756 -0.561407 0.188153 0.790671
1341846463.334210 0.826244 1.282313 0.134133 0.147184 -0.567494 0.201050 0.784771
1341846463.365995 0.847458 1.264518 0.171768 0.142805 -0.574243 0.212475 0.777628
1341846463.402065 0.869512 1.245466 0.208579 0.139552 -0.580161 0.220395 0.771599
1341846463.434179 0.891843 1.227969 0.245284 0.134154 -0.584777 0.227161 0.767096
1341846463.466070 0.914207 1.210880 0.282482 0.129653 -0.588541 0.235853 0.762354
1341846463.501955 0.938093 1.194542 0.319090 0.125326 -0.592457 0.242639 0.757901
1341846463.534089 0.960468 1.178903 0.351938 0.118355 -0.595257 0.250797 0.754163
1341846463.566060 0.981454 1.165174 0.382816 0.112405 -0.596909 0.257890 0.751371
1341846463.601907 1.003667 1.153183 0.419155 0.105900 -0.601370 0.263779 0.746699
1341846463.634009 1.025337 1.142272 0.454669 0.101296 -0.606025 0.267367 0.742285
1341846463.670261 1.046558 1.131262 0.495112 0.093378 -0.611655 0.271147 0.737318
1341846463.702198 1.063144 1.122033 0.530772 0.085664 -0.614533 0.278009 0.733295
1341846463.734494 1.078272 1.112445 0.561693 0.078145 -0.617525 0.287330 0.728009
1341846463.770159 1.094841 1.099649 0.594009 0.069519 -0.622269 0.294562 0.721929
1341846463.804734 1.108214 1.089819 0.623761 0.058743 -0.625499 0.301733 0.717118
1341846463.836811 1.118507 1.081308 0.650400 0.048655 -0.626560 0.309558 0.713603
1341846463.902572 1.128140 1.067963 0.657666 0.029298 -0.621094 0.327219 0.711556
1341846463.938656 1.129818 1.066854 0.660839 0.021101 -0.618388 0.340115 0.708148
1341846464.006721 1.126827 1.077236 0.651622 0.007247 -0.612678 0.359367 0.703867
1341846464.070293 1.125741 1.077960 0.655707 -0.012154 -0.605627 0.379795 0.699160
1341846464.106086 1.124286 1.082637 0.651128 -0.022045 -0.601858 0.390202 0.696437
1341846464.138960 1.125477 1.084078 0.658380 -0.033556 -0.599433 0.399125 0.693003
1341846464.170247 1.126629 1.077890 0.665789 -0.047890 -0.592248 0.414827 0.689106
1341846464.206089 1.126629 1.077890 0.665789 -0.047890 -0.592248 0.414827 0.689106
1341846464.238124 1.123200 1.092289 0.661716 -0.054762 -0.586266 0.428300 0.685457
1341846464.270037 1.121240 1.099603 0.661481 -0.066080 -0.579879 0.438579 0.683390
1341846464.306089 1.127743 1.082654 0.673211 -0.080942 -0.573300 0.448546 0.680868
1341846464.337963 1.126297 1.085005 0.666009 -0.084532 -0.564772 0.466700 0.675335
1341846464.374148 1.138636 1.064808 0.669693 -0.086588 -0.558653 0.483823 0.668075
1341846464.406125 1.129498 1.085703 0.677278 -0.084503 -0.552499 0.500115 0.661429
1341846464.438109 1.129240 1.090722 0.679286 -0.085460 -0.543072 0.510916 0.660859
1341846464.474154 1.124787 1.105932 0.667366 -0.088585 -0.534867 0.520779 0.659439
1341846464.506083 1.124787 1.105932 0.667366 -0.088585 -0.534867 0.520779 0.659439
1341846464.538050 1.124641 1.107172 0.661591 -0.094904 -0.529045 0.523128 0.661394
1341846464.573969 1.124489 1.108453 0.661330 -0.103273 -0.523458 0.523515 0.664273
1341846464.606003 1.126145 1.109998 0.665637 -0.111805 -0.518687 0.527355 0.663596
1341846464.642006 1.126436 1.112720 0.662787 -0.118640 -0.514355 0.529499 0.664074
1341846464.674030 1.125239 1.107659 0.657455 -0.126766 -0.509199 0.527509 0.668117
1341846464.706178 1.124283 1.108728 0.648102 -0.134688 -0.502917 0.528658 0.670413
1341846464.741977 1.135410 1.104939 0.658976 -0.147512 -0.501666 0.527493 0.669569
1341846464.774027 1.135410 1.104939 0.658976 -0.147512 -0.501666 0.527493 0.669569
1341846464.806072 1.134462 1.111168 0.661888 -0.151573 -0.500458 0.527695 0.669407
1341846464.842191 1.138318 1.106393 0.655258 -0.158600 -0.498411 0.525009 0.671415
1341846464.873987 1.135088 1.109079 0.659919 -0.160365 -0.499188 0.525228 0.670246
1341846464.910024 1.137209 1.109231 0.668575 -0.165888 -0.500050 0.523425 0.669669
1341846464.941952 1.138912 1.108263 0.641902 -0.173143 -0.497338 0.517511 0.674432
1341846464.974022 1.136675 1.111637 0.644480 -0.181856 -0.495959 0.518874 0.672103
1341846465.010148 1.134460 1.116223 0.647511 -0.189597 -0.496898 0.520814 0.667756
1341846465.042073 1.134819 1.115364 0.649894 -0.196368 -0.497180 0.521213 0.665273
1341846465.078033 1.135143 1.117533 0.650962 -0.201771 -0.498023 0.520882 0.663283
1341846465.110007 1.117879 1.152058 0.610828 -0.165373 -0.510914 0.496334 0.682108
1341846465.142010 1.115553 1.155110 0.614146 -0.166081 -0.514009 0.494688 0.680805
1341846465.177973 1.114276 1.156025 0.607047 -0.166444 -0.515862 0.491199 0.681840
1341846465.210092 1.116183 1.157294 0.605044 -0.168304 -0.519532 0.485936 0.682369
1341846465.241909 1.116053 1.157268 0.608713 -0.169841 -0.522509 0.481183 0.683082
1341846465.278006 1.115760 1.156999 0.608504 -0.170328 -0.524190 0.477833 0.684024
1341846465.310248 1.114256 1.157698 0.610790 -0.168998 -0.526550 0.475384 0.684248
1341846465.346076 1.113303 1.161665 0.610242 -0.164516 -0.530133 0.470278 0.686099
1341846465.377895 1.114418 1.162227 0.612539 -0.160139 -0.533973 0.462478 0.689450
1341846465.409986 1.115148 1.164451 0.613135 -0.153514 -0.537224 0.452963 0.694729
1341846465.446399 1.117479 1.162288 0.613858 -0.148254 -0.539877 0.442390 0.700603
1341846465.478000 1.119990 1.155937 0.621670 -0.142509 -0.542785 0.434655 0.704380
1341846465.510268 1.118257 1.158869 0.614938 -0.130701 -0.543315 0.428049 0.710282
1341846465.545952 1.119553 1.161567 0.611566 -0.122409 -0.545482 0.419714 0.715056
1341846465.578109 1.121435 1.160891 0.610300 -0.115885 -0.548379 0.411069 0.718939
1341846465.614033 1.122667 1.159984 0.611070 -0.107640 -0.552795 0.401666 0.722147
1341846465.646071 1.122667 1.159984 0.611070 -0.107640 -0.552795 0.401666 0.722147
1341846465.678057 1.123125 1.158389 0.610935 -0.104810 -0.557340 0.394078 0.723249
1341846465.713982 1.125452 1.152715 0.621476 -0.099639 -0.561715 0.385838 0.725036
1341846465.745991 1.123621 1.155173 0.620609 -0.092257 -0.564118 0.380358 0.727040
1341846465.778260 1.124092 1.159187 0.621170 -0.084732 -0.568730 0.372063 0.728653
1341846465.814116 1.129253 1.151947 0.628656 -0.078181 -0.573127 0.360498 0.731748
1341846465.845994 1.129182 1.153224 0.635646 -0.067784 -0.576705 0.352507 0.733863
1341846465.882074 1.127473 1.160266 0.621046 -0.057410 -0.579242 0.343294 0.737111
1341846465.913915 1.127935 1.160989 0.621785 -0.048637 -0.584678 0.328977 0.739973
1341846465.946253 1.126469 1.163126 0.614851 -0.038306 -0.587830 0.312150 0.745353
1341846465.982097 1.126469 1.163126 0.614851 -0.038306 -0.587830 0.312150 0.745353
1341846466.014088 1.128545 1.156573 0.627048 -0.035509 -0.593320 0.298074 0.746902
1341846466.046055 1.132097 1.142612 0.641986 -0.031954 -0.597070 0.287684 0.748147
1341846466.082006 1.133975 1.136003 0.648090 -0.025106 -0.600066 0.278937 0.749323
1341846466.114092 1.132593 1.134916 0.634087 -0.018038 -0.600293 0.269355 0.752842
1341846466.149988 1.131956 1.131399 0.636703 -0.011301 -0.600508 0.260037 0.756070
1341846466.182235 1.132014 1.140854 0.636336 -0.001539 -0.602335 0.251986 0.757426
1341846466.227775 1.130284 1.152448 0.631440 0.006901 -0.606461 0.238277 0.758539
1341846466.282054 1.133172 1.143956 0.643936 0.024112 -0.608052 0.200682 0.767736
1341846466.318013 1.134905 1.143103 0.646153 0.035236 -0.610916 0.187866 0.768275
1341846466.350104 1.147424 1.108027 0.656031 0.032541 -0.613591 0.184624 0.767047
1341846466.418103 1.150582 1.098994 0.670261 0.045036 -0.613924 0.172815 0.768898
1341846466.450241 1.152433 1.095532 0.694663 0.052579 -0.617100 0.178662 0.764528
1341846466.482241 1.148890 1.100335 0.703159 0.064478 -0.617129 0.180904 0.763065
1341846466.518064 1.146133 1.105575 0.705319 0.075595 -0.615916 0.175027 0.764394
1341846466.550013 1.143616 1.104251 0.712627 0.082400 -0.615088 0.164270 0.766741
1341846466.586129 1.142131 1.097958 0.706140 0.090381 -0.612246 0.152116 0.770614
1341846466.617891 1.138427 1.096123 0.694860 0.101035 -0.609806 0.140239 0.773473
1341846466.650067 1.132093 1.102128 0.690569 0.111919 -0.609750 0.125711 0.774516
1341846466.686119 1.126624 1.121081 0.743169 0.101213 -0.615596 0.135499 0.769700
1341846466.718096 1.124037 1.116952 0.740974 0.104998 -0.613851 0.127614 0.771931
1341846466.750165 1.119866 1.113036 0.736487 0.110523 -0.613586 0.119213 0.772713
1341846466.786075 1.112594 1.113089 0.738049 0.116116 -0.610890 0.109003 0.775531
1341846466.817996 1.110552 1.111532 0.735128 0.121198 -0.606962 0.098890 0.779185
1341846466.854152 1.106785 1.110502 0.728943 0.124231 -0.606066 0.092507 0.780188
1341846466.886138 1.104170 1.117896 0.729839 0.128048 -0.605949 0.084440 0.780577
1341846466.918000 1.105636 1.115129 0.737746 0.130542 -0.603519 0.070037 0.783465
1341846466.954116 1.100565 1.114185 0.728718 0.133548 -0.601649 0.055057 0.785590
1341846466.986117 1.099330 1.112010 0.726541 0.135008 -0.600964 0.041212 0.786712
1341846467.018002 1.099381 1.108043 0.733095 0.138745 -0.597655 0.024796 0.789268
1341846467.054121 1.097197 1.107165 0.730687 0.143648 -0.594404 0.011652 0.791147
1341846467.086519 1.095833 1.107109 0.730249 0.150324 -0.595171 0.002179 0.789411
1341846467.122117 1.096460 1.106608 0.740002 0.157921 -0.595591 -0.009783 0.787551
1341846467.154292 1.105028 1.087162 0.747656 0.161947 -0.595670 -0.017304 0.786543
1341846467.221944 1.108631 1.097066 0.745333 0.181440 -0.599237 -0.024565 0.779353
1341846467.254128 1.108564 1.095988 0.748099 0.186656 -0.598632 -0.037225 0.778083
1341846467.290073 1.114493 1.081030 0.750701 0.188499 -0.599475 -0.051841 0.776151
1341846467.322189 1.118958 1.072601 0.747585 0.189777 -0.602026 -0.062541 0.773070
1341846467.354092 1.121439 1.066564 0.748754 0.191127 -0.606300 -0.071877 0.768573
1341846467.390082 1.125633 1.065910 0.760810 0.196290 -0.610105 -0.080418 0.763397
1341846467.422206 1.128463 1.070600 0.756779 0.201450 -0.612546 -0.085690 0.759514
1341846467.454073 1.134777 1.069912 0.764956 0.207134 -0.617848 -0.088482 0.753346
1341846467.490150 1.144038 1.066502 0.775828 0.214472 -0.624878 -0.087466 0.745573
1341846467.522115 1.153628 1.061733 0.793659 0.221501 -0.631247 -0.085519 0.738344
1341846467.558053 1.162623 1.057149 0.800363 0.228402 -0.635549 -0.083479 0.732763
1341846467.589949 1.171843 1.052518 0.809735 0.234064 -0.641653 -0.078628 0.726163
1341846467.622077 1.180955 1.045797 0.816506 0.238913 -0.648462 -0.071637 0.719226
1341846467.658139 1.193343 1.033972 0.832536 0.242889 -0.656259 -0.062283 0.711653
1341846467.690047 1.201875 1.024726 0.839464 0.245628 -0.663458 -0.051973 0.704833
1341846467.721985 1.212709 1.018832 0.863335 0.246502 -0.674509 -0.044038 0.694503
1341846467.758049 1.216052 1.022596 0.881341 0.247186 -0.682590 -0.039312 0.686604
1341846467.789943 1.227986 1.014051 0.910897 0.243886 -0.689991 -0.040187 0.680306
1341846467.826009 1.235902 1.003423 0.931423 0.238363 -0.696660 -0.045907 0.675085
1341846467.858121 1.242652 0.993068 0.942642 0.233833 -0.702853 -0.048087 0.670080
1341846467.890215 1.252195 0.983201 0.961522 0.231921 -0.708505 -0.048068 0.664773
1341846467.926038 1.261605 0.976742 0.980822 0.230954 -0.711592 -0.049647 0.661689
1341846467.957994 1.268807 0.966376 0.995967 0.229996 -0.713845 -0.052639 0.659360
1341846467.990124 1.279172 0.962740 1.010248 0.228541 -0.716481 -0.054571 0.656846
1341846468.026228 1.287113 0.950517 1.036016 0.221235 -0.719870 -0.059423 0.655218
1341846468.058002 1.299593 0.938470 1.047789 0.217001 -0.719301 -0.067455 0.656480
1341846468.094305 1.307628 0.920876 1.062582 0.210097 -0.719693 -0.072207 0.657790
1341846468.126042 1.313602 0.916994 1.073322 0.202208 -0.720958 -0.076109 0.658437
1341846468.158486 1.319981 0.910589 1.094595 0.194243 -0.721615 -0.081454 0.659475
1341846468.194517 1.331288 0.912544 1.115550 0.190395 -0.717558 -0.089074 0.664023
1341846468.226561 1.338579 0.902667 1.121798 0.182905 -0.711892 -0.101182 0.670461
1341846468.258171 1.344872 0.895403 1.127616 0.179069 -0.706372 -0.113026 0.675425
1341846468.309995 1.385763 0.791771 1.077980 0.156213 -0.701727 -0.116191 0.685329
1341846468.335863 1.391918 0.785055 1.092859 0.154374 -0.694992 -0.123319 0.691337
1341846468.400413 1.400733 0.782125 1.096551 0.146580 -0.689466 -0.122176 0.698731
1341846468.462095 1.409344 0.784160 1.084987 0.138898 -0.683604 -0.118077 0.706719
1341846468.494284 1.419421 0.779171 1.087873 0.118911 -0.691330 -0.091821 0.706747
1341846468.529997 1.420667 0.772206 1.102719 0.116697 -0.692502 -0.089080 0.706319
1341846468.562003 1.423767 0.770226 1.115204 0.116438 -0.691406 -0.089643 0.707364
1341846468.594314 1.426156 0.770742 1.107204 0.117655 -0.687454 -0.091962 0.710709
1341846468.630018 1.427094 0.774229 1.102309 0.118105 -0.686159 -0.089726 0.712170
1341846468.662064 1.430270 0.782165 1.110156 0.120105 -0.686152 -0.087945 0.712064
1341846468.694446 1.430958 0.777992 1.114144 0.121457 -0.683387 -0.090584 0.714160
1341846468.730126 1.432558 0.786001 1.095546 0.126588 -0.679042 -0.089100 0.717592
1341846468.762147 1.434465 0.774039 1.091015 0.125598 -0.679943 -0.085023 0.717407
1341846468.797962 1.436124 0.772776 1.112455 0.126507 -0.682413 -0.082888 0.715149
1341846468.830113 1.436369 0.762701 1.126885 0.128129 -0.681535 -0.085326 0.715410
1341846468.862077 1.435268 0.757714 1.121178 0.129358 -0.680158 -0.084481 0.716600
1341846468.897982 1.435771 0.765034 1.114100 0.130892 -0.679784 -0.078502 0.717355
1341846468.930161 1.438078 0.765672 1.123994 0.132642 -0.679372 -0.076544 0.717635
1341846468.962214 1.439406 0.766723 1.117302 0.134064 -0.676237 -0.076348 0.720348
1341846468.998002 1.439467 0.764357 1.108547 0.133194 -0.675874 -0.073617 0.721134
1341846469.030028 1.440171 0.763612 1.115476 0.133728 -0.678121 -0.068640 0.719414
1341846469.066173 1.442974 0.766498 1.121631 0.136420 -0.678109 -0.066575 0.719115
1341846469.098358 1.443093 0.770613 1.116038 0.135268 -0.677690 -0.066283 0.719754
1341846469.131076 1.444211 0.762907 1.123648 0.133860 -0.679391 -0.067115 0.718334
1341846469.166463 1.442724 0.761554 1.125113 0.136260 -0.678158 -0.066861 0.719072
1341846469.198284 1.445459 0.762902 1.123131 0.137140 -0.677464 -0.064701 0.719756
1341846469.242554 1.448481 0.759192 1.121181 0.136726 -0.677755 -0.062644 0.719743
1341846469.272447 1.448999 0.766860 1.121640 0.138578 -0.676954 -0.061339 0.720255
1341846469.339987 1.449699 0.761949 1.126481 0.138623 -0.675675 -0.061693 0.721416
1341846469.398298 1.452464 0.766671 1.131131 0.138548 -0.674019 -0.061877 0.722962
1341846469.434042 1.452439 0.766704 1.133661 0.139259 -0.671720 -0.063138 0.724853
1341846469.466076 1.453045 0.767840 1.123854 0.138350 -0.669434 -0.063059 0.727146
1341846469.502529 1.453946 0.769223 1.126587 0.136347 -0.669755 -0.063601 0.727181
1341846469.534729 1.454273 0.768644 1.132142 0.136065 -0.668521 -0.066700 0.728091
1341846469.566597 1.455198 0.767437 1.125634 0.135509 -0.665876 -0.068577 0.730440
1341846469.602391 1.454583 0.768735 1.121060 0.134056 -0.665309 -0.068053 0.731274
1341846469.634717 1.455429 0.768858 1.129319 0.133748 -0.665715 -0.069039 0.730868
1341846469.667242 1.455722 0.767530 1.126535 0.134311 -0.663146 -0.071127 0.732897
1341846469.702595 1.455223 0.767777 1.121031 0.133303 -0.662035 -0.071326 0.734066
1341846469.734373 1.455586 0.766179 1.129846 0.133033 -0.662625 -0.070737 0.733640
1341846469.771003 1.455154 0.770966 1.112231 0.134399 -0.658728 -0.069872 0.736975
1341846469.803099 1.456740 0.772289 1.116392 0.134650 -0.658469 -0.069277 0.737217
1341846469.834283 1.451847 0.781767 1.065109 0.133091 -0.657853 -0.069540 0.738024
1341846469.871263 1.452795 0.781665 1.063418 0.134351 -0.655885 -0.070451 0.739460
1341846469.902171 1.453182 0.784773 1.056741 0.134704 -0.653886 -0.069285 0.741274
1341846469.934183 1.453174 0.785099 1.055231 0.134432 -0.653959 -0.067630 0.741412
1341846469.969991 1.456072 0.785687 1.057784 0.136561 -0.653590 -0.065769 0.741516
1341846470.002102 1.456530 0.790095 1.056834 0.138615 -0.651776 -0.063628 0.742917
1341846470.038184 1.456864 0.788663 1.053599 0.137332 -0.651596 -0.060980 0.743535
1341846470.070096 1.459837 0.785855 1.062202 0.136742 -0.652347 -0.058658 0.743172
1341846470.107943 1.461756 0.783631 1.057866 0.137823 -0.650362 -0.055820 0.744929
1341846470.170125 1.464841 0.784397 1.059173 0.140154 -0.650611 -0.043859 0.745076
1341846470.202144 1.466949 0.780937 1.064527 0.141529 -0.649726 -0.042470 0.745669
1341846470.238185 1.468576 0.779291 1.054640 0.142758 -0.647613 -0.039577 0.747429
1341846470.269875 1.469914 0.781379 1.050488 0.143265 -0.648349 -0.034355 0.746952
1341846470.306072 1.471397 0.778489 1.059531 0.144202 -0.649796 -0.031729 0.745630
1341846470.337953 1.472017 0.778301 1.060082 0.146476 -0.648664 -0.030244 0.746234
1341846470.370014 1.445188 0.852494 1.037065 0.168876 -0.641638 -0.057523 0.745971
1341846470.405987 1.445697 0.849695 1.037977 0.169107 -0.643210 -0.055334 0.744729
1341846470.438051 1.446639 0.847145 1.041839 0.170626 -0.643574 -0.054849 0.744104
1341846470.470041 1.446817 0.851406 1.036532 0.171289 -0.643485 -0.053341 0.744138
1341846470.506110 1.446849 0.848011 1.037230 0.171321 -0.645272 -0.051853 0.742688
1341846470.538167 1.446804 0.846674 1.040737 0.172821 -0.645644 -0.051380 0.742049
1341846470.573973 1.446625 0.849089 1.037833 0.172961 -0.645634 -0.050692 0.742073
1341846470.606133 1.447733 0.847559 1.038499 0.172300 -0.646806 -0.049806 0.741265
