# timestamp tx ty tz qx qy qz qw
1341839113.793718 0.000000 0.000000 0.000000 0.000000 0.000000 0.000000 1.000000
1341839113.861553 -0.002909 0.007753 -0.002725 0.002071 -0.001333 -0.002555 0.999994
1341839113.894400 -0.003965 0.004000 -0.002563 -0.000299 -0.000162 -0.001486 0.999999
1341839113.925550 -0.003674 0.001510 0.000697 -0.001293 -0.000517 0.000772 0.999999
1341839113.961614 -0.003251 0.005630 -0.002184 -0.000693 -0.001097 -0.000159 0.999999
1341839113.993616 -0.003925 0.003088 0.001768 -0.001936 -0.001527 -0.002221 0.999994
1341839114.025642 -0.004834 0.001477 0.000108 -0.001843 -0.002417 -0.002101 0.999993
1341839114.061534 -0.007379 0.009768 -0.003034 -0.001142 -0.001928 -0.002777 0.999994
1341839114.093617 -0.006862 0.006775 -0.002302 -0.005079 -0.001822 -0.001669 0.999984
1341839114.129556 -0.005652 0.002494 0.003768 -0.007070 -0.003375 -0.001604 0.999968
1341839114.161678 -0.006927 0.007040 0.001546 -0.005261 -0.003927 -0.004537 0.999968
1341839114.229673 -0.010492 0.004316 0.003941 -0.008424 -0.004856 -0.006243 0.999933
1341839114.261690 -0.012895 0.012206 0.000313 -0.005823 -0.003289 -0.005685 0.999961
1341839114.293564 -0.014506 0.007771 -0.002019 -0.008759 -0.002254 -0.004686 0.999948
1341839114.329671 -0.015752 0.003726 0.001378 -0.010529 -0.004021 -0.004582 0.999926
1341839114.361622 -0.017411 0.008699 0.001889 -0.008757 -0.005207 -0.006282 0.999928
1341839114.397666 -0.021100 0.012626 -0.002900 -0.008118 -0.004273 -0.006992 0.999933
1341839114.429583 -0.024768 0.012013 -0.003480 -0.010390 -0.003505 -0.005488 0.999925
1341839114.461610 -0.025757 0.012513 -0.002174 -0.011565 -0.003595 -0.002868 0.999923
1341839114.497561 -0.025554 0.015690 -0.001343 -0.011508 -0.003550 -0.002759 0.999924
1341839114.529492 -0.027603 0.015062 -0.000869 -0.011799 -0.003415 -0.003843 0.999917
1341839114.565482 -0.029718 0.016464 -0.004373 -0.012105 -0.003863 -0.004246 0.999910
1341839114.597648 -0.033048 0.021217 -0.005535 -0.012736 -0.002483 -0.004178 0.999907
1341839114.629596 -0.032464 0.019814 -0.002602 -0.013972 -0.001481 -0.003370 0.999896
1341839114.665607 -0.033432 0.020557 -0.005928 -0.014379 -0.001236 -0.004105 0.999887
1341839114.697721 -0.034993 0.021165 -0.004410 -0.014637 -0.001036 -0.006752 0.999870
1341839114.730054 -0.038996 0.021829 -0.007777 -0.013875 0.001013 -0.007105 0.999878
1341839114.765560 -0.042385 0.023004 -0.013803 -0.015194 0.002238 -0.005517 0.999867
1341839114.797510 -0.043856 0.022025 -0.010090 -0.015943 0.003237 -0.005208 0.999854
1341839114.833570 -0.048514 0.023919 -0.016133 -0.014647 0.004936 -0.004415 0.999871
1341839114.865530 -0.052996 0.025153 -0.020667 -0.015576 0.005503 -0.004394 0.999854
1341839114.897742 -0.056141 0.025447 -0.021074 -0.015808 0.006388 -0.004174 0.999846
1341839114.933721 -0.061056 0.027113 -0.024250 -0.014797 0.007889 -0.003665 0.999853
1341839114.965565 -0.067033 0.028626 -0.032222 -0.014769 0.008850 -0.001915 0.999850
1341839114.997678 -0.071465 0.034606 -0.035800 -0.014792 0.008992 -0.002019 0.999848
1341839115.033675 -0.075348 0.037118 -0.035459 -0.014420 0.011954 -0.001976 0.999823
1341839115.065634 -0.083644 0.034786 -0.043418 -0.015279 0.015673 0.002776 0.999757
1341839115.101577 -0.084417 0.037937 -0.047224 -0.015615 0.014191 0.004731 0.999766
1341839115.133455 -0.088781 0.044942 -0.047646 -0.014058 0.014732 0.001575 0.999791
1341839115.165699 -0.095327 0.041930 -0.051716 -0.013864 0.016898 0.001413 0.999760
1341839115.201542 -0.104044 0.047325 -0.062958 -0.013931 0.017922 0.004033 0.999734
1341839115.233600 -0.108085 0.053620 -0.064790 -0.016008 0.017566 0.004183 0.999709
1341839115.265499 -0.111865 0.052807 -0.065142 -0.016581 0.018414 0.003553 0.999687
1341839115.301699 -0.118344 0.056059 -0.073197 -0.016671 0.018709 0.003040 0.999681
1341839115.333616 -0.122855 0.060358 -0.077208 -0.019469 0.017596 0.001650 0.999654
1341839115.369483 -0.128541 0.062939 -0.075560 -0.020456 0.018570 0.000782 0.999618
1341839115.401613 -0.134479 0.063840 -0.080515 -0.019898 0.020282 0.001580 0.999595
1341839115.469819 -0.143061 0.066584 -0.082690 -0.024618 0.021480 0.002179 0.999464
1341839115.533671 -0.155414 0.074927 -0.091509 -0.023331 0.024594 0.006663 0.999403
1341839115.569633 -0.156117 0.069078 -0.087797 -0.026808 0.023915 0.004632 0.999344
1341839115.601623 -0.160840 0.063758 -0.088065 -0.026145 0.025596 0.003529 0.999324
1341839115.637954 -0.169331 0.072611 -0.091380 -0.023020 0.028283 0.006444 0.999314
1341839115.669467 -0.174694 0.077881 -0.094702 -0.024440 0.029288 0.008492 0.999236
1341839115.701635 -0.173303 0.066923 -0.088766 -0.028311 0.029183 0.008398 0.999138
1341839115.737552 -0.179027 0.062151 -0.085168 -0.025157 0.030901 0.008871 0.999166
1341839115.769579 -0.190147 0.079983 -0.093026 -0.021330 0.032636 0.008171 0.999206
1341839115.805533 -0.193176 0.073691 -0.088547 -0.025256 0.033292 0.007943 0.999095
1341839115.837641 -0.198151 0.068337 -0.084083 -0.024847 0.035141 0.010947 0.999013
1341839115.869594 -0.210963 0.080190 -0.090011 -0.022534 0.038155 0.012571 0.998939
1341839115.905464 -0.217139 0.077417 -0.088319 -0.025670 0.039514 0.013882 0.998793
1341839115.937926 -0.218962 0.068427 -0.080713 -0.026071 0.040901 0.016929 0.998680
1341839115.976772 -0.232584 0.082715 -0.088265 -0.020677 0.045507 0.019188 0.998566
1341839116.037844 -0.246911 0.071093 -0.087678 -0.026679 0.049529 0.025629 0.998087
1341839116.073614 -0.252234 0.068060 -0.084415 -0.024819 0.050673 0.026034 0.998067
1341839116.105551 -0.265489 0.078198 -0.090481 -0.020780 0.053780 0.025940 0.997999
1341839116.137629 -0.277094 0.077303 -0.092803 -0.022158 0.055943 0.027245 0.997816
1341839116.173741 -0.280115 0.068457 -0.087193 -0.023558 0.056473 0.028249 0.997726
1341839116.205705 -0.289964 0.074661 -0.090402 -0.020097 0.059774 0.027835 0.997621
1341839116.237744 -0.303844 0.074351 -0.095493 -0.020357 0.063470 0.029450 0.997341
1341839116.273644 -0.311138 0.076813 -0.096166 -0.020340 0.064935 0.031653 0.997180
1341839116.305590 -0.317165 0.081030 -0.096625 -0.020229 0.067613 0.031849 0.996998
1341839116.341693 -0.328087 0.075900 -0.095184 -0.021287 0.071950 0.033983 0.996602
1341839116.374159 -0.339408 0.075521 -0.100009 -0.021124 0.074440 0.038690 0.996251
1341839116.405626 -0.344242 0.077679 -0.098386 -0.021144 0.075069 0.041406 0.996094
1341839116.441448 -0.351950 0.075443 -0.097005 -0.020885 0.077208 0.043473 0.995848
1341839116.473792 -0.359943 0.074386 -0.100072 -0.020254 0.077629 0.045601 0.995733
1341839116.505559 -0.365683 0.080369 -0.100617 -0.018553 0.077649 0.044896 0.995797
1341839116.541530 -0.378765 0.082828 -0.106279 -0.018722 0.080726 0.046675 0.995467
1341839116.573449 -0.379256 0.076685 -0.105639 -0.021949 0.079491 0.048238 0.995426
1341839116.609629 -0.380478 0.079439 -0.102367 -0.020697 0.078637 0.045096 0.995668
1341839116.642092 -0.391456 0.080985 -0.106658 -0.019444 0.081052 0.042515 0.995613
1341839116.673494 -0.401693 0.079850 -0.112940 -0.020806 0.082237 0.043987 0.995424
1341839116.709491 -0.399792 0.079260 -0.110320 -0.022658 0.080368 0.042141 0.995616
1341839116.741798 -0.401456 0.077265 -0.108095 -0.022576 0.081317 0.037706 0.995719
1341839116.777780 -0.412581 0.076220 -0.111806 -0.022066 0.083163 0.036370 0.995628
1341839116.809493 -0.420366 0.082282 -0.116667 -0.022215 0.082563 0.035656 0.995700
1341839116.841577 -0.419155 0.073399 -0.111255 -0.025119 0.082104 0.033584 0.995741
1341839116.877541 -0.425833 0.070849 -0.111749 -0.022751 0.083978 0.032523 0.995677
1341839116.909607 -0.438389 0.084624 -0.120561 -0.019330 0.086194 0.032521 0.995560
1341839116.941574 -0.443742 0.085712 -0.122996 -0.022486 0.087174 0.032588 0.995406
1341839116.977669 -0.441010 0.069323 -0.116525 -0.026474 0.086654 0.032446 0.995358
1341839117.009692 -0.453338 0.080705 -0.122139 -0.021726 0.088373 0.029791 0.995405
1341839117.045446 -0.464960 0.097444 -0.128312 -0.020193 0.090388 0.026736 0.995343
1341839117.077581 -0.468830 0.084649 -0.125936 -0.025528 0.091730 0.027492 0.995077
1341839117.109633 -0.474346 0.083560 -0.126381 -0.025072 0.093600 0.028762 0.994878
1341839117.145451 -0.481839 0.087805 -0.129586 -0.023998 0.095845 0.027562 0.994725
1341839117.177591 -0.493876 0.086557 -0.133214 -0.024775 0.098311 0.027736 0.994461
1341839117.209585 -0.499849 0.081177 -0.131260 -0.025673 0.098491 0.028801 0.994390
1341839117.245753 -0.509145 0.089350 -0.135154 -0.022098 0.101086 0.028612 0.994221
1341839117.278976 -0.523978 0.087348 -0.141462 -0.022843 0.104979 0.030452 0.993746
1341839117.313580 -0.532528 0.082747 -0.142501 -0.023697 0.105465 0.033933 0.993561
1341839117.345623 -0.545635 0.091975 -0.149356 -0.021539 0.107583 0.035201 0.993339
1341839117.377641 -0.557417 0.095240 -0.154985 -0.023077 0.108964 0.035156 0.993156
1341839117.413568 -0.566486 0.091666 -0.155760 -0.025161 0.109048 0.034945 0.993103
1341839117.445717 -0.582816 0.103696 -0.163794 -0.023872 0.111066 0.035170 0.992904
1341839117.477601 -0.593556 0.106092 -0.166421 -0.027641 0.112734 0.036778 0.992559
1341839117.513635 -0.601730 0.097228 -0.165148 -0.030416 0.114203 0.039814 0.992193
1341839117.545603 -0.614771 0.105139 -0.172171 -0.029099 0.115184 0.041344 0.992057
1341839117.581707 -0.625819 0.106426 -0.175315 -0.030798 0.115629 0.041391 0.991952
1341839117.613653 -0.636063 0.105995 -0.176969 -0.031320 0.116261 0.042418 0.991818
1341839117.645887 -0.649567 0.110824 -0.181907 -0.030690 0.117780 0.043714 0.991602
1341839117.681569 -0.660307 0.111818 -0.186285 -0.032060 0.118033 0.044563 0.991491
1341839117.713639 -0.666060 0.107749 -0.185819 -0.033922 0.117094 0.042837 0.991617
1341839117.745712 -0.677660 0.108229 -0.187346 -0.032745 0.118004 0.041763 0.991594
1341839117.781725 -0.693187 0.119209 -0.194847 -0.030394 0.119867 0.042482 0.991415
1341839117.813499 -0.704504 0.121315 -0.198835 -0.032887 0.121074 0.045010 0.991077
1341839117.849617 -0.708364 0.109804 -0.196956 -0.036824 0.119847 0.046478 0.991020
1341839117.881610 -0.718270 0.112936 -0.197052 -0.034540 0.119258 0.043923 0.991290
1341839117.913581 -0.734336 0.127617 -0.203806 -0.032340 0.119550 0.041537 0.991432
1341839117.949521 -0.741253 0.123525 -0.203457 -0.036400 0.118820 0.041010 0.991401
1341839117.981586 -0.747958 0.121835 -0.204427 -0.037538 0.118415 0.042389 0.991349
1341839118.017504 -0.754218 0.130355 -0.207172 -0.037742 0.118242 0.040760 0.991430
1341839118.049478 -0.758082 0.120678 -0.203525 -0.040910 0.118697 0.039162 0.991314
1341839118.081566 -0.772868 0.121885 -0.206062 -0.040058 0.120406 0.039343 0.991136
1341839118.117532 -0.778376 0.122115 -0.206420 -0.041372 0.120133 0.040533 0.991067
1341839118.149476 -0.779022 0.111714 -0.201298 -0.043348 0.119541 0.040948 0.991037
1341839118.182394 -0.788150 0.116673 -0.202616 -0.040358 0.120162 0.039461 0.991148
1341839118.217697 -0.797125 0.120349 -0.203924 -0.040067 0.121220 0.038404 0.991073
1341839118.249595 -0.801162 0.112222 -0.198748 -0.041823 0.122335 0.039843 0.990807
1341839118.285581 -0.807159 0.110071 -0.197382 -0.040150 0.122989 0.041118 0.990743
1341839118.317574 -0.812388 0.111185 -0.195950 -0.038708 0.123410 0.040697 0.990765
1341839118.349685 -0.818583 0.106590 -0.193472 -0.038110 0.124415 0.041040 0.990648
1341839118.385618 -0.828717 0.109344 -0.193017 -0.035587 0.125921 0.042082 0.990508
1341839118.417611 -0.837820 0.111061 -0.192743 -0.035001 0.127021 0.043887 0.990310
1341839118.449697 -0.841194 0.107872 -0.189276 -0.035698 0.126808 0.044716 0.990276
1341839118.485493 -0.844894 0.105419 -0.185985 -0.035266 0.126994 0.043963 0.990301
1341839118.517623 -0.856637 0.111484 -0.184866 -0.032895 0.128922 0.043536 0.990152
1341839118.554050 -0.869015 0.118808 -0.185163 -0.032578 0.130369 0.044831 0.989916
1341839118.585668 -0.866112 0.109333 -0.178118 -0.036687 0.127965 0.045574 0.990052
1341839118.617700 -0.870262 0.104415 -0.171989 -0.036137 0.128433 0.044073 0.990079
1341839118.653714 -0.888991 0.119324 -0.176032 -0.032625 0.131080 0.043872 0.989863
1341839118.717504 -0.893800 0.098551 -0.167256 -0.040428 0.131050 0.046590 0.989455
1341839118.753742 -0.906029 0.112725 -0.168979 -0.035329 0.133207 0.045673 0.989405
1341839118.785566 -0.922336 0.117934 -0.171839 -0.036271 0.136172 0.046557 0.988926
1341839118.821695 -0.927327 0.113187 -0.168423 -0.039732 0.135894 0.050093 0.988658
1341839118.853833 -0.925074 0.105651 -0.164180 -0.042123 0.134963 0.049166 0.988733
1341839118.921740 -0.953550 0.109824 -0.163430 -0.038949 0.138769 0.047941 0.988397
1341839118.953665 -0.953679 0.106660 -0.159997 -0.041222 0.138603 0.049350 0.988258
1341839118.989622 -0.961230 0.097682 -0.154709 -0.041904 0.141200 0.051233 0.987766
1341839119.021687 -0.972490 0.104685 -0.155463 -0.038606 0.143188 0.051631 0.987594
1341839119.054550 -0.984301 0.109726 -0.155952 -0.037861 0.145789 0.052290 0.987207
1341839119.089581 -0.996703 0.107397 -0.155035 -0.039535 0.148492 0.055792 0.986547
1341839119.121679 -1.000917 0.104372 -0.153155 -0.041110 0.148544 0.058091 0.986342
1341839119.153810 -1.007824 0.104227 -0.150886 -0.040903 0.149688 0.057327 0.986222
1341839119.190466 -1.021543 0.108413 -0.151917 -0.040081 0.151526 0.057131 0.985987
1341839119.221601 -1.029735 0.112446 -0.151365 -0.041157 0.152222 0.058227 0.985771
1341839119.257728 -1.032000 0.104887 -0.147770 -0.044007 0.153339 0.059859 0.985377
1341839119.289455 -1.040878 0.104233 -0.145600 -0.043615 0.155290 0.060062 0.985076
1341839119.321569 -1.052214 0.102091 -0.144059 -0.043679 0.156937 0.061566 0.984720
1341839119.357502 -1.058163 0.101882 -0.141579 -0.042549 0.157571 0.064521 0.984479
1341839119.389594 -1.067172 0.107669 -0.142121 -0.041125 0.158562 0.065623 0.984307
1341839119.421517 -1.074432 0.101757 -0.138636 -0.043109 0.158453 0.065561 0.984244
1341839119.457571 -1.079404 0.105038 -0.139387 -0.041857 0.156509 0.064144 0.984702
1341839119.489537 -1.087265 0.110885 -0.138967 -0.041202 0.157660 0.063139 0.984611
1341839119.525734 -1.097733 0.110976 -0.138592 -0.042262 0.159927 0.065133 0.984071
1341839119.557461 -1.103488 0.116341 -0.139458 -0.043393 0.159417 0.067009 0.983978
1341839119.589618 -1.100269 0.107493 -0.137051 -0.047940 0.157998 0.064659 0.984153
1341839119.625979 -1.107998 0.102139 -0.134347 -0.047323 0.159268 0.062203 0.984137
1341839119.657625 -1.118848 0.115016 -0.138217 -0.044341 0.160130 0.061532 0.984178
1341839119.689899 -1.121207 0.111665 -0.137704 -0.048701 0.159486 0.061822 0.984058
1341839119.725735 -1.116754 0.096641 -0.133093 -0.052150 0.158369 0.060401 0.984150
1341839119.757807 -1.129347 0.108430 -0.134914 -0.048118 0.160554 0.057675 0.984165
1341839119.793744 -1.138697 0.111489 -0.135557 -0.049385 0.160780 0.057637 0.984068
1341839119.825500 -1.135526 0.100469 -0.131779 -0.052919 0.159196 0.057591 0.984144
1341839119.857554 -1.140877 0.097442 -0.131098 -0.051414 0.160774 0.057653 0.983964
1341839119.893748 -1.154597 0.109284 -0.133494 -0.047775 0.163470 0.058862 0.983631
1341839119.925601 -1.159337 0.111234 -0.133868 -0.049994 0.163720 0.059987 0.983411
1341839119.957678 -1.160324 0.093869 -0.129040 -0.053802 0.164447 0.060990 0.983027
1341839119.993679 -1.171632 0.100110 -0.128167 -0.049459 0.165717 0.060935 0.983046
1341839120.025666 -1.177650 0.101958 -0.129212 -0.048482 0.165821 0.060049 0.983131
1341839120.061576 -1.185519 0.103999 -0.128054 -0.047653 0.167397 0.060818 0.982857
1341839120.093515 -1.192853 0.102833 -0.125967 -0.047508 0.169418 0.063848 0.982326
1341839120.125657 -1.199995 0.101457 -0.124852 -0.047130 0.171243 0.066883 0.981825
1341839120.161703 -1.204799 0.094176 -0.121790 -0.047579 0.172240 0.067785 0.981568
1341839120.193590 -1.214019 0.092871 -0.119632 -0.044952 0.173857 0.067893 0.981399
1341839120.229713 -1.223437 0.104553 -0.119307 -0.040256 0.176255 0.069078 0.981092
1341839120.261506 -1.237328 0.105546 -0.119295 -0.039867 0.180471 0.073453 0.980023
1341839120.293457 -1.244313 0.096717 -0.117489 -0.041244 0.181645 0.077892 0.979406
1341839120.329588 -1.250359 0.102469 -0.117244 -0.038847 0.182506 0.077338 0.979388
1341839120.361629 -1.268572 0.106669 -0.118392 -0.038306 0.185741 0.077200 0.978812
1341839120.393790 -1.280132 0.105381 -0.118247 -0.040281 0.186290 0.079837 0.978417
1341839120.429559 -1.284065 0.104774 -0.117040 -0.041865 0.186094 0.080697 0.978317
1341839120.461550 -1.293516 0.101469 -0.115446 -0.043297 0.187206 0.080793 0.978035
1341839120.497665 -1.304912 0.099180 -0.114117 -0.043528 0.187434 0.081314 0.977938
1341839120.561630 -1.323598 0.102905 -0.114717 -0.044409 0.189578 0.083208 0.977325
1341839120.597681 -1.333030 0.099934 -0.113793 -0.045178 0.190920 0.085372 0.976842
1341839120.629503 -1.340515 0.105044 -0.114827 -0.044596 0.190712 0.085526 0.976896
1341839120.661993 -1.348003 0.107754 -0.115952 -0.045632 0.191746 0.084539 0.976731
1341839120.697745 -1.359176 0.105327 -0.115205 -0.047713 0.193994 0.085340 0.976118
1341839120.729566 -1.366860 0.106045 -0.114414 -0.048514 0.194345 0.086311 0.975924
1341839120.765550 -1.369816 0.104780 -0.115202 -0.050222 0.194068 0.085060 0.976002
1341839120.797761 -1.379555 0.100308 -0.112521 -0.050747 0.196058 0.083702 0.975695
1341839120.829557 -1.390160 0.107055 -0.113679 -0.049043 0.197309 0.083836 0.975518
1341839120.865525 -1.394783 0.105488 -0.112547 -0.050202 0.198983 0.085502 0.974974
1341839120.897669 -1.403125 0.096313 -0.109382 -0.051299 0.201767 0.087470 0.974170
1341839120.929785 -1.413423 0.093576 -0.108422 -0.049704 0.202967 0.088143 0.973943
1341839120.965555 -1.420385 0.093428 -0.107204 -0.047937 0.202643 0.087119 0.974191
1341839120.997581 -1.429293 0.097171 -0.105861 -0.045836 0.203070 0.086042 0.974299
1341839121.033744 -1.443452 0.093911 -0.102509 -0.045359 0.204598 0.087854 0.973840
1341839121.065604 -1.446111 0.089560 -0.099108 -0.044949 0.203382 0.089995 0.973918
1341839121.097656 -1.453683 0.091620 -0.097149 -0.042745 0.203492 0.089491 0.974041
1341839121.133691 -1.468186 0.090390 -0.093318 -0.042569 0.203769 0.089258 0.974012
1341839121.165530 -1.472386 0.086465 -0.090412 -0.042712 0.200945 0.089791 0.974543
1341839121.201575 -1.476829 0.088092 -0.088018 -0.041260 0.199901 0.088727 0.974918
1341839121.233546 -1.489373 0.085456 -0.084247 -0.040890 0.200505 0.089115 0.974774
1341839121.265498 -1.496109 0.086157 -0.082486 -0.040486 0.198434 0.090240 0.975111
1341839121.301532 -1.496882 0.082088 -0.078835 -0.041651 0.196618 0.090201 0.975433
1341839121.333608 -1.501561 0.080593 -0.073950 -0.041059 0.196162 0.088369 0.975718
1341839121.365570 -1.511875 0.081938 -0.072946 -0.039671 0.196618 0.087258 0.975784
1341839121.401586 -1.517707 0.075135 -0.067800 -0.039750 0.197108 0.088679 0.975553
1341839121.433568 -1.522650 0.084251 -0.068244 -0.036588 0.196749 0.088354 0.975779
1341839121.470470 -1.526854 0.073212 -0.064392 -0.039900 0.197188 0.087567 0.975632
1341839121.501558 -1.527104 0.055866 -0.057642 -0.040085 0.196570 0.086657 0.975830
1341839121.533669 -1.534140 0.069892 -0.055364 -0.032754 0.197515 0.084003 0.976145
1341839121.569551 -1.542480 0.065125 -0.053171 -0.032024 0.199044 0.084301 0.975833
1341839121.601594 -1.543898 0.057314 -0.048411 -0.030902 0.198657 0.084554 0.975926
1341839121.633518 -1.550058 0.064374 -0.046463 -0.026809 0.199706 0.083556 0.975919
1341839121.676759 -1.556214 0.055037 -0.042841 -0.027952 0.200857 0.083910 0.975620
1341839121.737794 -1.565701 0.045171 -0.034614 -0.023816 0.199202 0.083091 0.976139
1341839121.769806 -1.568535 0.043892 -0.029538 -0.022472 0.198407 0.079194 0.976656
1341839121.801610 -1.579506 0.044268 -0.023730 -0.020541 0.199405 0.077083 0.976665
1341839121.837558 -1.584778 0.043644 -0.019891 -0.019692 0.198398 0.077254 0.976874
1341839121.869640 -1.586107 0.036398 -0.011856 -0.020077 0.198208 0.076232 0.976985
1341839121.901603 -1.597139 0.035626 -0.007606 -0.017915 0.198655 0.075201 0.977016
1341839121.937642 -1.600974 0.036317 -0.002416 -0.016564 0.197563 0.074091 0.977346
1341839121.969593 -1.610318 0.039936 0.003198 -0.015041 0.199614 0.073560 0.976994
1341839122.005447 -1.623064 0.037839 0.005421 -0.015006 0.201401 0.076451 0.976406
1341839122.037577 -1.626076 0.036299 0.009132 -0.015861 0.199762 0.076632 0.976714
1341839122.069508 -1.628887 0.031576 0.012122 -0.017252 0.198769 0.074553 0.977054
1341839122.105677 -1.637527 0.030196 0.017477 -0.016708 0.199776 0.073138 0.976965
1341839122.137560 -1.649364 0.034851 0.019470 -0.015343 0.200988 0.072928 0.976755
1341839122.169506 -1.655050 0.035613 0.021342 -0.017046 0.201543 0.073063 0.976602
1341839122.205699 -1.657480 0.025355 0.026545 -0.019777 0.202522 0.073901 0.976285
1341839122.237714 -1.664141 0.023683 0.030205 -0.018277 0.203671 0.074423 0.976035
1341839122.273692 -1.671300 0.030176 0.032658 -0.016747 0.205302 0.073730 0.975774
1341839122.305536 -1.680204 0.025118 0.037781 -0.018365 0.208140 0.074852 0.975058
1341839122.337539 -1.688128 0.020232 0.042353 -0.018654 0.209519 0.077101 0.974582
1341839122.373595 -1.691888 0.020327 0.045663 -0.018694 0.209451 0.077298 0.974580
1341839122.405534 -1.695026 0.011798 0.051994 -0.019889 0.210599 0.077047 0.974329
1341839122.441566 -1.705481 0.011822 0.056745 -0.016906 0.212139 0.077967 0.973978
1341839122.476666 -1.715520 0.014871 0.059873 -0.015279 0.212832 0.079209 0.973753
1341839122.541642 -1.723395 -0.000534 0.071616 -0.014466 0.212982 0.082704 0.973442
1341839122.605781 -1.742641 0.007396 0.079410 -0.009677 0.214277 0.082300 0.973252
1341839122.641573 -1.746609 -0.001390 0.086421 -0.010738 0.214099 0.085174 0.973032
1341839122.673585 -1.748462 -0.001992 0.091201 -0.009178 0.212358 0.085073 0.973439
1341839122.709612 -1.756597 -0.003467 0.095518 -0.008467 0.211888 0.082919 0.973733
1341839122.744481 -1.763844 -0.000259 0.097742 -0.007419 0.210812 0.081037 0.974134
1341839122.809572 -1.781243 0.007138 0.102871 -0.009997 0.212278 0.083103 0.973618
1341839122.841637 -1.774261 -0.004104 0.106282 -0.013799 0.210340 0.082764 0.974021
1341839122.873612 -1.781350 -0.001031 0.110587 -0.012882 0.211697 0.078756 0.974072
1341839122.909624 -1.793374 0.001268 0.112663 -0.012726 0.213325 0.079184 0.973684
1341839122.941543 -1.792316 -0.001968 0.114410 -0.014803 0.211882 0.080943 0.973825
1341839122.977575 -1.785701 -0.014142 0.118010 -0.017055 0.211089 0.080415 0.974004
1341839123.009572 -1.795308 -0.009423 0.122178 -0.013132 0.212993 0.078029 0.973844
1341839123.041702 -1.806280 0.002876 0.123167 -0.010787 0.214389 0.077549 0.973605
1341839123.077583 -1.811107 0.005385 0.124852 -0.013536 0.215097 0.079310 0.973273
1341839123.109751 -1.804255 -0.011834 0.127756 -0.018062 0.214124 0.081773 0.973210
1341839123.141926 -1.809767 -0.005560 0.129358 -0.014386 0.215325 0.079704 0.973178
1341839123.177759 -1.823975 0.010593 0.130272 -0.012591 0.217918 0.078838 0.972696
1341839123.209570 -1.826873 0.008541 0.132272 -0.016688 0.219110 0.082613 0.972053
1341839123.245725 -1.822824 0.001285 0.133903 -0.019604 0.219236 0.085901 0.971685
1341839123.277647 -1.817192 -0.003433 0.134867 -0.020658 0.219681 0.084486 0.971687
1341839123.309620 -1.830370 0.001230 0.137999 -0.019006 0.223171 0.082889 0.971063
1341839123.345630 -1.834725 0.001689 0.138974 -0.018849 0.224341 0.085678 0.970554
1341839123.378204 -1.829212 -0.000132 0.138348 -0.019298 0.225094 0.087804 0.970181
1341839123.413605 -1.833528 -0.004738 0.141300 -0.019546 0.228044 0.087466 0.969517
1341839123.445605 -1.840853 -0.002280 0.142228 -0.018493 0.229279 0.086249 0.969356
1341839123.477524 -1.838294 -0.002033 0.142711 -0.018606 0.229222 0.084916 0.969485
1341839123.513569 -1.840549 -0.003135 0.144460 -0.018348 0.231584 0.083764 0.969028
1341839123.545681 -1.851767 -0.003469 0.148091 -0.017551 0.235619 0.084727 0.967986
1341839123.577643 -1.849236 -0.008993 0.149593 -0.018008 0.235343 0.085937 0.967938
1341839123.613598 -1.849425 -0.008948 0.149952 -0.016333 0.236299 0.083034 0.967988
1341839123.645669 -1.866120 -0.003265 0.153182 -0.014916 0.240348 0.080872 0.967197
1341839123.681751 -1.871175 -0.010225 0.156812 -0.016122 0.241311 0.082293 0.966818
1341839123.713662 -1.874180 -0.010299 0.157869 -0.014838 0.242089 0.082930 0.966590
1341839123.745702 -1.880024 -0.013607 0.160412 -0.015014 0.244150 0.081742 0.966170
1341839123.781632 -1.889278 -0.015637 0.164809 -0.013811 0.246165 0.081031 0.965736
1341839123.813710 -1.903394 -0.009282 0.167571 -0.010912 0.247494 0.081281 0.965412
1341839123.845656 -1.913168 -0.004619 0.167551 -0.012083 0.247197 0.081104 0.965489
1341839123.881576 -1.915073 -0.011685 0.169782 -0.015735 0.246981 0.080026 0.965582
1341839123.913827 -1.926732 -0.012941 0.173703 -0.016759 0.248610 0.078479 0.965274
1341839123.949667 -1.943484 -0.007255 0.178778 -0.016949 0.249717 0.077983 0.965025
1341839123.981668 -1.947748 -0.015115 0.184096 -0.020268 0.247478 0.078238 0.965517
1341839124.013726 -1.954105 -0.020783 0.187960 -0.020834 0.245804 0.077731 0.965973
1341839124.049634 -1.970506 -0.017206 0.192828 -0.019326 0.246045 0.077068 0.965996
1341839124.081682 -1.982227 -0.019049 0.196349 -0.019474 0.244793 0.078098 0.966229
1341839124.113596 -1.988587 -0.021874 0.197408 -0.020653 0.242709 0.078181 0.966723
1341839124.149548 -1.992874 -0.026538 0.203403 -0.021389 0.241776 0.076823 0.967050
1341839124.181547 -2.008448 -0.022628 0.203809 -0.019550 0.242205 0.076283 0.967024
1341839124.217783 -2.019964 -0.021020 0.203930 -0.020998 0.241915 0.075899 0.967097
1341839124.256572 -2.023493 -0.033096 0.209220 -0.024075 0.241514 0.076656 0.967065
1341839124.317542 -2.046948 -0.028474 0.210437 -0.021090 0.242584 0.077463 0.966803
1341839124.349622 -2.058897 -0.030170 0.213135 -0.021323 0.243824 0.079461 0.966324
1341839124.417782 -2.069384 -0.037017 0.213986 -0.023793 0.244333 0.082574 0.965876
1341839124.449587 -2.079723 -0.036336 0.216578 -0.021884 0.246003 0.082265 0.965524
1341839124.485711 -2.091255 -0.025862 0.215349 -0.020451 0.246570 0.081066 0.965512
1341839124.549607 -2.103227 -0.032253 0.216730 -0.023328 0.249893 0.084082 0.964334
1341839124.585623 -2.110198 -0.029246 0.216090 -0.022801 0.250540 0.084445 0.964147
1341839124.617614 -2.114535 -0.030879 0.216037 -0.024460 0.251041 0.083600 0.964049
1341839124.653561 -2.120961 -0.034304 0.219377 -0.024057 0.252636 0.084240 0.963587
1341839124.685611 -2.132246 -0.023807 0.217354 -0.021772 0.253875 0.084909 0.963257
1341839124.717580 -2.133828 -0.031437 0.217083 -0.025928 0.254177 0.085221 0.963047
1341839124.753621 -2.138208 -0.037212 0.220957 -0.026483 0.255153 0.084667 0.962822
1341839124.785678 -2.148061 -0.030847 0.221852 -0.024112 0.256158 0.084555 0.962628
1341839124.817558 -2.148241 -0.023481 0.218002 -0.024254 0.256271 0.084684 0.962583
1341839124.885712 -2.168502 -0.041610 0.230694 -0.025121 0.262277 0.086780 0.960754
1341839124.921721 -2.169561 -0.035051 0.225518 -0.023036 0.258849 0.086402 0.961770
1341839124.953580 -2.162303 -0.040084 0.224249 -0.025780 0.259008 0.082834 0.961971
1341839124.985862 -2.181744 -0.043471 0.234870 -0.023391 0.265360 0.082512 0.960327
1341839125.021660 -2.196186 -0.034004 0.235844 -0.018169 0.265794 0.086337 0.959984
1341839125.053606 -2.197132 -0.032929 0.234188 -0.020137 0.264555 0.086700 0.960254
1341839125.086082 -2.191364 -0.053459 0.235403 -0.024836 0.264974 0.085565 0.960131
1341839125.121616 -2.208370 -0.048137 0.241821 -0.019677 0.266844 0.083428 0.959920
1341839125.153540 -2.214152 -0.021504 0.242112 -0.016194 0.263938 0.081021 0.960994
1341839125.189545 -2.208387 -0.034780 0.238766 -0.025512 0.263998 0.077167 0.961093
1341839125.221519 -2.206315 -0.059050 0.240478 -0.029164 0.266079 0.077317 0.960403
1341839125.253620 -2.216944 -0.041409 0.242954 -0.023466 0.269679 0.074766 0.959756
1341839125.289646 -2.221625 -0.038659 0.245645 -0.025282 0.270646 0.075137 0.959409
1341839125.321651 -2.212109 -0.062350 0.244611 -0.030610 0.269131 0.074005 0.959768
1341839125.353612 -2.217686 -0.055202 0.244448 -0.026384 0.272134 0.070242 0.959330
1341839125.389732 -2.225562 -0.029994 0.248138 -0.023004 0.276588 0.067397 0.958346
1341839125.421568 -2.224484 -0.033902 0.251722 -0.027280 0.280443 0.068741 0.957017
1341839125.457605 -2.219066 -0.045458 0.252790 -0.029944 0.281801 0.070092 0.956441
1341839125.489491 -2.220514 -0.044352 0.258366 -0.028326 0.285258 0.069412 0.955514
1341839125.521521 -2.234224 -0.038754 0.256110 -0.026294 0.288092 0.071441 0.954572
1341839125.557578 -2.231091 -0.048813 0.255134 -0.030259 0.286873 0.073364 0.954676
1341839125.596685 -2.221962 -0.051887 0.263820 -0.031255 0.288324 0.070903 0.954393
1341839125.657655 -2.244979 -0.043355 0.266374 -0.028018 0.293109 0.075311 0.952696
1341839125.689599 -2.241867 -0.052286 0.266307 -0.032021 0.292326 0.078044 0.952591
1341839125.725674 -2.240130 -0.065568 0.274457 -0.034701 0.292954 0.076716 0.952412
1341839125.757650 -2.250776 -0.054338 0.281996 -0.029796 0.292899 0.075405 0.952699
1341839125.789697 -2.253378 -0.045126 0.283645 -0.029907 0.292409 0.076005 0.952799
1341839125.825554 -2.257423 -0.055987 0.291606 -0.033980 0.294984 0.080214 0.951523
1341839125.857601 -2.258302 -0.062768 0.299564 -0.034527 0.295120 0.083580 0.951171
1341839125.893542 -2.255245 -0.068334 0.303020 -0.035335 0.292990 0.082375 0.951905
1341839125.925748 -2.262188 -0.070232 0.312503 -0.034602 0.294008 0.079799 0.951837
1341839125.957565 -2.273941 -0.065155 0.320547 -0.032017 0.294782 0.081571 0.951538
1341839125.993528 -2.273714 -0.067574 0.322814 -0.033087 0.292675 0.085353 0.951820
1341839126.025584 -2.270053 -0.080742 0.331421 -0.036075 0.292651 0.085306 0.951723
1341839126.057677 -2.279803 -0.079789 0.341299 -0.033331 0.293576 0.084064 0.951649
1341839126.093586 -2.285094 -0.071717 0.345182 -0.031734 0.291920 0.083656 0.952249
1341839126.125584 -2.281262 -0.089665 0.352418 -0.036160 0.291612 0.084077 0.952148
1341839126.161675 -2.288403 -0.086583 0.363601 -0.032206 0.293583 0.083931 0.951697
1341839126.193566 -2.294067 -0.080736 0.366250 -0.029712 0.293548 0.085266 0.951670
1341839126.225494 -2.292264 -0.091109 0.370091 -0.032214 0.294548 0.086273 0.951189
1341839126.262252 -2.301048 -0.090184 0.382271 -0.030027 0.298707 0.088351 0.949772
1341839126.293564 -2.305615 -0.094422 0.388898 -0.029151 0.299502 0.091613 0.949240
1341839126.325643 -2.305522 -0.097168 0.392498 -0.029267 0.297969 0.091270 0.949751
1341839126.361562 -2.306712 -0.098865 0.397434 -0.029823 0.297242 0.088157 0.950256
1341839126.393475 -2.310792 -0.094827 0.401495 -0.029250 0.298280 0.085947 0.950151
1341839126.429534 -2.321468 -0.093147 0.410283 -0.030032 0.302191 0.086841 0.948808
1341839126.461585 -2.325232 -0.100714 0.417246 -0.031953 0.302193 0.090999 0.948355
1341839126.493573 -2.314480 -0.114666 0.417917 -0.034491 0.300061 0.090934 0.948949
1341839126.529589 -2.323864 -0.115005 0.425269 -0.032583 0.303492 0.085944 0.948391
1341839126.561488 -2.332524 -0.105395 0.431787 -0.028919 0.305397 0.085892 0.947902
1341839126.593549 -2.337500 -0.104808 0.438426 -0.028658 0.307236 0.090075 0.946927
1341839126.629751 -2.326788 -0.117738 0.434377 -0.032498 0.307003 0.092387 0.946656
1341839126.661503 -2.332559 -0.127955 0.440376 -0.030815 0.310284 0.091007 0.945776
1341839126.697561 -2.339782 -0.107459 0.441552 -0.024702 0.311957 0.089609 0.945538
1341839126.729517 -2.337754 -0.117069 0.439478 -0.027991 0.313518 0.091628 0.944737
1341839126.761554 -2.337489 -0.134491 0.446488 -0.029343 0.316993 0.091502 0.943547
1341839126.797734 -2.343122 -0.118634 0.448410 -0.024125 0.319385 0.088837 0.943143
1341839126.829608 -2.340595 -0.119161 0.443402 -0.024668 0.320970 0.087655 0.942702
1341839126.865650 -2.350993 -0.120520 0.455077 -0.024036 0.326658 0.089139 0.940623
1341839126.897640 -2.348960 -0.131669 0.457281 -0.025156 0.327669 0.091192 0.940045
1341839126.929680 -2.350798 -0.133940 0.461465 -0.022923 0.330372 0.090824 0.939191
1341839126.965564 -2.363632 -0.108187 0.470452 -0.016969 0.333211 0.089053 0.938484
1341839126.997665 -2.359275 -0.123820 0.471962 -0.022905 0.331814 0.090539 0.938710
1341839127.029597 -2.353000 -0.142377 0.472241 -0.022780 0.331530 0.090484 0.938819
1341839127.065594 -2.354841 -0.132982 0.472841 -0.017427 0.331004 0.086714 0.939475
1341839127.097689 -2.358937 -0.135018 0.478283 -0.016521 0.333351 0.082410 0.939049
1341839127.133571 -2.365061 -0.130084 0.483206 -0.014059 0.337049 0.083081 0.937709
1341839127.165684 -2.367775 -0.137038 0.485358 -0.014274 0.339974 0.086119 0.936375
1341839127.197636 -2.368136 -0.142588 0.486246 -0.013764 0.341950 0.087426 0.935541
1341839127.233596 -2.368961 -0.152024 0.487528 -0.013948 0.344038 0.085601 0.934942
1341839127.265755 -2.376805 -0.143793 0.493601 -0.009849 0.347334 0.084291 0.933894
1341839127.297673 -2.379385 -0.144093 0.490676 -0.009989 0.349228 0.085858 0.933043
1341839127.333679 -2.380581 -0.149391 0.494177 -0.011872 0.352324 0.085831 0.931858
1341839127.372174 -2.382221 -0.154856 0.501475 -0.013339 0.355521 0.084262 0.930767
1341839127.401871 -2.390821 -0.153750 0.509346 -0.010739 0.358995 0.083441 0.929540
1341839127.434153 -2.396265 -0.152255 0.506383 -0.009928 0.360426 0.084441 0.928905
1341839127.465725 -2.403554 -0.157120 0.517624 -0.010500 0.365384 0.086613 0.926759
1341839127.502087 -2.409442 -0.153703 0.517798 -0.008118 0.366897 0.088723 0.925985
1341839127.533614 -2.412843 -0.152074 0.511918 -0.009822 0.368222 0.088670 0.925448
1341839127.565666 -2.422993 -0.151592 0.525443 -0.012906 0.374888 0.090653 0.922537
1341839127.601497 -2.428030 -0.165383 0.541576 -0.014228 0.378128 0.095773 0.920676
1341839127.633641 -2.427354 -0.171021 0.540940 -0.012532 0.377178 0.096948 0.920967
1341839127.669721 -2.434427 -0.171870 0.548621 -0.010996 0.378841 0.095255 0.920481
1341839127.701590 -2.445214 -0.168197 0.558691 -0.008463 0.379735 0.095564 0.920107
1341839127.733628 -2.450120 -0.170588 0.561877 -0.008257 0.379355 0.098131 0.919996
1341839127.769756 -2.450106 -0.176547 0.565959 -0.009907 0.379206 0.098154 0.920038
1341839127.801629 -2.453236 -0.180729 0.574329 -0.010572 0.380188 0.095915 0.919862
1341839127.837525 -2.458942 -0.181916 0.579297 -0.008820 0.381188 0.095547 0.919505
1341839127.869904 -2.465838 -0.179332 0.583840 -0.007212 0.383722 0.097881 0.918218
1341839127.901787 -2.466582 -0.184155 0.591867 -0.007510 0.385243 0.100854 0.917257
1341839127.937458 -2.462685 -0.186257 0.590313 -0.006370 0.384974 0.100885 0.917375
1341839127.970000 -2.470161 -0.188230 0.601548 -0.005176 0.389105 0.101113 0.915613
1341839128.001556 -2.475420 -0.186380 0.609404 -0.002911 0.389832 0.102489 0.915160
1341839128.037646 -2.474116 -0.191370 0.609266 -0.002838 0.388041 0.102924 0.915873
1341839128.069528 -2.476111 -0.189506 0.609876 -0.002696 0.388026 0.100171 0.916185
1341839128.105485 -2.477725 -0.174284 0.607663 -0.001506 0.389665 0.101034 0.915397
1341839128.137556 -2.487388 -0.181520 0.621074 -0.004785 0.395265 0.110458 0.911889
1341839128.169766 -2.482301 -0.181044 0.623557 -0.005152 0.393319 0.115454 0.912110
1341839128.205769 -2.478722 -0.192841 0.625099 -0.008440 0.393765 0.111203 0.912421
1341839128.237693 -2.490102 -0.186857 0.636732 -0.005258 0.397027 0.108575 0.911347
1341839128.269778 -2.492041 -0.183128 0.627979 -0.004763 0.394589 0.112146 0.911976
1341839128.305489 -2.491167 -0.192785 0.636898 -0.008362 0.396249 0.115340 0.910831
1341839128.337488 -2.493283 -0.194973 0.644445 -0.006951 0.398650 0.115436 0.909783
1341839128.373648 -2.495262 -0.187950 0.645252 -0.004653 0.398605 0.114388 0.909949
1341839128.405628 -2.491218 -0.195869 0.642092 -0.007339 0.398202 0.113837 0.910177
1341839128.438499 -2.489910 -0.203985 0.647864 -0.008876 0.401506 0.115485 0.908503
1341839128.473696 -2.492007 -0.204265 0.652234 -0.007547 0.403315 0.118156 0.907369
1341839128.505546 -2.488772 -0.207189 0.652145 -0.008627 0.403539 0.117998 0.907281
1341839128.537583 -2.485852 -0.209060 0.654559 -0.010002 0.404529 0.115439 0.907155
1341839128.573515 -2.491302 -0.210571 0.663664 -0.009475 0.408629 0.114879 0.905392
1341839128.605707 -2.501513 -0.201220 0.671559 -0.005651 0.412027 0.118913 0.903361
1341839128.641615 -2.495749 -0.209251 0.672678 -0.008962 0.410885 0.123118 0.903291
1341839128.674297 -2.489779 -0.220802 0.683647 -0.010373 0.413252 0.123120 0.902195
1341839128.705724 -2.499528 -0.209722 0.694441 -0.005123 0.416716 0.123952 0.900532
1341839128.741577 -2.499503 -0.205462 0.699177 -0.003810 0.416070 0.128187 0.900244
1341839128.773449 -2.498218 -0.218713 0.706778 -0.007127 0.415866 0.129264 0.900164
1341839128.805626 -2.498726 -0.220060 0.709230 -0.006905 0.415790 0.126549 0.900587
1341839128.841524 -2.507793 -0.216028 0.711245 -0.006059 0.418851 0.128027 0.898964
1341839128.873613 -2.521233 -0.214147 0.731557 -0.004583 0.424043 0.136149 0.895338
1341839128.909718 -2.511922 -0.220819 0.734799 -0.006951 0.421422 0.140521 0.895885
1341839128.941487 -2.513274 -0.235921 0.745583 -0.011408 0.423056 0.135632 0.895822
1341839128.973556 -2.521073 -0.232378 0.751129 -0.008941 0.425053 0.131125 0.895576
1341839129.009679 -2.520103 -0.246664 0.743069 -0.014672 0.421757 0.134538 0.896552
1341839129.041584 -2.527532 -0.249687 0.758265 -0.017789 0.423876 0.137586 0.895032
1341839129.077533 -2.535654 -0.241584 0.775863 -0.013021 0.430078 0.137000 0.892241
1341839129.109520 -2.544936 -0.229783 0.782529 -0.010691 0.430294 0.139228 0.891823
1341839129.141619 -2.543503 -0.241568 0.786291 -0.016008 0.428052 0.142704 0.892273
1341839129.177574 -2.540326 -0.257526 0.789535 -0.019249 0.430012 0.141993 0.891379
1341839129.209655 -2.549906 -0.246361 0.803855 -0.014657 0.435324 0.142989 0.888725
1341839129.241510 -2.552401 -0.243820 0.810439 -0.014219 0.434979 0.148334 0.888025
1341839129.277541 -2.546112 -0.260336 0.816454 -0.018040 0.435632 0.150156 0.887329
1341839129.309548 -2.547961 -0.262416 0.827879 -0.015909 0.439596 0.148543 0.885685
1341839129.345615 -2.555758 -0.251406 0.838890 -0.011884 0.440959 0.149413 0.884924
1341839129.377515 -2.551815 -0.260062 0.838998 -0.015058 0.438133 0.151024 0.886005
1341839129.409635 -2.548779 -0.273320 0.848524 -0.017696 0.440304 0.150230 0.885014
1341839129.445518 -2.555354 -0.262385 0.861879 -0.012746 0.443740 0.150957 0.883258
1341839129.477523 -2.555841 -0.259921 0.865084 -0.013376 0.442208 0.153686 0.883546
1341839129.509566 -2.551000 -0.274201 0.873490 -0.017805 0.442566 0.154216 0.883197
1341839129.545536 -2.557273 -0.267148 0.881703 -0.014685 0.445596 0.154195 0.881733
1341839129.577541 -2.559258 -0.259904 0.884401 -0.014257 0.445642 0.158358 0.880978
1341839129.613707 -2.552662 -0.278741 0.893606 -0.019284 0.447358 0.160481 0.879627
1341839129.645497 -2.552277 -0.276894 0.900125 -0.018099 0.448862 0.157500 0.879425
1341839129.677529 -2.555721 -0.278621 0.908171 -0.018570 0.450253 0.154809 0.879182
1341839129.713807 -2.558692 -0.278639 0.918857 -0.016666 0.451316 0.156558 0.878365
1341839129.745656 -2.553733 -0.284030 0.913609 -0.017410 0.449070 0.157552 0.879324
1341839129.777553 -2.551534 -0.296703 0.919371 -0.020398 0.451793 0.155815 0.878173
1341839129.813668 -2.557076 -0.290306 0.935088 -0.014884 0.456482 0.156396 0.875753
1341839129.845557 -2.558455 -0.284565 0.932261 -0.011866 0.454384 0.159745 0.876285
1341839129.881595 -2.551764 -0.303796 0.933752 -0.017447 0.453930 0.158226 0.876703
1341839129.913656 -2.554244 -0.308552 0.944926 -0.015417 0.458390 0.153116 0.875326
1341839129.945668 -2.552947 -0.307202 0.938404 -0.013246 0.457409 0.153998 0.875720
1341839129.981581 -2.556348 -0.308086 0.942022 -0.016270 0.457287 0.157242 0.875157
1341839130.013837 -2.556230 -0.317249 0.960405 -0.017170 0.462116 0.154511 0.873086
1341839130.049672 -2.559725 -0.307423 0.965068 -0.010578 0.463285 0.152141 0.872988
1341839130.081470 -2.576608 -0.289629 0.975312 -0.009933 0.464269 0.150598 0.872740
1341839130.113580 -2.573267 -0.301749 0.989093 -0.013579 0.466478 0.151476 0.871360
1341839130.149498 -2.574673 -0.308166 0.997956 -0.010221 0.468520 0.151604 0.870288
1341839130.181614 -2.581171 -0.295915 0.996208 -0.006016 0.468200 0.152404 0.870359
1341839130.213597 -2.582492 -0.301303 1.002755 -0.009035 0.468906 0.155135 0.869470
1341839130.249495 -2.578176 -0.313712 1.013660 -0.011234 0.471186 0.156394 0.867985
1341839130.281707 -2.585941 -0.307213 1.016585 -0.006476 0.474061 0.157833 0.866206
1341839130.317659 -2.591182 -0.304827 1.022871 -0.006482 0.475872 0.161264 0.864579
1341839130.349604 -2.589004 -0.318547 1.039569 -0.007971 0.478731 0.164063 0.862460
1341839130.382034 -2.591633 -0.318813 1.034491 -0.004578 0.478892 0.164870 0.862241
1341839130.417728 -2.600852 -0.316986 1.036450 -0.003622 0.482069 0.164755 0.860495
1341839130.481948 -2.603370 -0.321083 1.049275 -0.005554 0.483170 0.171883 0.858471
1341839130.517772 -2.606926 -0.328384 1.062196 -0.006658 0.487795 0.170369 0.856146
1341839130.549519 -2.614698 -0.318100 1.075895 -0.001542 0.490071 0.172852 0.854372
1341839130.585696 -2.618564 -0.322107 1.076191 -0.002814 0.486537 0.175208 0.855906
1341839130.617684 -2.613043 -0.338149 1.076078 -0.007698 0.486582 0.171593 0.856583
1341839130.649566 -2.625181 -0.330618 1.086566 -0.005126 0.490351 0.169095 0.854948
1341839130.685466 -2.631732 -0.329270 1.096547 -0.002988 0.491077 0.172246 0.853912
1341839130.717517 -2.633516 -0.334728 1.090709 -0.004759 0.489146 0.174160 0.854624
1341839130.749572 -2.633152 -0.345089 1.100337 -0.009311 0.491151 0.171337 0.854007
1341839130.785686 -2.640675 -0.346791 1.114455 -0.007885 0.494694 0.169751 0.852291
1341839130.817796 -2.649519 -0.340513 1.117110 -0.004013 0.495261 0.173537 0.851226
1341839130.854788 -2.651216 -0.347173 1.120183 -0.007199 0.493764 0.177094 0.851342
1341839130.885541 -2.649301 -0.361830 1.133338 -0.009866 0.496146 0.173817 0.850606
1341839130.917632 -2.657089 -0.358738 1.139630 -0.005010 0.497834 0.170510 0.850331
1341839130.953712 -2.665695 -0.355043 1.137541 -0.003666 0.497425 0.172559 0.850164
1341839130.985630 -2.665456 -0.366323 1.149440 -0.007211 0.498660 0.177277 0.848445
1341839131.017560 -2.666153 -0.375136 1.163049 -0.005287 0.500897 0.177068 0.847184
1341839131.053526 -2.672969 -0.364969 1.157401 -0.001133 0.498456 0.173903 0.849293
1341839131.085681 -2.679054 -0.368770 1.166420 -0.002850 0.498428 0.172479 0.849596
1341839131.121737 -2.683367 -0.370186 1.173300 -0.002728 0.498125 0.173648 0.849536
1341839131.153629 -2.687979 -0.369849 1.176609 -0.002501 0.497538 0.175312 0.849538
1341839131.185722 -2.689558 -0.372846 1.174374 -0.005570 0.495557 0.175801 0.850580
1341839131.221649 -2.691304 -0.380666 1.190625 -0.008766 0.498781 0.175505 0.848728
1341839131.253615 -2.697289 -0.374455 1.196978 -0.005990 0.499243 0.177655 0.848032
1341839131.289544 -2.700775 -0.373528 1.193611 -0.007745 0.496601 0.179955 0.849084
1341839131.321742 -2.698729 -0.386563 1.207566 -0.012846 0.498175 0.179650 0.848164
1341839131.353559 -2.702082 -0.384408 1.217243 -0.009931 0.499948 0.179058 0.847285
1341839131.389563 -2.708508 -0.378578 1.212864 -0.008764 0.498472 0.181665 0.847612
1341839131.422027 -2.705015 -0.387444 1.225529 -0.012065 0.498877 0.184045 0.846820
1341839131.453618 -2.703194 -0.395755 1.233783 -0.012343 0.499745 0.180866 0.846989
1341839131.489531 -2.708970 -0.391842 1.237232 -0.009869 0.500633 0.178353 0.847030
1341839131.521613 -2.714505 -0.387094 1.241136 -0.007854 0.500286 0.180848 0.846727
1341839131.557577 -2.709885 -0.400029 1.251559 -0.010243 0.500443 0.183310 0.846078
1341839131.589573 -2.709448 -0.405012 1.256813 -0.009547 0.500710 0.181298 0.846363
1341839131.621822 -2.716242 -0.400019 1.260634 -0.006961 0.500414 0.179570 0.846931
1341839131.657680 -2.717294 -0.406094 1.270658 -0.006817 0.500387 0.180919 0.846661
1341839131.689554 -2.715759 -0.413954 1.277494 -0.006727 0.500848 0.181890 0.846181
1341839131.721592 -2.719179 -0.413001 1.283001 -0.004356 0.501165 0.181323 0.846131
1341839131.757613 -2.723307 -0.412614 1.287392 -0.002944 0.500573 0.181644 0.846418
1341839131.789523 -2.724948 -0.414740 1.291295 -0.002893 0.500404 0.182490 0.846336
1341839131.825565 -2.727397 -0.418434 1.295222 -0.003946 0.500887 0.183724 0.845779
1341839131.857572 -2.728342 -0.420875 1.303546 -0.003943 0.502153 0.184644 0.844827
1341839131.889513 -2.730992 -0.424862 1.305046 -0.005124 0.502137 0.183780 0.845019
1341839131.925750 -2.734677 -0.427276 1.316452 -0.005213 0.504799 0.183319 0.843531
1341839131.964633 -2.740901 -0.422283 1.316904 -0.003527 0.504755 0.185320 0.843129
1341839132.025660 -2.738977 -0.440814 1.335749 -0.007222 0.507311 0.184522 0.841745
1341839132.057881 -2.747780 -0.432395 1.331744 -0.003537 0.507151 0.182666 0.842270
1341839132.093669 -2.751343 -0.437882 1.336385 -0.006015 0.508343 0.185517 0.840913
1341839132.125565 -2.750923 -0.445568 1.345754 -0.006993 0.511793 0.188544 0.838135
1341839132.157636 -2.758819 -0.439315 1.341387 -0.004458 0.513060 0.191309 0.836750
1341839132.193673 -2.757172 -0.445382 1.354828 -0.006624 0.514584 0.192508 0.835524
1341839132.225804 -2.756951 -0.453323 1.367133 -0.006617 0.517206 0.192273 0.833958
1341839132.261812 -2.767893 -0.446015 1.360595 -0.002054 0.516638 0.195086 0.833680
1341839132.293590 -2.766201 -0.452999 1.369239 -0.003754 0.516608 0.197648 0.833089
1341839132.325554 -2.765127 -0.460025 1.377918 -0.004376 0.519262 0.196621 0.831678
1341839132.361528 -2.774308 -0.450372 1.378774 -0.000933 0.521004 0.197856 0.830305
1341839132.393650 -2.774878 -0.453421 1.385137 -0.001580 0.522046 0.202270 0.828584
1341839132.425622 -2.772459 -0.462132 1.391246 -0.003092 0.523185 0.203565 0.827544
1341839132.461663 -2.777029 -0.459047 1.394876 -0.001640 0.525366 0.203050 0.826292
1341839132.493798 -2.783658 -0.448954 1.397529 0.000643 0.525151 0.204667 0.826031
1341839132.529690 -2.780706 -0.460039 1.404302 -0.004489 0.524239 0.205468 0.826400
1341839132.561519 -2.779365 -0.469514 1.418086 -0.006004 0.527698 0.204196 0.824501
1341839132.593700 -2.787006 -0.458961 1.419621 -0.000273 0.528212 0.206107 0.823718
1341839132.629507 -2.793276 -0.456751 1.421576 -0.000499 0.525691 0.209229 0.824544
1341839132.661576 -2.784448 -0.471976 1.432131 -0.005995 0.525270 0.208207 0.825049
1341839132.693571 -2.788551 -0.472042 1.440078 -0.003192 0.525719 0.204207 0.825778
1341839132.729515 -2.800642 -0.464450 1.437594 0.000616 0.522630 0.202864 0.828072
1341839132.761625 -2.800050 -0.469168 1.444840 -0.001990 0.520365 0.203296 0.829389
1341839132.797547 -2.794623 -0.483060 1.459123 -0.004406 0.520969 0.202504 0.829195
1341839132.829637 -2.802111 -0.480040 1.457849 0.000755 0.519822 0.204797 0.829363
1341839132.861592 -2.805670 -0.481882 1.454209 0.001990 0.516772 0.211703 0.829533
1341839132.897486 -2.802849 -0.485549 1.465109 0.002405 0.517015 0.214799 0.828584
1341839132.929713 -2.806058 -0.486372 1.465467 0.003900 0.516802 0.215239 0.828597
1341839132.961705 -2.806481 -0.491241 1.473514 0.005150 0.517427 0.216257 0.827935
1341839132.997927 -2.811708 -0.488776 1.460703 0.007987 0.514940 0.217389 0.829165
1341839133.029816 -2.811082 -0.493244 1.461362 0.005605 0.515457 0.217402 0.828860
1341839133.065602 -2.810118 -0.500731 1.472898 0.005117 0.517102 0.215610 0.828307
1341839133.097540 -2.816585 -0.498546 1.462597 0.006807 0.515520 0.213134 0.829919
1341839133.129508 -2.819133 -0.498300 1.461519 0.005170 0.516235 0.212401 0.829675
1341839133.165630 -2.818282 -0.501788 1.466006 0.003645 0.516978 0.210192 0.829783
1341839133.197576 -2.824223 -0.499868 1.464484 0.002726 0.517291 0.207234 0.830335
1341839133.229574 -2.828187 -0.498927 1.469637 0.001691 0.517311 0.205906 0.830656
1341839133.265549 -2.825969 -0.506872 1.473193 -0.000577 0.517599 0.204869 0.830734
1341839133.297600 -2.834102 -0.502683 1.474767 0.001831 0.520484 0.206192 0.828600
1341839133.333601 -2.838683 -0.498506 1.477906 0.003723 0.520086 0.208678 0.828221
1341839133.365789 -2.838875 -0.503697 1.477652 0.001434 0.519537 0.209651 0.828327
1341839133.397692 -2.847759 -0.497582 1.480031 0.000525 0.519887 0.212280 0.827439
1341839133.433673 -2.850267 -0.501498 1.488589 -0.001161 0.521766 0.210810 0.826631
1341839133.465589 -2.861748 -0.490415 1.487684 0.000305 0.521438 0.209784 0.827099
1341839133.501571 -2.864914 -0.495790 1.492444 -0.004513 0.521707 0.211588 0.826458
1341839133.533533 -2.868371 -0.499322 1.502690 -0.005647 0.524352 0.213785 0.824208
1341839133.565553 -2.876916 -0.491526 1.504483 -0.004524 0.525718 0.214825 0.823073
1341839133.633642 -2.880740 -0.504484 1.514910 -0.008383 0.529821 0.220441 0.818917
1341839133.672597 -2.888181 -0.499585 1.519716 -0.007209 0.530155 0.220783 0.818620
1341839133.708834 -2.893820 -0.499657 1.525834 -0.010202 0.531511 0.221532 0.817506
1341839133.740662 -2.893113 -0.503504 1.530090 -0.010460 0.530932 0.223579 0.817321
1341839133.776632 -2.899423 -0.505101 1.536390 -0.009391 0.529880 0.224610 0.817734
1341839133.808566 -2.900980 -0.507079 1.542636 -0.010817 0.530674 0.223620 0.817473
1341839133.842375 -2.902225 -0.509552 1.547646 -0.009739 0.530989 0.223871 0.817213
1341839133.876620 -2.915059 -0.510586 1.557176 -0.006719 0.530995 0.225095 0.816903
1341839133.908528 -2.917476 -0.505442 1.559667 -0.006612 0.528911 0.225752 0.818074
1341839133.940713 -2.913811 -0.517374 1.568642 -0.011452 0.529596 0.225831 0.817556
1341839133.976740 -2.917071 -0.517439 1.571074 -0.010539 0.528421 0.225416 0.818442
1341839134.008547 -2.928037 -0.512999 1.584337 -0.009686 0.528788 0.223317 0.818791
1341839134.040599 -2.922031 -0.519282 1.585773 -0.012894 0.525714 0.222042 0.821070
1341839134.076583 -2.931081 -0.520918 1.597063 -0.012063 0.526705 0.218112 0.821501
1341839134.108666 -2.937109 -0.521091 1.605384 -0.012120 0.526154 0.217164 0.822104
1341839134.145583 -2.939033 -0.523999 1.612518 -0.015011 0.524236 0.217235 0.823262
1341839134.177037 -2.933917 -0.535699 1.617308 -0.018447 0.523355 0.216613 0.823916
1341839134.208585 -2.938015 -0.540831 1.629667 -0.015365 0.526811 0.215645 0.822029
1341839134.245077 -2.949133 -0.546868 1.642003 -0.009933 0.528171 0.219201 0.820297
1341839134.276660 -2.957710 -0.546409 1.628631 -0.006962 0.522385 0.222771 0.823067
1341839134.344596 -2.959977 -0.561306 1.665909 -0.006709 0.524859 0.218223 0.822713
1341839134.405658 -2.973031 -0.568639 1.676627 -0.007662 0.517128 0.221499 0.826715
1341839134.437582 -3.054724 -0.547656 1.529742 -0.002064 0.492696 0.189729 0.849264
1341839134.473570 -3.074451 -0.541555 1.519341 0.002625 0.489263 0.189466 0.851304
1341839134.505576 -3.075239 -0.541806 1.531047 0.001312 0.485850 0.191427 0.852821
1341839134.537527 -3.071483 -0.562504 1.554805 -0.003117 0.488877 0.189224 0.851577
1341839134.573575 -3.080796 -0.560103 1.563759 0.002118 0.489489 0.186389 0.851854
1341839134.605581 -3.085455 -0.569684 1.568296 0.003654 0.489521 0.185992 0.851917
1341839134.637613 -3.092294 -0.571591 1.570017 0.003935 0.489473 0.187187 0.851682
1341839134.673530 -3.090039 -0.586535 1.590488 0.003038 0.493111 0.186395 0.849758
1341839134.705768 -3.097348 -0.588119 1.595393 0.011194 0.495229 0.185067 0.848748
1341839134.741672 -3.124590 -0.575343 1.572034 0.013935 0.489915 0.185244 0.851747
1341839134.773479 -3.120772 -0.592018 1.590582 0.009522 0.492461 0.187428 0.849860
1341839134.805757 -3.123331 -0.602256 1.594922 0.013667 0.496038 0.186856 0.847847
1341839134.841632 -3.138462 -0.587739 1.589526 0.021632 0.495985 0.187320 0.847610
1341839134.873616 -3.141961 -0.591174 1.589529 0.020177 0.494308 0.188549 0.848352
1341839134.905696 -3.138983 -0.601554 1.602220 0.017104 0.496407 0.186477 0.847652
1341839134.941552 -3.140729 -0.608401 1.610272 0.016490 0.498628 0.183476 0.847015
1341839134.974666 -3.143125 -0.615582 1.615061 0.017378 0.501133 0.184595 0.845274
1341839135.009601 -3.149678 -0.610409 1.620811 0.017207 0.500302 0.184942 0.845694
1341839135.042135 -3.131091 -0.610281 1.613967 0.015013 0.498740 0.185474 0.846542
1341839135.073504 -3.149315 -0.617901 1.630312 0.013663 0.507417 0.182309 0.842084
1341839135.109696 -3.149158 -0.619711 1.635124 0.011704 0.505589 0.185220 0.842577
1341839135.141720 -3.140010 -0.619211 1.632489 0.011055 0.503272 0.186151 0.843767
1341839135.173566 -3.145494 -0.621247 1.641751 0.011333 0.509855 0.181940 0.840724
1341839135.209553 -3.153461 -0.634494 1.655202 0.010548 0.514057 0.183433 0.837846
1341839135.241688 -3.163736 -0.629546 1.648197 0.014131 0.511193 0.187288 0.838692
1341839135.277641 -3.156503 -0.641197 1.658188 0.008332 0.511029 0.188537 0.838590
1341839135.309842 -3.144895 -0.651343 1.674748 0.005128 0.517335 0.184445 0.835654
1341839135.341555 -3.156640 -0.638956 1.672498 0.013626 0.520018 0.183883 0.834016
1341839135.377558 -3.163309 -0.629948 1.666084 0.012885 0.516252 0.186787 0.835720
1341839135.409554 -3.147930 -0.651026 1.690295 0.005840 0.520711 0.187183 0.832940
1341839135.441588 -3.147099 -0.648499 1.702493 0.011581 0.527679 0.184025 0.829190
1341839135.477530 -3.157881 -0.644864 1.682102 0.012702 0.525588 0.185000 0.830284
1341839135.509758 -3.156662 -0.652929 1.690703 0.005773 0.525528 0.188921 0.829516
1341839135.545510 -3.144248 -0.656645 1.711005 0.005539 0.531438 0.187346 0.826102
1341839135.577577 -3.150020 -0.654807 1.709720 0.010236 0.536744 0.184541 0.823253
1341839135.609596 -3.159288 -0.661786 1.690847 0.007596 0.534467 0.191483 0.823178
1341839135.645470 -3.146819 -0.661176 1.718040 0.006081 0.538375 0.193867 0.820080
1341839135.677567 -3.142174 -0.658156 1.729887 0.012249 0.542356 0.191173 0.818017
1341839135.713508 -3.143672 -0.659276 1.732373 0.017212 0.543765 0.189121 0.817470
1341839135.745626 -3.144221 -0.670017 1.731260 0.014363 0.544374 0.190325 0.816840
1341839135.777556 -3.140934 -0.677908 1.737657 0.011837 0.547048 0.191162 0.814896
1341839135.813582 -3.140519 -0.675315 1.744767 0.017170 0.550660 0.190519 0.812515
1341839135.845539 -3.143313 -0.674128 1.747522 0.019690 0.551797 0.192470 0.811226
1341839135.877786 -3.142210 -0.678020 1.753134 0.016810 0.552891 0.194022 0.810176
1341839135.913620 -3.141341 -0.679250 1.760787 0.018901 0.554943 0.191241 0.809388
1341839135.945920 -3.142828 -0.682264 1.761155 0.019148 0.555868 0.189633 0.809125
1341839135.981913 -3.145358 -0.680734 1.766859 0.020275 0.557310 0.192807 0.807354
1341839136.014297 -3.144691 -0.682956 1.775326 0.021638 0.558193 0.196099 0.805914
1341839136.059226 -3.142215 -0.690523 1.779767 0.021557 0.559014 0.195729 0.805437
1341839136.120606 -3.151369 -0.685045 1.785041 0.023936 0.559626 0.194228 0.805308
1341839136.181673 -3.151369 -0.685045 1.785041 0.023936 0.559626 0.194228 0.805308
1341839136.214507 -3.151369 -0.685045 1.785041 0.023936 0.559626 0.194228 0.805308
1341839136.249624 -3.151369 -0.685045 1.785041 0.023936 0.559626 0.194228 0.805308
1341839136.281495 -3.151369 -0.685045 1.785041 0.023936 0.559626 0.194228 0.805308
1341839136.314066 -3.151369 -0.685045 1.785041 0.023936 0.559626 0.194228 0.805308
1341839136.349787 -3.156334 -0.682795 1.786131 0.029046 0.559759 0.194755 0.804921
1341839136.388618 -3.160877 -0.688104 1.778113 0.025748 0.556850 0.197869 0.806289
1341839136.449733 -3.159241 -0.686099 1.796405 0.026020 0.559643 0.196891 0.804585
1341839136.481697 -3.168287 -0.682405 1.788824 0.028280 0.556617 0.196634 0.806668
1341839136.517624 -3.160556 -0.690162 1.803664 0.025650 0.556851 0.198058 0.806245
1341839136.549505 -3.160693 -0.692383 1.809232 0.024784 0.558233 0.197702 0.805404
1341839136.581632 -3.169660 -0.686654 1.803921 0.028560 0.556744 0.197837 0.806276
1341839136.617613 -3.167561 -0.690498 1.811949 0.027200 0.555947 0.198497 0.806710
1341839136.649571 -3.167561 -0.690498 1.811949 0.027200 0.555947 0.198497 0.806710
1341839136.685554 -3.171366 -0.687607 1.817248 0.030020 0.556417 0.197541 0.806521
1341839136.717527 -3.179217 -0.685752 1.812665 0.030967 0.554151 0.197499 0.808054
1341839136.749496 -3.180475 -0.687199 1.818104 0.028580 0.553092 0.197968 0.808752
1341839136.785674 -3.175263 -0.694535 1.830509 0.025683 0.554524 0.196964 0.808115
1341839136.817542 -3.181188 -0.692968 1.832563 0.027557 0.555284 0.196434 0.807659
1341839136.849615 -3.189634 -0.690319 1.829552 0.028326 0.553488 0.198354 0.808396
1341839136.892657 -3.182815 -0.699746 1.845418 0.025360 0.554859 0.199762 0.807207
1341839136.953615 -3.243256 -0.635597 1.902782 0.045261 0.568983 0.180584 0.800999
1341839136.985942 -3.245376 -0.639793 1.906641 0.042983 0.568449 0.182064 0.801168
1341839137.017616 -3.240592 -0.647111 1.922332 0.041720 0.571533 0.181762 0.799107
1341839137.053572 -3.249084 -0.646648 1.921845 0.043755 0.573102 0.180055 0.798260
1341839137.085843 -3.256645 -0.644866 1.923366 0.044505 0.573592 0.182032 0.797418
1341839137.117537 -3.257594 -0.648053 1.934287 0.044709 0.574600 0.185056 0.795984
1341839137.153707 -3.257117 -0.657080 1.942084 0.043610 0.576987 0.184518 0.794442
1341839137.186296 -3.263818 -0.656337 1.947497 0.045920 0.580986 0.184026 0.791506
1341839137.221759 -3.274518 -0.651556 1.948742 0.050019 0.581338 0.187170 0.790261
1341839137.253565 -3.276828 -0.660522 1.952863 0.046998 0.581584 0.190275 0.789523
1341839137.285736 -3.270785 -0.670405 1.966862 0.045338 0.587146 0.190371 0.785470
1341839137.321642 -3.285518 -0.660996 1.965766 0.052486 0.589250 0.190322 0.783459
1341839137.353692 -3.296743 -0.669947 1.960286 0.049638 0.589158 0.193231 0.783001
1341839137.386256 -3.292622 -0.675980 1.976469 0.047757 0.593823 0.195103 0.779121
1341839137.421671 -3.299162 -0.673758 1.982269 0.050425 0.597581 0.194252 0.776286
1341839137.453657 -3.310175 -0.670735 1.982354 0.052221 0.598766 0.195138 0.775031
1341839137.489830 -3.312346 -0.678913 1.986888 0.048628 0.600643 0.195919 0.773614
1341839137.521652 -3.313352 -0.682256 1.995107 0.046865 0.603749 0.194169 0.771745
1341839137.553558 -3.321150 -0.680301 1.998341 0.047732 0.605334 0.192762 0.770801
1341839137.592577 -3.328276 -0.681251 1.998801 0.046286 0.606377 0.192465 0.770144
1341839137.628551 -3.331352 -0.682127 2.006104 0.044321 0.608677 0.193099 0.768285
1341839137.660598 -3.337475 -0.679667 2.012712 0.045014 0.609918 0.194149 0.766994
1341839137.692612 -3.342935 -0.680736 2.017631 0.044158 0.610751 0.194922 0.766185
1341839137.728532 -3.351427 -0.675656 2.022612 0.044193 0.610808 0.195687 0.765942
1341839137.760497 -3.351859 -0.680230 2.032453 0.041969 0.611505 0.197328 0.765090
1341839137.796681 -3.355770 -0.679772 2.039217 0.042305 0.612001 0.197644 0.764593
1341839137.828611 -3.365804 -0.675080 2.043353 0.042428 0.611377 0.197799 0.765045
1341839137.860523 -3.364362 -0.682127 2.052883 0.038741 0.611388 0.198638 0.765014
1341839137.896603 -3.365578 -0.684611 2.062022 0.039131 0.612757 0.198914 0.763827
1341839137.928510 -3.379043 -0.678036 2.064000 0.041620 0.611583 0.199873 0.764385
1341839137.964534 -3.376781 -0.685265 2.073219 0.037255 0.610782 0.201320 0.764871
1341839137.996524 -3.371887 -0.691532 2.087272 0.037044 0.612862 0.200232 0.763501
1341839138.028640 -3.391095 -0.684591 2.081055 0.040611 0.610286 0.198325 0.765877
1341839138.064541 -3.390439 -0.687890 2.090163 0.037722 0.609401 0.198787 0.766610
1341839138.096479 -3.383785 -0.693369 2.107328 0.037365 0.611721 0.199825 0.764507
1341839138.132550 -3.397083 -0.691335 2.109999 0.041420 0.610951 0.201026 0.764599
1341839138.164623 -3.402446 -0.694746 2.114927 0.039926 0.608802 0.201894 0.766162
1341839138.196431 -3.393521 -0.699681 2.131898 0.039359 0.610134 0.201884 0.765134
1341839138.232704 -3.401705 -0.697441 2.136555 0.043961 0.610533 0.202823 0.764316
1341839138.264578 -3.409985 -0.698572 2.139254 0.045226 0.609203 0.205756 0.764520
1341839138.300697 -3.404717 -0.705902 2.148391 0.042574 0.609178 0.206443 0.764507
1341839138.332541 -3.407568 -0.707144 2.153108 0.041767 0.608959 0.204343 0.765290
1341839138.364517 -3.408173 -0.711353 2.157816 0.037219 0.609193 0.201268 0.766153
1341839138.400834 -3.405420 -0.711478 2.167350 0.035348 0.610026 0.197867 0.766464
1341839138.432562 -3.407842 -0.711743 2.170011 0.035173 0.609993 0.196770 0.766781
1341839138.469017 -3.408856 -0.713173 2.171278 0.034705 0.610442 0.199454 0.765750
1341839138.500623 -3.406690 -0.715001 2.177302 0.033902 0.611874 0.201812 0.764024
1341839138.532584 -3.404503 -0.715091 2.183758 0.034214 0.613497 0.202711 0.762469
1341839138.568521 -3.402326 -0.717740 2.188189 0.033986 0.614803 0.202668 0.761438
1341839138.600559 -3.403738 -0.716241 2.191024 0.034696 0.615629 0.202132 0.760881
1341839138.637679 -3.402118 -0.719256 2.194226 0.033633 0.616230 0.201943 0.760493
1341839138.668579 -3.400064 -0.722567 2.197927 0.031984 0.617788 0.200819 0.759597
1341839138.700570 -3.401275 -0.720900 2.199759 0.031632 0.619312 0.200143 0.758548
1341839138.736618 -3.400843 -0.718678 2.203170 0.031911 0.620720 0.201583 0.757002
1341839138.768580 -3.399503 -0.720057 2.206021 0.031013 0.621910 0.203404 0.755575
1341839138.800591 -3.395705 -0.722914 2.209057 0.028209 0.623397 0.202954 0.754580
1341839138.836668 -3.396659 -0.718145 2.211648 0.027398 0.625018 0.202284 0.753448
1341839138.868631 -3.390749 -0.720290 2.219802 0.025209 0.626757 0.203313 0.751801
1341839138.900591 -3.384718 -0.722537 2.225911 0.024213 0.628784 0.202858 0.750262
1341839138.936751 -3.387554 -0.719896 2.225232 0.024024 0.630087 0.202693 0.749219
1341839138.968925 -3.386060 -0.719712 2.230791 0.023869 0.632347 0.205104 0.746659
1341839139.004685 -3.386361 -0.721828 2.229805 0.021920 0.633291 0.206921 0.745417
1341839139.036835 -3.383437 -0.722811 2.234996 0.019287 0.636029 0.207645 0.742952
1341839139.069010 -3.382204 -0.721818 2.238921 0.017699 0.637736 0.207939 0.741445
1341839139.105164 -3.382378 -0.720051 2.243860 0.016790 0.639609 0.209342 0.739455
1341839139.137964 -3.374527 -0.723601 2.254016 0.015812 0.641273 0.211889 0.737307
1341839139.168993 -3.369491 -0.728349 2.259247 0.015863 0.643439 0.211966 0.735394
1341839139.208632 -3.371718 -0.726751 2.261908 0.016490 0.645239 0.210700 0.734166
1341839139.237233 -3.370343 -0.727378 2.268167 0.017378 0.646449 0.210592 0.733112
1341839139.269740 -3.372852 -0.731616 2.266962 0.016512 0.647113 0.211098 0.732400
1341839139.305090 -3.373029 -0.733721 2.269530 0.014461 0.649648 0.211671 0.730030
1341839139.336872 -3.367491 -0.731544 2.280245 0.015280 0.651844 0.212179 0.727905
1341839139.404779 -3.363826 -0.743596 2.284941 0.012672 0.653182 0.211143 0.727057
1341839139.436967 -3.364359 -0.739924 2.291663 0.014471 0.656185 0.209953 0.724660
1341839139.479384 -3.373137 -0.735511 2.292614 0.017355 0.655714 0.211995 0.724428
1341839139.504961 -3.361689 -0.749013 2.297376 0.011981 0.656864 0.213528 0.723044
1341839139.572716 -3.372545 -0.742964 2.300607 0.013939 0.661350 0.210919 0.719677
1341839139.633776 -3.363563 -0.748871 2.312417 0.009990 0.663475 0.213740 0.716949
1341839139.665625 -3.364644 -0.748523 2.316346 0.009170 0.665350 0.213767 0.715213
1341839139.701587 -3.365770 -0.745809 2.322747 0.010064 0.666563 0.215345 0.713596
1341839139.733553 -3.363670 -0.749032 2.324813 0.008495 0.667170 0.217024 0.712539
1341839139.765553 -3.362930 -0.748264 2.331437 0.008332 0.669413 0.218996 0.709829
1341839139.801543 -3.365934 -0.742936 2.338071 0.010864 0.669572 0.221348 0.708914
1341839139.833756 -3.362248 -0.750814 2.340686 0.007043 0.668557 0.221797 0.709781
1341839139.865591 -3.356147 -0.756402 2.348203 0.003652 0.670712 0.220569 0.708153
1341839139.901631 -3.361683 -0.750185 2.353578 0.007582 0.672004 0.222062 0.706429
1341839139.933716 -3.366419 -0.752651 2.361229 0.007693 0.670097 0.224245 0.707549
1341839139.969603 -3.355293 -0.762071 2.363564 0.002523 0.669239 0.222670 0.708894
1341839140.001567 -3.354469 -0.763371 2.367882 0.002109 0.671868 0.219989 0.707244
1341839140.033569 -3.364049 -0.756254 2.368913 0.006706 0.672397 0.222173 0.706029
1341839140.069602 -3.366870 -0.758451 2.371438 0.006287 0.670709 0.225933 0.706445
1341839140.101607 -3.351870 -0.771895 2.377404 -0.001169 0.672814 0.224297 0.704990
1341839140.137593 -3.353338 -0.764612 2.383401 0.002743 0.676536 0.220659 0.702568
1341839140.169583 -3.373907 -0.755814 2.385066 0.007574 0.675432 0.222179 0.703115
1341839140.201678 -3.364283 -0.770745 2.384164 -0.000377 0.674704 0.225668 0.702743
1341839140.237641 -3.350653 -0.769993 2.395508 -0.001160 0.678001 0.224438 0.699958
1341839140.269632 -3.362519 -0.768925 2.395696 0.001506 0.678557 0.222532 0.700027
1341839140.301538 -3.368632 -0.773137 2.399046 -0.000593 0.677752 0.223346 0.700549
1341839140.337608 -3.360611 -0.774528 2.406054 -0.002446 0.679317 0.223940 0.698837
1341839140.369503 -3.364822 -0.771100 2.412837 0.000317 0.680408 0.224640 0.697554
1341839140.405652 -3.369729 -0.774066 2.415971 0.000118 0.680028 0.226326 0.697380
1341839140.437622 -3.365911 -0.781177 2.423101 -0.002478 0.681655 0.227208 0.695497
1341839140.469802 -3.368825 -0.779186 2.430825 0.000015 0.683351 0.227741 0.693661
1341839140.505600 -3.375377 -0.780924 2.436966 0.001039 0.682798 0.228711 0.693885
1341839140.537508 -3.369094 -0.792241 2.442618 -0.003535 0.683836 0.227743 0.693173
1341839140.569631 -3.374907 -0.791123 2.450791 -0.001270 0.687491 0.227241 0.689722
1341839140.605614 -3.388102 -0.785646 2.454696 0.003001 0.687655 0.230384 0.688509
1341839140.637520 -3.386782 -0.793281 2.459943 -0.000951 0.687030 0.233297 0.688158
1341839140.673589 -3.378590 -0.803070 2.471534 -0.005790 0.689709 0.231658 0.686005
1341839140.705526 -3.390696 -0.797482 2.478241 -0.002932 0.691299 0.230075 0.684955
1341839140.737690 -3.400412 -0.796677 2.484058 -0.003093 0.690870 0.233142 0.684349
1341839140.780691 -3.389579 -0.806316 2.495447 -0.006316 0.692528 0.237650 0.681093
1341839140.837561 -3.400396 -0.809174 2.510811 -0.003274 0.693701 0.236400 0.680355
1341839140.873616 -3.399477 -0.814194 2.517937 -0.006219 0.694602 0.235673 0.679667
1341839140.905496 -3.403052 -0.812768 2.527822 -0.004491 0.695798 0.236468 0.678180
1341839140.941764 -3.403998 -0.818688 2.533850 -0.004889 0.696092 0.238720 0.677086
1341839140.973483 -3.405219 -0.823695 2.541607 -0.006038 0.697421 0.239380 0.675474
1341839141.005687 -3.404147 -0.827593 2.551802 -0.007893 0.698216 0.238238 0.675037
1341839141.041564 -3.399776 -0.831133 2.563182 -0.007824 0.699080 0.236793 0.674652
1341839141.074063 -3.404495 -0.833243 2.569416 -0.005257 0.698844 0.236599 0.674990
1341839141.110271 -3.405001 -0.839268 2.576218 -0.005121 0.698989 0.236913 0.674730
1341839141.141854 -3.400782 -0.846237 2.584795 -0.005903 0.699692 0.235728 0.674410
1341839141.176858 -3.405954 -0.846652 2.591812 -0.003015 0.700500 0.234375 0.674062
1341839141.209658 -3.414105 -0.848642 2.595079 -0.002525 0.699655 0.234329 0.674957
1341839141.241623 -3.405362 -0.858339 2.604032 -0.006727 0.700752 0.233613 0.674037
1341839141.273659 -3.408809 -0.857372 2.611744 -0.004002 0.702812 0.232731 0.672217
1341839141.309576 -3.423484 -0.854773 2.616620 -0.000950 0.702505 0.234385 0.671974
1341839141.341687 -3.415081 -0.862799 2.625839 -0.005096 0.702353 0.235337 0.671782
1341839141.378026 -3.413306 -0.865306 2.634579 -0.006082 0.703676 0.232451 0.671394
1341839141.409623 -3.423538 -0.864562 2.637450 -0.005415 0.704106 0.231502 0.671276
1341839141.441571 -3.426977 -0.864703 2.646040 -0.004799 0.704608 0.234395 0.669749
1341839141.477635 -3.418162 -0.872641 2.654497 -0.006862 0.705221 0.236153 0.668466
1341839141.509696 -3.413966 -0.877299 2.663719 -0.007262 0.707894 0.234061 0.666370
1341839141.541659 -3.420179 -0.873335 2.670937 -0.003473 0.709332 0.231633 0.665719
1341839141.577526 -3.424568 -0.875979 2.673540 -0.002968 0.709538 0.231607 0.665512
1341839141.645706 -3.422161 -0.879741 2.689887 0.000889 0.711978 0.235748 0.661445
1341839141.677487 -3.429454 -0.881699 2.692536 0.000596 0.710538 0.233374 0.663832
1341839141.709572 -3.421379 -0.890111 2.697416 -0.005946 0.710317 0.229554 0.665371
1341839141.745638 -3.421823 -0.887236 2.706497 -0.002478 0.712286 0.227562 0.663971
1341839141.777895 -3.440538 -0.884002 2.707342 0.002332 0.710686 0.230281 0.664748
1341839141.809561 -3.423222 -0.896251 2.714669 -0.003769 0.710634 0.231989 0.664204
1341839141.845701 -3.414529 -0.899917 2.724837 -0.003623 0.712694 0.228471 0.663216
1341839141.877530 -3.434863 -0.895349 2.727744 0.001720 0.711832 0.227582 0.664454
1341839141.913569 -3.428287 -0.903480 2.728084 -0.003724 0.709869 0.229187 0.665993
1341839141.945636 -3.413915 -0.911283 2.738456 -0.008506 0.712325 0.226505 0.664241
1341839141.977668 -3.424710 -0.903695 2.740913 -0.004098 0.713256 0.224995 0.663797
1341839142.013466 -3.431547 -0.909101 2.740634 -0.006387 0.712668 0.226379 0.663940
1341839142.048866 -3.417673 -0.919097 2.748698 -0.012915 0.715002 0.226561 0.661269
1341839142.116693 -3.418379 -0.914764 2.759588 -0.008781 0.719596 0.226261 0.656438
1341839142.181588 -3.399019 -0.922548 2.772638 -0.012654 0.722952 0.228259 0.651980
1341839142.213523 -3.397456 -0.921358 2.778674 -0.008688 0.725680 0.227910 0.649130
1341839142.245657 -3.405480 -0.916707 2.783749 -0.004859 0.725929 0.229135 0.648461
1341839142.281484 -3.386243 -0.929785 2.789374 -0.011215 0.726750 0.228464 0.647698
1341839142.313501 -3.387001 -0.934401 2.791869 -0.011599 0.730661 0.223596 0.644984
1341839142.349595 -3.404697 -0.924847 2.793374 -0.005116 0.731979 0.226130 0.642686
1341839142.413736 -3.377353 -0.943669 2.804989 -0.012227 0.736583 0.231639 0.635327
1341839142.449600 -3.377192 -0.942747 2.809938 -0.011171 0.740407 0.228497 0.632030
1341839142.481586 -3.384403 -0.941282 2.815660 -0.009117 0.741654 0.228167 0.630718
1341839142.513495 -3.383165 -0.943689 2.821577 -0.009537 0.741442 0.230185 0.630229
1341839142.549621 -3.370032 -0.952500 2.828159 -0.013473 0.744053 0.229438 0.627345
1341839142.581646 -3.377829 -0.950938 2.832017 -0.011004 0.746866 0.227389 0.624791
1341839142.617733 -3.387159 -0.950295 2.837903 -0.009997 0.746247 0.229127 0.624913
1341839142.649501 -3.369765 -0.961149 2.842537 -0.015054 0.747383 0.230678 0.622880
1341839142.681490 -3.369593 -0.961717 2.848633 -0.013059 0.750582 0.229880 0.619363
1341839142.717648 -3.372202 -0.961358 2.854174 -0.011436 0.751436 0.229567 0.618475
1341839142.749655 -3.365793 -0.968758 2.857736 -0.012794 0.752495 0.230037 0.616985
1341839142.781698 -3.368424 -0.969523 2.861646 -0.010543 0.754490 0.230544 0.614396
1341839142.817748 -3.365776 -0.970470 2.867684 -0.009400 0.755302 0.231645 0.613001
1341839142.849646 -3.361257 -0.975053 2.871963 -0.010418 0.755997 0.230541 0.612544
1341839142.885615 -3.364673 -0.978758 2.872840 -0.011995 0.756828 0.229761 0.611782
1341839142.917485 -3.365175 -0.976419 2.877727 -0.010678 0.758199 0.231009 0.609635
1341839142.949726 -3.360956 -0.977804 2.881864 -0.010206 0.758375 0.232343 0.608918
1341839142.985900 -3.358474 -0.985922 2.884491 -0.013656 0.759667 0.231522 0.607550
1341839143.025376 -3.362212 -0.983284 2.889004 -0.012536 0.762030 0.231170 0.604742
1341839143.056750 -3.366207 -0.980113 2.895291 -0.010368 0.762431 0.232763 0.603666
1341839143.092610 -3.356964 -0.984286 2.899740 -0.012748 0.762063 0.233544 0.603784
1341839143.124560 -3.351018 -0.986588 2.905182 -0.013858 0.763308 0.231444 0.602994
1341839143.160701 -3.354410 -0.986906 2.909900 -0.013608 0.764169 0.228872 0.602892
1341839143.224815 -3.359607 -0.991401 2.918111 -0.015674 0.763782 0.229851 0.602960
1341839143.285789 -3.362812 -0.987732 2.931003 -0.015776 0.764160 0.231548 0.601828
1341839143.321671 -3.353330 -0.994105 2.936716 -0.018835 0.763501 0.231758 0.602495
1341839143.353517 -3.355211 -0.996915 2.941646 -0.020140 0.764184 0.229086 0.602608
1341839143.385603 -3.364180 -0.995097 2.946335 -0.019263 0.764317 0.229230 0.602414
1341839143.421529 -3.361283 -0.996732 2.952790 -0.019753 0.763816 0.232109 0.601931
1341839143.453645 -3.354603 -1.002053 2.958417 -0.021860 0.764609 0.232080 0.600861
1341839143.485734 -3.358726 -1.002319 2.963960 -0.022797 0.765743 0.230044 0.600165
1341839143.521668 -3.362101 -1.002201 2.969731 -0.024293 0.766184 0.229834 0.599623
1341839143.553630 -3.359923 -1.004063 2.976422 -0.025179 0.766645 0.231449 0.598375
1341839143.590154 -3.355320 -1.008583 2.982452 -0.026917 0.767916 0.232431 0.596286
1341839143.621854 -3.361355 -1.007330 2.989501 -0.026519 0.769271 0.232246 0.594626
1341839143.653546 -3.361600 -1.009140 2.996534 -0.028814 0.769395 0.234137 0.593617
1341839143.689669 -3.351303 -1.018135 3.003283 -0.033788 0.771826 0.233873 0.590293
1341839143.721563 -3.368350 -1.010695 3.004663 -0.032127 0.774186 0.233991 0.587241
1341839143.753557 -3.363946 -1.010131 3.015496 -0.032061 0.774980 0.242538 0.582712
1341839143.789597 -3.347736 -1.010032 3.023698 -0.031723 0.775481 0.244403 0.581284
1341839143.821488 -3.351577 -1.014620 3.028705 -0.034487 0.778281 0.238240 0.579940
1341839143.857691 -3.359467 -1.012371 3.034631 -0.033922 0.779834 0.237800 0.578065
1341839143.889668 -3.350673 -1.016213 3.039927 -0.033657 0.779258 0.241655 0.577258
1341839143.921613 -3.344362 -1.024939 3.043149 -0.034865 0.780278 0.243068 0.575212
1341839143.957679 -3.349094 -1.022801 3.049837 -0.032365 0.781854 0.243192 0.573162
1341839143.989692 -3.347690 -1.024292 3.056365 -0.032962 0.780811 0.243862 0.574264
1341839144.021612 -3.339712 -1.028838 3.059587 -0.035212 0.781108 0.243254 0.573985
1341839144.057581 -3.341570 -1.027897 3.065882 -0.033538 0.782116 0.243506 0.572604
1341839144.089682 -3.337063 -1.029189 3.070670 -0.032530 0.781914 0.244880 0.572351
1341839144.125588 -3.332357 -1.033485 3.073708 -0.033040 0.781954 0.245207 0.572127
1341839144.157579 -3.327954 -1.036638 3.076611 -0.033463 0.782684 0.244222 0.571525
1341839144.189633 -3.329183 -1.036442 3.081377 -0.031661 0.783502 0.243499 0.570815
1341839144.225642 -3.330705 -1.037413 3.084456 -0.031215 0.783169 0.244613 0.570821
1341839144.257760 -3.318540 -1.044017 3.086245 -0.033904 0.784027 0.244802 0.569407
1341839144.289779 -3.325001 -1.042488 3.090403 -0.031175 0.785684 0.243936 0.567648
1341839144.325641 -3.329641 -1.040474 3.094296 -0.030220 0.785777 0.246362 0.566522
1341839144.357603 -3.316420 -1.045092 3.097094 -0.032673 0.786232 0.248109 0.564990
1341839144.393630 -3.315004 -1.044868 3.101227 -0.032158 0.787039 0.246207 0.564727
1341839144.425526 -3.316887 -1.044051 3.106019 -0.031600 0.786767 0.245231 0.565562
1341839144.457696 -3.312544 -1.046591 3.109070 -0.031754 0.786116 0.245988 0.566130
1341839144.493799 -3.305814 -1.050837 3.111263 -0.032768 0.786387 0.245825 0.565766
1341839144.525996 -3.311197 -1.048640 3.115846 -0.029744 0.786741 0.245385 0.565632
1341839144.561696 -3.310879 -1.050426 3.118327 -0.030112 0.785016 0.246854 0.567368
1341839144.593602 -3.297877 -1.056419 3.118897 -0.032388 0.785518 0.247045 0.566464
1341839144.627771 -3.305199 -1.052216 3.123435 -0.026638 0.786522 0.246844 0.565457
1341839144.661818 -3.300984 -1.057356 3.124442 -0.028265 0.784697 0.247736 0.567520
1341839144.732548 -3.300912 -1.060674 3.126151 -0.028044 0.785403 0.242502 0.568814
1341839144.793602 -3.292968 -1.065362 3.126444 -0.029120 0.785852 0.243958 0.567515
1341839144.829602 -3.296110 -1.066076 3.126667 -0.027900 0.785912 0.243294 0.567778
1341839144.861614 -3.290094 -1.070034 3.125629 -0.030230 0.786026 0.242383 0.567890
1341839144.893704 -3.290809 -1.067100 3.126927 -0.028421 0.786717 0.239945 0.568063
1341839144.929498 -3.298970 -1.069353 3.126640 -0.028007 0.785896 0.240433 0.569013
1341839144.961563 -3.290542 -1.072113 3.125176 -0.030463 0.785925 0.241651 0.568329
1341839144.993581 -3.289501 -1.068569 3.127134 -0.028379 0.786773 0.240803 0.567624
1341839145.029623 -3.293354 -1.069194 3.126715 -0.028076 0.786117 0.240693 0.568594
1341839145.061626 -3.287518 -1.071774 3.126567 -0.030694 0.785963 0.240212 0.568874
1341839145.097529 -3.288412 -1.069451 3.128001 -0.030318 0.786470 0.238120 0.569073
1341839145.129540 -3.295192 -1.069397 3.128866 -0.029660 0.785729 0.238224 0.570088
1341839145.161548 -3.291355 -1.071938 3.127494 -0.031947 0.785163 0.239092 0.570380
1341839145.197472 -3.289543 -1.072029 3.127538 -0.033817 0.785766 0.238019 0.569890
1341839145.229600 -3.292991 -1.068585 3.128798 -0.033406 0.786086 0.237012 0.569893
1341839145.262518 -3.295250 -1.068967 3.127800 -0.034514 0.785353 0.237924 0.570457
1341839145.297552 -3.288201 -1.070611 3.126896 -0.036490 0.786046 0.238278 0.569231
1341839145.329591 -3.294475 -1.065428 3.128410 -0.033389 0.786622 0.238048 0.568722
