# timestamp tx ty tz qx qy qz qw
1305031453.359684 0.000000 0.000000 0.000000 0.000000 0.000000 0.000000 1.000000
1305031453.391690 -0.002638 0.000301 -0.009829 -0.002477 0.008396 0.010495 0.999907
1305031453.423683 0.002464 0.001627 -0.019946 -0.001847 0.012272 0.019828 0.999726
1305031453.459685 0.006908 0.002532 -0.036025 0.000377 0.018231 0.028885 0.999416
1305031453.491698 0.006369 0.004928 -0.048080 0.003750 0.026213 0.038395 0.998912
1305031453.523684 0.005921 0.008406 -0.062669 0.009903 0.031856 0.047344 0.998321
1305031453.559753 0.007667 0.012023 -0.075638 0.016499 0.034202 0.054122 0.997812
1305031453.591640 0.005376 0.020152 -0.090727 0.024666 0.037721 0.058179 0.997288
1305031453.627706 -0.002557 0.021923 -0.102974 0.030324 0.040751 0.062286 0.996765
1305031453.659600 -0.010759 0.029666 -0.119037 0.038379 0.038122 0.059986 0.996732
1305031453.691678 -0.016357 0.040947 -0.134471 0.046169 0.032939 0.055821 0.996829
1305031453.727652 -0.026527 0.048668 -0.148922 0.050334 0.028942 0.050482 0.997036
1305031453.759694 -0.037510 0.054805 -0.161374 0.054752 0.021372 0.041894 0.997392
1305031453.791716 -0.040542 0.066315 -0.176713 0.060209 0.010405 0.034769 0.997526
1305031453.827773 -0.054468 0.071861 -0.188785 0.062350 0.004872 0.027809 0.997655
1305031453.859705 -0.070458 0.080200 -0.200569 0.064586 -0.005587 0.019881 0.997698
1305031453.891710 -0.077884 0.089021 -0.214033 0.064507 -0.022831 0.012214 0.997581
1305031453.927723 -0.092553 0.094067 -0.222489 0.061855 -0.039722 0.007707 0.997265
1305031453.959641 -0.094405 0.098214 -0.231866 0.059054 -0.059133 -0.000500 0.996502
1305031453.991624 -0.107446 0.098443 -0.232274 0.057035 -0.069686 -0.011104 0.995875
1305031454.027662 -0.120259 0.100213 -0.238525 0.058905 -0.081203 -0.021234 0.994729
1305031454.059654 -0.129374 0.105474 -0.245577 0.060014 -0.093468 -0.033304 0.993254
1305031454.091651 -0.143340 0.105844 -0.245769 0.059847 -0.103903 -0.047115 0.991667
1305031454.127701 -0.160304 0.107534 -0.249665 0.062916 -0.116074 -0.061534 0.989334
1305031454.159672 -0.172565 0.113314 -0.258137 0.063751 -0.130239 -0.074401 0.986630
1305031454.191658 -0.185662 0.115743 -0.259502 0.061472 -0.146027 -0.088744 0.983373
1305031454.227671 -0.200574 0.107311 -0.264360 0.059901 -0.159679 -0.104386 0.979805
1305031454.259627 -0.199111 0.110999 -0.263711 0.066338 -0.176498 -0.120974 0.974584
1305031454.291639 -0.209509 0.120232 -0.266790 0.066396 -0.183752 -0.133391 0.971614
1305031454.327699 -0.221917 0.112160 -0.271051 0.064770 -0.193224 -0.149036 0.967604
1305031454.359636 -0.226992 0.116064 -0.271901 0.071430 -0.205318 -0.163391 0.962313
1305031454.391677 -0.237319 0.124922 -0.272820 0.074071 -0.211847 -0.175429 0.958571
1305031454.427465 -0.246665 0.129704 -0.273894 0.076606 -0.224387 -0.190961 0.952531
1305031454.459913 -0.245885 0.133399 -0.272304 0.079729 -0.235860 -0.205990 0.946352
1305031454.491617 -0.251293 0.138951 -0.276827 0.081717 -0.240083 -0.222221 0.941435
1305031454.527700 -0.258170 0.151526 -0.277028 0.083675 -0.245119 -0.237866 0.936128
1305031454.559575 -0.262784 0.158808 -0.280729 0.081223 -0.250142 -0.250855 0.931613
1305031454.591635 -0.270346 0.164078 -0.283562 0.078540 -0.259751 -0.268640 0.924226
1305031454.627580 -0.271365 0.170636 -0.285672 0.077081 -0.272638 -0.281120 0.916896
1305031454.659528 -0.270210 0.181737 -0.287187 0.072446 -0.284761 -0.287445 0.911613
1305031454.691884 -0.271611 0.184987 -0.289836 0.064984 -0.298456 -0.295321 0.905255
1305031454.727659 -0.263283 0.185393 -0.284990 0.059473 -0.314752 -0.298885 0.898923
1305031454.759732 -0.254578 0.189040 -0.295124 0.053592 -0.319347 -0.295972 0.898635
1305031454.791641 -0.249676 0.194424 -0.295365 0.048495 -0.322428 -0.288955 0.900107
1305031454.827570 -0.241531 0.201838 -0.294731 0.044469 -0.324440 -0.283068 0.901462
1305031454.859620 -0.236912 0.210384 -0.290851 0.039225 -0.322375 -0.275310 0.904843
1305031454.891764 -0.233464 0.220103 -0.289634 0.036273 -0.317714 -0.267654 0.908902
1305031454.927567 -0.231128 0.229781 -0.292232 0.032820 -0.311488 -0.261281 0.913033
1305031454.959648 -0.232223 0.238424 -0.297146 0.029315 -0.305020 -0.255271 0.917028
1305031454.991937 -0.236519 0.247458 -0.304061 0.026557 -0.300245 -0.249602 0.920243
1305031455.027799 -0.236562 0.259730 -0.307889 0.026949 -0.299353 -0.246448 0.921371
1305031455.059636 -0.241117 0.266996 -0.310869 0.025346 -0.295910 -0.244618 0.923015
1305031455.091700 -0.246317 0.276197 -0.316274 0.027885 -0.291770 -0.244095 0.924397
1305031455.127695 -0.251864 0.288393 -0.322683 0.029799 -0.286129 -0.242590 0.926495
1305031455.159720 -0.261029 0.297649 -0.329616 0.028628 -0.280398 -0.238818 0.929259
1305031455.191655 -0.271064 0.306946 -0.334528 0.025309 -0.275910 -0.233424 0.932066
1305031455.227581 -0.280950 0.313543 -0.339866 0.024384 -0.271989 -0.227855 0.934617
1305031455.259631 -0.286863 0.328221 -0.344326 0.023593 -0.267205 -0.221424 0.937559
1305031455.291831 -0.300401 0.331995 -0.349688 0.014263 -0.260205 -0.212709 0.941724
1305031455.327766 -0.312448 0.342250 -0.357697 0.009153 -0.256209 -0.202151 0.945203
1305031455.359630 -0.318374 0.354161 -0.360249 0.002429 -0.254712 -0.195746 0.946995
1305031455.391665 -0.331379 0.353891 -0.362755 -0.009432 -0.246804 -0.188516 0.950505
1305031455.427642 -0.345279 0.356534 -0.371135 -0.018196 -0.238467 -0.178203 0.954487
1305031455.459589 -0.360602 0.357060 -0.378311 -0.024119 -0.233592 -0.169805 0.957089
1305031455.491637 -0.373122 0.362796 -0.386915 -0.028034 -0.228909 -0.159261 0.959922
1305031455.527610 -0.391684 0.361393 -0.394968 -0.034212 -0.223834 -0.146501 0.962946
1305031455.559669 -0.410866 0.363855 -0.407751 -0.036392 -0.221779 -0.133600 0.965215
1305031455.591645 -0.424380 0.368541 -0.421026 -0.038607 -0.221414 -0.119670 0.967039
1305031455.627617 -0.441110 0.364485 -0.425491 -0.045193 -0.219530 -0.106730 0.968696
1305031455.659615 -0.459023 0.361479 -0.437162 -0.043209 -0.216030 -0.101121 0.970174
1305031455.691605 -0.475215 0.363155 -0.450815 -0.038962 -0.212929 -0.102438 0.970902
1305031455.727628 -0.490696 0.361261 -0.461568 -0.036798 -0.208963 -0.107315 0.971321
1305031455.759683 -0.506146 0.360148 -0.474131 -0.035087 -0.202428 -0.110589 0.972400
1305031455.791666 -0.523194 0.351445 -0.486731 -0.034868 -0.196031 -0.109792 0.973808
1305031455.827590 -0.539704 0.350390 -0.504592 -0.031564 -0.190809 -0.109616 0.974977
1305031455.859526 -0.553072 0.344979 -0.516336 -0.032022 -0.188479 -0.111025 0.975256
1305031455.891657 -0.564890 0.341596 -0.528361 -0.031831 -0.185120 -0.111331 0.975870
1305031455.927955 -0.577082 0.335638 -0.538065 -0.033219 -0.181109 -0.112309 0.976464
1305031455.959716 -0.588700 0.335898 -0.550702 -0.031522 -0.176422 -0.114713 0.977099
1305031455.991694 -0.599006 0.332980 -0.559914 -0.033576 -0.171340 -0.117181 0.977642
1305031456.027770 -0.609484 0.338176 -0.571520 -0.036114 -0.163878 -0.121401 0.978316
1305031456.059713 -0.625294 0.328977 -0.577392 -0.046874 -0.156925 -0.129808 0.977920
1305031456.091707 -0.637917 0.319237 -0.580528 -0.053497 -0.152321 -0.134887 0.977621
1305031456.127645 -0.650048 0.312903 -0.585757 -0.055172 -0.147270 -0.136348 0.978099
1305031456.159731 -0.659115 0.302508 -0.586345 -0.057587 -0.142224 -0.136559 0.978677
1305031456.191658 -0.669583 0.291160 -0.591198 -0.054326 -0.134002 -0.134536 0.980302
1305031456.227678 -0.676653 0.297097 -0.595653 -0.048632 -0.124055 -0.131101 0.982374
1305031456.259614 -0.688432 0.289767 -0.591458 -0.050695 -0.112661 -0.128549 0.983978
1305031456.291675 -0.702510 0.281581 -0.589913 -0.049002 -0.100674 -0.123663 0.985987
1305031456.327718 -0.712898 0.274709 -0.587958 -0.045584 -0.090297 -0.116794 0.987992
1305031456.359846 -0.718970 0.279802 -0.591137 -0.039580 -0.079211 -0.111843 0.989773
1305031456.391619 -0.736681 0.272767 -0.580397 -0.039682 -0.064400 -0.106997 0.991378
1305031456.427662 -0.754592 0.275191 -0.576762 -0.032258 -0.052190 -0.100776 0.993015
1305031456.459610 -0.774487 0.289960 -0.571655 -0.028114 -0.043720 -0.094592 0.994158
1305031456.491677 -0.792984 0.292366 -0.563800 -0.034202 -0.041165 -0.089064 0.994587
1305031456.527641 -0.806121 0.292163 -0.554850 -0.040627 -0.041923 -0.083603 0.994788
1305031456.559608 -0.813952 0.281095 -0.541448 -0.046740 -0.042749 -0.078284 0.994917
1305031456.591651 -0.825653 0.295258 -0.536735 -0.042636 -0.037622 -0.071991 0.995783
1305031456.627612 -0.838017 0.313183 -0.526919 -0.050409 -0.030716 -0.065690 0.996093
1305031456.659665 -0.847865 0.296191 -0.506872 -0.066261 -0.027214 -0.058809 0.995696
1305031456.691612 -0.864312 0.298928 -0.501463 -0.064103 -0.021678 -0.048944 0.996507
1305031456.727693 -0.881299 0.316103 -0.493238 -0.064883 -0.018484 -0.039035 0.996958
1305031456.759615 -0.898491 0.301769 -0.483045 -0.075916 -0.020349 -0.032641 0.996372
1305031456.791649 -0.913315 0.304425 -0.475423 -0.071201 -0.026162 -0.025008 0.996805
1305031456.827603 -0.919619 0.319691 -0.468162 -0.069377 -0.030433 -0.016058 0.996997
1305031456.859634 -0.928483 0.317519 -0.455178 -0.077592 -0.029750 -0.009554 0.996495
1305031456.891672 -0.930326 0.310193 -0.437880 -0.083137 -0.031104 -0.003605 0.996046
1305031456.927690 -0.942871 0.317447 -0.431269 -0.076933 -0.024670 0.002450 0.996728
1305031456.959667 -0.955323 0.335023 -0.426397 -0.074507 -0.018329 0.007837 0.997021
1305031456.991709 -0.969704 0.330950 -0.418732 -0.084203 -0.012425 0.009646 0.996324
1305031457.027648 -0.982753 0.330631 -0.413706 -0.086351 -0.007412 0.013089 0.996151
1305031457.059621 -0.994572 0.341810 -0.413209 -0.087193 -0.001814 0.018653 0.996015
1305031457.091655 -1.007144 0.337002 -0.410345 -0.097876 0.004593 0.022468 0.994934
1305031457.127632 -1.018001 0.327759 -0.408886 -0.103397 0.010942 0.026594 0.994224
1305031457.159693 -1.031083 0.327494 -0.412326 -0.101653 0.019075 0.033347 0.994078
1305031457.191735 -1.046421 0.331629 -0.418549 -0.099307 0.028182 0.039167 0.993886
1305031457.227543 -1.060193 0.326939 -0.421812 -0.104152 0.035752 0.044831 0.992907
1305031457.259691 -1.068188 0.309779 -0.423184 -0.107154 0.040882 0.051149 0.992084
1305031457.291656 -1.084450 0.312950 -0.434095 -0.097277 0.051056 0.056807 0.992322
1305031457.327548 -1.098269 0.316922 -0.443750 -0.092909 0.061453 0.062050 0.991837
1305031457.359712 -1.110960 0.307876 -0.449260 -0.095260 0.072386 0.067486 0.990521
1305031457.391684 -1.128254 0.300271 -0.458738 -0.090680 0.085166 0.075018 0.989392
1305031457.427641 -1.149980 0.299332 -0.467819 -0.087132 0.095918 0.081748 0.988193
1305031457.459614 -1.167517 0.292911 -0.475578 -0.087407 0.100539 0.086303 0.987321
1305031457.491705 -1.180847 0.281292 -0.483417 -0.088140 0.102729 0.089879 0.986712
1305031457.527638 -1.192899 0.272729 -0.494011 -0.085016 0.105902 0.093278 0.986335
1305031457.559685 -1.207499 0.267319 -0.503667 -0.081340 0.111416 0.096984 0.985680
1305031457.591678 -1.226928 0.265962 -0.512407 -0.077278 0.117594 0.100305 0.984956
1305031457.627526 -1.242439 0.253242 -0.516607 -0.078891 0.121026 0.102881 0.984147
1305031457.659632 -1.258634 0.257066 -0.527059 -0.073005 0.123629 0.107088 0.983828
1305031457.691570 -1.274174 0.250847 -0.531182 -0.078177 0.124996 0.109862 0.982952
1305031457.727669 -1.287293 0.229521 -0.533785 -0.083520 0.127019 0.108735 0.982378
1305031457.759556 -1.301291 0.216953 -0.538610 -0.081788 0.129850 0.106855 0.982360
1305031457.791567 -1.308568 0.198701 -0.544032 -0.076797 0.133397 0.105921 0.982389
1305031457.827699 -1.324999 0.201169 -0.552159 -0.064912 0.142205 0.105137 0.982095
1305031457.859623 -1.339375 0.191005 -0.555680 -0.062997 0.151218 0.105814 0.980800
1305031457.891593 -1.353685 0.169912 -0.556967 -0.058240 0.159403 0.107011 0.979667
1305031457.927633 -1.376513 0.163954 -0.557719 -0.045153 0.166729 0.109299 0.978885
1305031457.959632 -1.392417 0.162684 -0.559713 -0.037610 0.168603 0.113057 0.978456
1305031457.991644 -1.404537 0.146480 -0.557281 -0.034494 0.170279 0.114044 0.978166
1305031458.027845 -1.416706 0.136651 -0.554336 -0.026133 0.174520 0.113816 0.977704
1305031458.059689 -1.434005 0.143469 -0.551508 -0.015067 0.180774 0.116166 0.976524
1305031458.091690 -1.450230 0.143929 -0.543918 -0.014196 0.186346 0.117942 0.975276
1305031458.127605 -1.466291 0.131906 -0.532344 -0.017230 0.191915 0.118365 0.974095
1305031458.159638 -1.484690 0.121318 -0.520467 -0.016707 0.196419 0.119935 0.973014
1305031458.191646 -1.507069 0.125099 -0.508048 -0.014717 0.198994 0.123294 0.972103
1305031458.227611 -1.520485 0.120571 -0.490823 -0.021903 0.197167 0.124778 0.972150
1305031458.259934 -1.534568 0.086003 -0.472140 -0.030632 0.196828 0.124186 0.972059
1305031458.291664 -1.551261 0.086424 -0.467461 -0.020223 0.192793 0.124104 0.973150
1305031458.327628 -1.567683 0.083223 -0.441809 -0.017909 0.190227 0.125747 0.973489
1305031458.359590 -1.575335 0.062369 -0.424408 -0.014028 0.186785 0.126945 0.974064
1305031458.391626 -1.589359 0.066833 -0.412128 0.000385 0.185484 0.130365 0.973961
1305031458.427598 -1.593551 0.067110 -0.397209 0.008919 0.185233 0.138142 0.972896
1305031458.459637 -1.588892 0.056126 -0.383644 0.018521 0.188105 0.144873 0.971229
1305031458.491696 -1.591470 0.053302 -0.366023 0.038792 0.198385 0.142258 0.968969
1305031458.527737 -1.610159 0.082024 -0.346839 0.063776 0.211700 0.137998 0.965439
1305031458.559628 -1.614014 0.087445 -0.326215 0.071472 0.220605 0.135430 0.963267
1305031458.591641 -1.625852 0.092287 -0.301757 0.081716 0.228631 0.127727 0.961632
1305031458.627659 -1.636288 0.122449 -0.276337 0.090160 0.230061 0.122573 0.961207
1305031458.659623 -1.648310 0.121309 -0.250416 0.083090 0.228552 0.123313 0.962109
1305031458.691674 -1.648794 0.124518 -0.228428 0.077315 0.212989 0.117392 0.966891
1305031458.727650 -1.641793 0.118598 -0.209553 0.074130 0.198151 0.109230 0.971241
1305031458.759945 -1.646138 0.122877 -0.196623 0.079269 0.182375 0.097667 0.975150
1305031458.791632 -1.643523 0.133600 -0.190977 0.078700 0.164964 0.090054 0.979022
1305031458.827564 -1.631462 0.135023 -0.173187 0.072790 0.153030 0.088249 0.981578
1305031458.859887 -1.624713 0.121993 -0.162843 0.071067 0.147191 0.086269 0.982773
1305031458.891665 -1.624562 0.129595 -0.156013 0.078520 0.148424 0.077965 0.982714
1305031458.927621 -1.633921 0.136118 -0.145536 0.078824 0.156470 0.083727 0.980966
1305031458.959617 -1.640847 0.125603 -0.136522 0.069880 0.163739 0.098725 0.979061
1305031458.991647 -1.653538 0.096506 -0.128196 0.066298 0.169896 0.102184 0.977905
1305031459.027665 -1.674228 0.091312 -0.119615 0.076645 0.170169 0.101736 0.977148
1305031459.059631 -1.693283 0.083264 -0.105378 0.085562 0.164748 0.109766 0.976467
1305031459.091650 -1.717526 0.067724 -0.092488 0.096120 0.152348 0.119689 0.976333
1305031459.127618 -1.734965 0.060616 -0.089745 0.107353 0.129305 0.123041 0.978068
1305031459.159639 -1.748036 0.059815 -0.079618 0.117651 0.105392 0.125136 0.979485
1305031459.191674 -1.762679 0.056615 -0.079200 0.122617 0.088441 0.131532 0.979716
1305031459.227607 -1.772986 0.055415 -0.074453 0.124758 0.076456 0.142314 0.978947
1305031459.259760 -1.770235 0.061868 -0.072438 0.125149 0.069342 0.152756 0.977852
1305031459.291690 -1.783277 0.062922 -0.067016 0.122214 0.084292 0.165867 0.974909
1305031459.327632 -1.788236 0.060366 -0.057592 0.119859 0.103338 0.183159 0.970262
1305031459.359651 -1.802879 0.064634 -0.053551 0.124119 0.128775 0.203182 0.962667
1305031459.391667 -1.819589 0.088392 -0.039637 0.126060 0.156810 0.228230 0.952591
1305031459.427646 -1.812671 0.097780 -0.032599 0.115585 0.184490 0.263508 0.939770
1305031459.459679 -1.835151 0.089081 -0.027422 0.112774 0.223913 0.302299 0.919652
1305031459.491555 -1.858929 0.111931 -0.015179 0.114694 0.247664 0.329862 0.903714
1305031459.527594 -1.865044 0.115768 -0.011917 0.103600 0.263254 0.361957 0.888229
1305031459.559647 -1.883432 0.102256 -0.018489 0.096511 0.277670 0.387923 0.873556
1305031459.591695 -1.907712 0.098744 -0.017544 0.095250 0.285828 0.408796 0.861461
1305031459.627608 -1.917752 0.096283 -0.008792 0.092899 0.287584 0.416762 0.857307
1305031459.659641 -1.929388 0.098824 0.001450 0.094042 0.295198 0.416501 0.854717
1305031459.691604 -1.943442 0.092422 0.006275 0.087809 0.305275 0.422277 0.848987
1305031459.727551 -1.955307 0.076614 0.010854 0.080658 0.313430 0.424956 0.845381
1305031459.759635 -1.969491 0.057387 0.015195 0.078623 0.321255 0.422196 0.844017
1305031459.791650 -1.986713 0.042504 0.022228 0.078092 0.326224 0.418709 0.843897
1305031459.827664 -2.001406 0.029378 0.030649 0.076907 0.327973 0.416372 0.844484
1305031459.859660 -2.016465 0.015764 0.041064 0.072946 0.328428 0.415280 0.845196
1305031459.891596 -2.023904 -0.000959 0.047453 0.067288 0.323825 0.419207 0.845503
1305031459.927607 -2.030801 -0.016690 0.053342 0.066174 0.321210 0.422580 0.844909
1305031459.959650 -2.041481 -0.028454 0.061967 0.065758 0.320510 0.425072 0.843957
1305031459.991725 -2.047099 -0.043513 0.069243 0.061901 0.319172 0.429951 0.842282
1305031460.027565 -2.049151 -0.061245 0.074375 0.059533 0.318593 0.434305 0.840437
1305031460.059659 -2.057668 -0.077611 0.082595 0.059742 0.320478 0.435684 0.838990
1305031460.091717 -2.066357 -0.096247 0.092250 0.061409 0.318283 0.441369 0.836731
1305031460.127690 -2.067403 -0.112500 0.097471 0.066760 0.309490 0.450847 0.834563
1305031460.159678 -2.073804 -0.121783 0.106556 0.074912 0.303262 0.457108 0.832750
1305031460.191559 -2.074720 -0.131714 0.114047 0.075454 0.296352 0.464671 0.831001
1305031460.227761 -2.061294 -0.139024 0.117514 0.075326 0.292604 0.470101 0.829285
1305031460.259667 -2.059556 -0.146441 0.124720 0.077236 0.300049 0.469352 0.826870
1305031460.291689 -2.059769 -0.158621 0.130263 0.075879 0.309291 0.468725 0.823941
1305031460.327512 -2.060297 -0.170566 0.135272 0.075928 0.318162 0.469501 0.820108
1305031460.359630 -2.059871 -0.176927 0.142872 0.074982 0.326717 0.471242 0.815821
1305031460.391611 -2.056513 -0.188411 0.147660 0.070205 0.335946 0.474922 0.810346
1305031460.427477 -2.054601 -0.199830 0.153535 0.068210 0.346200 0.479202 0.803653
1305031460.459620 -2.052853 -0.207208 0.160197 0.065638 0.358691 0.482898 0.796142
1305031460.491504 -2.057235 -0.214944 0.165021 0.059883 0.371849 0.488193 0.787280
1305031460.527570 -2.054305 -0.226866 0.173766 0.052249 0.382930 0.497229 0.776787
1305031460.559647 -2.047146 -0.236917 0.178129 0.044830 0.390576 0.501416 0.770729
1305031460.591855 -2.048365 -0.247511 0.184634 0.040505 0.399949 0.501554 0.766058
1305031460.627625 -2.044247 -0.257351 0.188403 0.036872 0.406689 0.503836 0.761179
1305031460.659764 -2.046864 -0.268998 0.197037 0.034393 0.415705 0.502341 0.757404
1305031460.691671 -2.051280 -0.280769 0.206737 0.031067 0.421338 0.502920 0.754043
1305031460.727675 -2.048195 -0.289970 0.214720 0.025625 0.423200 0.503646 0.752719
1305031460.759667 -2.044433 -0.301411 0.221388 0.021221 0.427909 0.502514 0.750948
1305031460.791660 -2.046551 -0.314583 0.232144 0.017616 0.433289 0.501210 0.748825
1305031460.827660 -2.044782 -0.322059 0.241631 0.012704 0.434735 0.499088 0.749503
1305031460.859714 -2.040742 -0.329653 0.249492 0.005663 0.437684 0.497352 0.749027
1305031460.891774 -2.036308 -0.343227 0.258989 -0.003395 0.442427 0.495537 0.747455
1305031460.927562 -2.033743 -0.356149 0.270589 -0.009801 0.445302 0.495556 0.745677
1305031460.959649 -2.022194 -0.368532 0.276536 -0.014868 0.444745 0.498925 0.743677
1305031460.991668 -2.012781 -0.382911 0.280528 -0.016264 0.447621 0.499824 0.741314
1305031461.027620 -2.006085 -0.395292 0.288551 -0.016063 0.450122 0.500833 0.739120
1305031461.059662 -2.003471 -0.405393 0.297097 -0.013104 0.452430 0.500314 0.738120
1305031461.091728 -1.998419 -0.409886 0.306237 -0.014408 0.450298 0.500004 0.739608
1305031461.127586 -1.986077 -0.417693 0.310207 -0.017403 0.449077 0.499130 0.740875
1305031461.159720 -1.975533 -0.431730 0.315897 -0.018172 0.450560 0.498116 0.740639
1305031461.192013 -1.971780 -0.434507 0.321031 -0.015173 0.451184 0.493798 0.743213
1305031461.227607 -1.966765 -0.440388 0.327280 -0.015608 0.452880 0.491522 0.743682
1305031461.259642 -1.958379 -0.448170 0.332940 -0.015895 0.453426 0.488712 0.745193
1305031461.291656 -1.953588 -0.450035 0.338134 -0.014377 0.454179 0.482705 0.748672
1305031461.327751 -1.947296 -0.448690 0.341245 -0.013519 0.455746 0.478153 0.750655
1305031461.359709 -1.947515 -0.448464 0.344458 -0.016908 0.457894 0.475915 0.750701
1305031461.391708 -1.934812 -0.454711 0.357103 -0.026369 0.459410 0.476557 0.749094
1305031461.427624 -1.925629 -0.457594 0.358145 -0.027960 0.459084 0.475734 0.749758
1305031461.459781 -1.924497 -0.453360 0.361128 -0.029982 0.458636 0.477357 0.748922
1305031461.491677 -1.906747 -0.463878 0.360371 -0.036807 0.457312 0.480225 0.747593
1305031461.527705 -1.906027 -0.460397 0.359266 -0.030983 0.459062 0.476921 0.748898
1305031461.559677 -1.901127 -0.451190 0.352691 -0.030706 0.458766 0.473995 0.750946
1305031461.591690 -1.898130 -0.449205 0.343532 -0.032440 0.463197 0.469834 0.750768
1305031461.627541 -1.896003 -0.445901 0.340345 -0.035774 0.467834 0.469606 0.747878
1305031461.659622 -1.893805 -0.444616 0.338017 -0.038941 0.471782 0.469444 0.745337
1305031461.691563 -1.896586 -0.441153 0.330946 -0.039161 0.472477 0.474725 0.741531
1305031461.727602 -1.890095 -0.428868 0.328000 -0.039743 0.471852 0.479804 0.738623
1305031461.759684 -1.892399 -0.421580 0.317096 -0.039073 0.471120 0.482561 0.737329
1305031461.791612 -1.891937 -0.411015 0.311704 -0.042239 0.471993 0.486776 0.733817
1305031461.827615 -1.892014 -0.398009 0.305417 -0.041837 0.475041 0.490246 0.729551
1305031461.859767 -1.899875 -0.386633 0.298304 -0.040538 0.478117 0.496134 0.723610
1305031461.891723 -1.905124 -0.379143 0.296321 -0.044487 0.479381 0.507104 0.714885
1305031461.927758 -1.901797 -0.367905 0.294251 -0.050901 0.476324 0.516838 0.709509
1305031461.959703 -1.899617 -0.356588 0.280820 -0.057485 0.475828 0.519651 0.707281
1305031461.991590 -1.912199 -0.352646 0.283266 -0.065361 0.483989 0.525492 0.696664
1305031462.027675 -1.918100 -0.343164 0.286199 -0.071804 0.483069 0.535208 0.689233
1305031462.059837 -1.923949 -0.340613 0.287801 -0.073955 0.479790 0.547212 0.681830
1305031462.091777 -1.925715 -0.336819 0.289165 -0.075986 0.475450 0.558757 0.675252
1305031462.127739 -1.929769 -0.329241 0.284323 -0.077560 0.470690 0.568211 0.670501
1305031462.159646 -1.934006 -0.325559 0.279795 -0.079690 0.467074 0.576403 0.665771
1305031462.191641 -1.943041 -0.315686 0.284454 -0.081968 0.468545 0.574216 0.666351
1305031462.227633 -1.950975 -0.309494 0.284063 -0.087742 0.468067 0.575170 0.665127
1305031462.259765 -1.956661 -0.306537 0.286670 -0.095246 0.466775 0.574832 0.665295
1305031462.291629 -1.963932 -0.302085 0.287619 -0.101854 0.463194 0.572885 0.668491
1305031462.327540 -1.970949 -0.295529 0.287081 -0.109608 0.459365 0.569567 0.672728
1305031462.359732 -1.981017 -0.288640 0.292792 -0.116515 0.459127 0.564262 0.676191
1305031462.391695 -1.989777 -0.284256 0.296966 -0.125441 0.453891 0.562321 0.679737
1305031462.427635 -1.995870 -0.283086 0.300438 -0.136160 0.447147 0.561008 0.683220
1305031462.459897 -2.012159 -0.275749 0.309406 -0.142157 0.443169 0.554748 0.689672
1305031462.492008 -2.021579 -0.269399 0.308631 -0.151160 0.433501 0.552593 0.695607
1305031462.527670 -2.027871 -0.269272 0.311809 -0.158442 0.426489 0.551508 0.699172
1305031462.559862 -2.031943 -0.270781 0.305870 -0.165629 0.414946 0.549052 0.706349
1305031462.591862 -2.038287 -0.259201 0.294569 -0.167055 0.405472 0.541810 0.717027
1305031462.627851 -2.047256 -0.252160 0.287721 -0.168651 0.400788 0.533042 0.725804
1305031462.659660 -2.053493 -0.249983 0.281260 -0.171373 0.398142 0.524153 0.733060
1305031462.692548 -2.064340 -0.250059 0.278743 -0.171500 0.398074 0.514886 0.739606
1305031462.727652 -2.075015 -0.244471 0.272482 -0.171125 0.391973 0.505354 0.749461
1305031462.759782 -2.084689 -0.235625 0.261612 -0.170275 0.383177 0.495883 0.760449
1305031462.791943 -2.092929 -0.227688 0.249919 -0.170233 0.376260 0.489080 0.768277
1305031462.827816 -2.103317 -0.218361 0.239256 -0.169688 0.370525 0.484114 0.774306
1305031462.859782 -2.104613 -0.205696 0.220558 -0.171904 0.359659 0.481128 0.780775
1305031462.891847 -2.108086 -0.196904 0.206522 -0.173198 0.357435 0.477752 0.783578
1305031462.927607 -2.111872 -0.190492 0.191974 -0.173550 0.356050 0.476268 0.785033
1305031462.959676 -2.114884 -0.187099 0.177533 -0.173891 0.352974 0.474651 0.787323
1305031462.995550 -2.112667 -0.182372 0.159669 -0.171547 0.346545 0.472106 0.792209
1305031463.027667 -2.116627 -0.177875 0.145522 -0.165628 0.344983 0.465429 0.798079
1305031463.059810 -2.125040 -0.168560 0.132408 -0.158313 0.341970 0.457256 0.805550
1305031463.095809 -2.123567 -0.157482 0.113569 -0.156861 0.333498 0.449666 0.813618
1305031463.127550 -2.122743 -0.152743 0.097845 -0.154773 0.330851 0.440937 0.819852
1305031463.159787 -2.126564 -0.142564 0.082612 -0.148501 0.329485 0.431111 0.826759
1305031463.195657 -2.130021 -0.129247 0.068085 -0.145651 0.327215 0.423801 0.831931
1305031463.227784 -2.121504 -0.125404 0.051926 -0.149504 0.321397 0.420695 0.835085
1305031463.260034 -2.118814 -0.115620 0.037027 -0.142604 0.320909 0.415783 0.838932
1305031463.295737 -2.120814 -0.102196 0.024425 -0.137328 0.320732 0.409672 0.842877
1305031463.327739 -2.113657 -0.098606 0.012005 -0.140045 0.315519 0.407500 0.845446
1305031463.359750 -2.108854 -0.093655 0.000226 -0.135243 0.312310 0.404299 0.848949
1305031463.395630 -2.105291 -0.075270 -0.013732 -0.125872 0.306509 0.401006 0.854051
1305031463.427716 -2.096328 -0.065412 -0.027771 -0.125941 0.301046 0.398724 0.857047
1305031463.459756 -2.089094 -0.056547 -0.042407 -0.125365 0.299081 0.397338 0.858462
1305031463.495629 -2.078721 -0.043749 -0.057915 -0.125526 0.297441 0.396251 0.859510
1305031463.527670 -2.066436 -0.038666 -0.071401 -0.126758 0.300076 0.395325 0.858839
1305031463.559751 -2.063561 -0.031833 -0.083126 -0.123465 0.304660 0.394438 0.858113
1305031463.595600 -2.054991 -0.022633 -0.096865 -0.122656 0.301268 0.395033 0.859152
1305031463.627588 -2.036029 -0.018451 -0.112419 -0.122488 0.296187 0.395569 0.860694
1305031463.659766 -2.026440 -0.015913 -0.130929 -0.115721 0.298411 0.392771 0.862143
1305031463.695640 -2.024492 -0.007762 -0.147723 -0.110727 0.299437 0.388249 0.864488
1305031463.727588 -2.002544 -0.005073 -0.166339 -0.113145 0.294390 0.387552 0.866219
1305031463.759674 -1.981095 -0.006601 -0.186784 -0.110946 0.293893 0.383564 0.868445
1305031463.795647 -1.973789 -0.005047 -0.206385 -0.106945 0.297033 0.372717 0.872592
1305031463.827761 -1.958463 -0.003913 -0.224797 -0.108110 0.295474 0.363275 0.876948
1305031463.859910 -1.940240 -0.008565 -0.244696 -0.108859 0.294903 0.354357 0.880689
1305031463.895648 -1.932185 -0.009304 -0.263364 -0.105918 0.296816 0.344508 0.884305
1305031463.927664 -1.921621 -0.011783 -0.277679 -0.105540 0.295685 0.338919 0.886885
1305031463.959680 -1.906245 -0.018695 -0.295445 -0.105384 0.290342 0.334268 0.890427
1305031463.995821 -1.894184 -0.021080 -0.315028 -0.100942 0.286399 0.328003 0.894539
1305031464.027703 -1.885500 -0.021486 -0.332761 -0.098924 0.282886 0.320168 0.898711
1305031464.059652 -1.869988 -0.029965 -0.351216 -0.100479 0.280282 0.312239 0.902138
1305031464.095634 -1.862209 -0.034730 -0.367081 -0.097164 0.281856 0.303245 0.905074
1305031464.127681 -1.859699 -0.042046 -0.378986 -0.094983 0.282705 0.298138 0.906736
1305031464.159817 -1.851809 -0.054472 -0.391012 -0.091343 0.279445 0.297004 0.908491
1305031464.195585 -1.845761 -0.062040 -0.403857 -0.081077 0.273544 0.292836 0.912604
1305031464.227624 -1.847021 -0.060568 -0.419842 -0.067388 0.265176 0.289758 0.917159
1305031464.259644 -1.845521 -0.054586 -0.437292 -0.055773 0.250087 0.289209 0.922336
1305031464.295667 -1.835651 -0.051943 -0.450922 -0.050344 0.232168 0.285419 0.928493
1305031464.327866 -1.820835 -0.050800 -0.465912 -0.046715 0.216953 0.280872 0.933734
1305031464.359684 -1.805904 -0.053447 -0.480777 -0.042312 0.206551 0.276117 0.937713
1305031464.395611 -1.792352 -0.047162 -0.499413 -0.035632 0.199617 0.267809 0.941893
1305031464.427634 -1.781975 -0.043378 -0.514839 -0.033631 0.197930 0.258413 0.944942
1305031464.459689 -1.770278 -0.049745 -0.529972 -0.032947 0.194937 0.250015 0.947843
1305031464.495633 -1.752255 -0.046064 -0.549559 -0.030143 0.189862 0.244388 0.950431
1305031464.527574 -1.746649 -0.042991 -0.566019 -0.028034 0.190178 0.236153 0.952511
1305031464.559703 -1.732499 -0.044446 -0.583083 -0.030970 0.186313 0.225021 0.955873
1305031464.595698 -1.703707 -0.064596 -0.612806 -0.034181 0.185796 0.214582 0.958262
1305031464.627672 -1.692561 -0.068079 -0.632327 -0.026255 0.197649 0.204345 0.958378
1305031464.659749 -1.677468 -0.069802 -0.646711 -0.019086 0.208262 0.191198 0.959013
1305031464.695663 -1.665000 -0.079661 -0.655396 -0.009112 0.219437 0.175104 0.959741
1305031464.727652 -1.666261 -0.086709 -0.669080 0.005837 0.228060 0.155304 0.961164
1305031464.759740 -1.668233 -0.066292 -0.676266 0.021860 0.228523 0.135795 0.963773
1305031464.796021 -1.669804 -0.083871 -0.685435 0.025154 0.225804 0.119064 0.966542
1305031464.827759 -1.655304 -0.083038 -0.686570 0.036077 0.210826 0.105118 0.971185
1305031464.859654 -1.650049 -0.074170 -0.686727 0.044531 0.194701 0.090375 0.975675
1305031464.895817 -1.635570 -0.062088 -0.688129 0.045167 0.176356 0.070276 0.980775
1305031464.927799 -1.609867 -0.079763 -0.687555 0.039398 0.161190 0.050561 0.984840
1305031464.959763 -1.588173 -0.091391 -0.686203 0.040454 0.153678 0.032720 0.986750
1305031464.995687 -1.566152 -0.085672 -0.686171 0.046639 0.149632 0.015000 0.987527
1305031465.027823 -1.556018 -0.083178 -0.672481 0.049255 0.149454 -0.006464 0.987520
1305031465.059749 -1.560052 -0.060781 -0.653025 0.058132 0.146558 -0.026040 0.987149
1305031465.095700 -1.550094 -0.023624 -0.644580 0.057346 0.133410 -0.042512 0.988487
1305031465.127664 -1.536625 -0.010607 -0.631808 0.040382 0.119146 -0.057138 0.990408
1305031465.159842 -1.520615 -0.000798 -0.611539 0.024844 0.105910 -0.064410 0.991976
1305031465.195564 -1.504049 0.005084 -0.595854 0.012317 0.093713 -0.071300 0.992966
1305031465.227907 -1.482562 0.024925 -0.584116 0.003407 0.081679 -0.075784 0.993767
1305031465.259807 -1.469880 0.030181 -0.563384 -0.008062 0.073104 -0.074430 0.994510
1305031465.295623 -1.449484 0.052434 -0.553412 -0.007808 0.061583 -0.063700 0.996037
1305031465.327674 -1.441944 0.062788 -0.542274 -0.014821 0.050968 -0.052989 0.997183
1305031465.359948 -1.423241 0.071706 -0.531388 -0.017078 0.033867 -0.039506 0.998499
1305031465.395586 -1.398981 0.079383 -0.528982 -0.015000 0.015093 -0.028150 0.999377
1305031465.427697 -1.367655 0.094337 -0.526759 -0.010043 -0.001892 -0.016026 0.999819
1305031465.460125 -1.343861 0.112927 -0.529087 -0.004769 -0.014447 -0.002263 0.999882
1305031465.495703 -1.317753 0.136004 -0.530454 -0.003325 -0.027317 0.008525 0.999585
1305031465.527622 -1.298753 0.134590 -0.529096 -0.007339 -0.036875 0.011516 0.999227
1305031465.559812 -1.270096 0.147584 -0.533775 -0.000283 -0.048395 0.017566 0.998674
1305031465.595599 -1.242519 0.168228 -0.538416 0.007238 -0.055453 0.027084 0.998068
1305031465.627688 -1.228823 0.185691 -0.543405 0.012701 -0.058542 0.036494 0.997537
1305031465.660060 -1.210320 0.202630 -0.547976 0.018265 -0.068485 0.045056 0.996467
1305031465.695668 -1.176010 0.222575 -0.550958 0.025461 -0.080268 0.053023 0.995036
1305031465.727682 -1.155005 0.242721 -0.554983 0.033611 -0.084030 0.062532 0.993931
1305031465.759766 -1.131594 0.267593 -0.558823 0.042459 -0.090145 0.072029 0.992413
1305031465.795937 -1.105930 0.289118 -0.559460 0.048585 -0.095321 0.078716 0.991139
1305031465.827996 -1.083170 0.304461 -0.561015 0.056693 -0.099373 0.084602 0.989825
1305031465.859861 -1.059637 0.337553 -0.565060 0.070311 -0.102268 0.090789 0.988107
1305031465.895494 -1.032817 0.367525 -0.559982 0.075196 -0.100944 0.093808 0.987601
1305031465.927495 -1.012897 0.379853 -0.561307 0.078790 -0.093693 0.094717 0.987949
1305031465.959710 -0.990195 0.406941 -0.563007 0.090623 -0.087589 0.095293 0.987439
1305031465.995753 -0.979670 0.432951 -0.566211 0.098870 -0.080233 0.091607 0.987621
1305031466.027644 -0.965268 0.460673 -0.572859 0.106263 -0.078194 0.090476 0.987121
1305031466.059757 -0.954790 0.490753 -0.575201 0.107021 -0.076458 0.091686 0.987063
1305031466.095840 -0.946371 0.509333 -0.580868 0.102406 -0.077430 0.091991 0.987449
1305031466.127640 -0.935215 0.528787 -0.586877 0.097658 -0.082201 0.091005 0.987635
1305031466.160428 -0.925925 0.546087 -0.596280 0.092825 -0.087096 0.092634 0.987531
1305031466.195833 -0.917351 0.568035 -0.605758 0.087373 -0.095656 0.093241 0.987179
1305031466.227951 -0.902384 0.580553 -0.616510 0.076935 -0.105604 0.087736 0.987538
1305031466.259815 -0.874507 0.583124 -0.620656 0.072474 -0.112690 0.080805 0.987684
1305031466.295737 -0.855366 0.598054 -0.629097 0.076013 -0.108945 0.069593 0.988691
1305031466.327702 -0.842101 0.611585 -0.644970 0.076180 -0.097935 0.060610 0.990420
1305031466.359829 -0.829679 0.620857 -0.656914 0.070225 -0.089350 0.054260 0.992039
1305031466.395784 -0.810369 0.616188 -0.669273 0.066677 -0.088028 0.049764 0.992637
1305031466.427819 -0.802218 0.630524 -0.684307 0.074567 -0.087939 0.045632 0.992282
1305031466.459790 -0.787427 0.645535 -0.693367 0.075631 -0.093068 0.041437 0.991918
1305031466.495809 -0.765698 0.655670 -0.696263 0.072189 -0.099118 0.040125 0.991642
1305031466.527538 -0.740518 0.662673 -0.697076 0.069927 -0.100138 0.040422 0.991690
1305031466.560353 -0.725462 0.677037 -0.706050 0.068896 -0.095749 0.039036 0.992251
1305031466.595936 -0.706887 0.691938 -0.706948 0.062385 -0.096467 0.035595 0.992741
1305031466.627549 -0.674792 0.684809 -0.705029 0.053591 -0.099579 0.031990 0.993070
1305031466.659688 -0.656938 0.691510 -0.709209 0.059828 -0.095876 0.027044 0.993226
1305031466.695822 -0.645035 0.710040 -0.720321 0.062594 -0.094181 0.019774 0.993389
1305031466.728074 -0.623213 0.713913 -0.718764 0.056037 -0.098377 0.010152 0.993518
1305031466.759637 -0.598362 0.706799 -0.719301 0.055154 -0.100322 0.001920 0.993423
1305031466.795604 -0.588735 0.722267 -0.726786 0.064678 -0.098463 -0.004466 0.993027
1305031466.827879 -0.572862 0.733625 -0.729536 0.063641 -0.102825 -0.007737 0.992631
1305031466.859665 -0.558742 0.727729 -0.733103 0.058935 -0.108388 -0.007589 0.992331
1305031466.895694 -0.549250 0.734649 -0.736722 0.064006 -0.117781 -0.008861 0.990935
1305031466.927756 -0.530845 0.741537 -0.737624 0.066283 -0.133044 -0.011421 0.988825
1305031466.959728 -0.506403 0.742817 -0.738218 0.067102 -0.145877 -0.012602 0.986944
1305031466.995712 -0.485408 0.747642 -0.739165 0.068861 -0.152549 -0.015461 0.985773
1305031467.027843 -0.468873 0.750882 -0.740844 0.069836 -0.156933 -0.019984 0.984934
1305031467.059700 -0.450283 0.756327 -0.740545 0.071249 -0.160711 -0.023035 0.984157
1305031467.095687 -0.435882 0.759636 -0.742880 0.069405 -0.161622 -0.028454 0.983998
1305031467.128974 -0.421370 0.759551 -0.742617 0.069970 -0.164720 -0.039198 0.983074
1305031467.159660 -0.408168 0.763432 -0.743482 0.072964 -0.167363 -0.047248 0.982056
1305031467.195663 -0.397832 0.766934 -0.746419 0.074811 -0.170770 -0.051945 0.981093
1305031467.227704 -0.383650 0.769846 -0.746935 0.076490 -0.177849 -0.057566 0.979390
1305031467.259694 -0.368128 0.771740 -0.747361 0.078776 -0.183853 -0.062372 0.977805
1305031467.295846 -0.354676 0.776408 -0.749239 0.082273 -0.188841 -0.068802 0.976133
1305031467.328008 -0.340861 0.782058 -0.752069 0.085067 -0.194137 -0.074039 0.974471
1305031467.359654 -0.328553 0.792114 -0.754288 0.084960 -0.199871 -0.076316 0.973144
1305031467.395756 -0.313482 0.793967 -0.755780 0.079698 -0.207826 -0.081655 0.971488
1305031467.427783 -0.297874 0.793084 -0.758080 0.077556 -0.214251 -0.085882 0.969900
1305031467.459692 -0.283844 0.797900 -0.762637 0.078821 -0.220324 -0.088078 0.968239
1305031467.496058 -0.267128 0.806719 -0.763714 0.077196 -0.228110 -0.093680 0.966039
1305031467.527663 -0.248634 0.804823 -0.761082 0.071790 -0.233383 -0.100883 0.964469
1305031467.559763 -0.232422 0.801899 -0.760119 0.071286 -0.235243 -0.104064 0.963717
1305031467.595989 -0.220331 0.804088 -0.761614 0.071626 -0.236092 -0.103235 0.963573
1305031467.627532 -0.208798 0.793628 -0.760303 0.070323 -0.241011 -0.101523 0.962632
1305031467.659626 -0.195134 0.788996 -0.757170 0.076347 -0.247063 -0.097803 0.961023
1305031467.695886 -0.181943 0.790556 -0.751704 0.081111 -0.251229 -0.099487 0.959379
1305031467.727535 -0.170932 0.779218 -0.745788 0.083706 -0.253582 -0.104734 0.957977
1305031467.759907 -0.160271 0.774100 -0.736999 0.090372 -0.256219 -0.106279 0.956499
1305031467.796075 -0.151705 0.770574 -0.727063 0.095335 -0.259109 -0.108727 0.954962
1305031467.827800 -0.144075 0.756474 -0.713117 0.098564 -0.262702 -0.109770 0.953532
1305031467.859729 -0.138915 0.748863 -0.701608 0.105969 -0.266681 -0.106304 0.952025
1305031467.895947 -0.136225 0.748071 -0.689590 0.112913 -0.272638 -0.105282 0.949650
1305031467.927754 -0.126306 0.733852 -0.673880 0.114819 -0.281930 -0.108481 0.946342
1305031467.959826 -0.118921 0.721269 -0.656842 0.121143 -0.287856 -0.109477 0.943651
1305031467.995754 -0.110281 0.721883 -0.637608 0.126990 -0.291459 -0.110826 0.941617
1305031468.028107 -0.109405 0.705529 -0.615701 0.124268 -0.292739 -0.114238 0.941175
1305031468.059850 -0.105912 0.688018 -0.601631 0.127859 -0.295021 -0.116640 0.939686
1305031468.095867 -0.100457 0.684180 -0.585408 0.131733 -0.298629 -0.118176 0.937818
1305031468.127816 -0.096727 0.666890 -0.565433 0.129466 -0.302072 -0.119819 0.936822
1305031468.159864 -0.092114 0.654583 -0.549062 0.131928 -0.304209 -0.122898 0.935386
1305031468.195985 -0.084111 0.640991 -0.531146 0.131539 -0.306362 -0.126499 0.934258
1305031468.228158 -0.079103 0.622205 -0.514270 0.128742 -0.306678 -0.126448 0.934551
1305031468.259754 -0.070723 0.604975 -0.498442 0.127462 -0.306595 -0.124677 0.934991
1305031468.295830 -0.066216 0.587055 -0.483399 0.125686 -0.305071 -0.124991 0.935688
1305031468.327847 -0.060701 0.562159 -0.470540 0.124514 -0.303812 -0.122775 0.936547
1305031468.359787 -0.053617 0.550432 -0.461669 0.127857 -0.301349 -0.117898 0.937519
1305031468.395860 -0.050327 0.541326 -0.451282 0.126519 -0.300259 -0.117705 0.938074
1305031468.428025 -0.047103 0.514288 -0.442795 0.119609 -0.300881 -0.118316 0.938704
1305031468.459759 -0.040995 0.496777 -0.435838 0.117871 -0.302094 -0.115850 0.938842
1305031468.495809 -0.037479 0.480662 -0.427652 0.114996 -0.301073 -0.116600 0.939433
1305031468.527756 -0.040452 0.457072 -0.425879 0.113742 -0.297802 -0.122351 0.939897
1305031468.559739 -0.041262 0.436481 -0.424930 0.119437 -0.296945 -0.129862 0.938453
1305031468.595768 -0.040242 0.423242 -0.425870 0.122508 -0.296842 -0.136182 0.937193
1305031468.627626 -0.044024 0.403351 -0.424014 0.115159 -0.297734 -0.138485 0.937504
1305031468.659579 -0.050253 0.377065 -0.424772 0.111417 -0.300608 -0.140082 0.936802
1305031468.695835 -0.054597 0.357091 -0.424699 0.115098 -0.306060 -0.143482 0.934073
1305031468.727785 -0.056866 0.342741 -0.422776 0.119479 -0.311940 -0.144463 0.931423
1305031468.759628 -0.059903 0.327984 -0.419275 0.120608 -0.316415 -0.145012 0.929681
1305031468.795796 -0.065424 0.306528 -0.416285 0.123404 -0.318425 -0.149560 0.927906
1305031468.829247 -0.069097 0.293218 -0.415521 0.131856 -0.319556 -0.154846 0.925484
1305031468.859659 -0.068358 0.290525 -0.409444 0.137040 -0.319438 -0.159139 0.924042
1305031468.895873 -0.070759 0.273978 -0.406706 0.132867 -0.314941 -0.161489 0.925786
1305031468.928141 -0.075460 0.265445 -0.403370 0.128632 -0.309465 -0.158396 0.928760
1305031468.959594 -0.077320 0.263417 -0.402042 0.122627 -0.304336 -0.155251 0.931794
1305031468.995711 -0.082203 0.274929 -0.400493 0.112994 -0.300350 -0.159546 0.933578
1305031469.027699 -0.087488 0.260051 -0.394227 0.092629 -0.298235 -0.167972 0.935019
1305031469.059832 -0.099815 0.244752 -0.393360 0.077377 -0.295343 -0.176848 0.935687
1305031469.095723 -0.100874 0.241574 -0.380485 0.068101 -0.295862 -0.188227 0.934023
1305031469.127679 -0.101346 0.230331 -0.366588 0.055677 -0.291303 -0.200149 0.933800
1305031469.159703 -0.106478 0.222283 -0.355291 0.045658 -0.283072 -0.208316 0.935088
1305031469.195540 -0.112481 0.212737 -0.345226 0.037337 -0.274479 -0.214193 0.936690
1305031469.227754 -0.126134 0.207806 -0.341938 0.032012 -0.265771 -0.217684 0.938592
1305031469.259586 -0.129982 0.206387 -0.330348 0.027588 -0.263649 -0.221760 0.938377
1305031469.296754 -0.134850 0.203299 -0.318479 0.022526 -0.259428 -0.224601 0.939012
1305031469.327618 -0.139990 0.207329 -0.308682 0.018476 -0.256068 -0.226002 0.939687
1305031469.359592 -0.138210 0.202420 -0.291924 0.010908 -0.253717 -0.231423 0.939123
1305031469.395695 -0.138177 0.194280 -0.276361 0.007422 -0.244984 -0.237499 0.939959
1305031469.427651 -0.139557 0.199816 -0.264004 0.009676 -0.234431 -0.243375 0.941125
1305031469.459668 -0.151256 0.206814 -0.252917 0.010091 -0.222655 -0.250767 0.942040
1305031469.495744 -0.167773 0.213493 -0.245102 0.009287 -0.213819 -0.254724 0.943033
1305031469.527622 -0.172727 0.224705 -0.233822 0.007367 -0.213717 -0.254765 0.943062
1305031469.559645 -0.176035 0.233451 -0.219458 0.001917 -0.215033 -0.255484 0.942595
1305031469.595755 -0.178971 0.244588 -0.205292 -0.004763 -0.216026 -0.254872 0.942523
1305031469.627752 -0.182589 0.251336 -0.190664 -0.014341 -0.215405 -0.255770 0.942325
1305031469.659590 -0.192995 0.255551 -0.178334 -0.021471 -0.210497 -0.257443 0.942843
1305031469.695613 -0.196163 0.266733 -0.166021 -0.025363 -0.207630 -0.256116 0.943743
1305031469.727679 -0.203813 0.274908 -0.154813 -0.031814 -0.202604 -0.255527 0.944799
1305031469.759599 -0.212687 0.286868 -0.146598 -0.038167 -0.196977 -0.253177 0.946385
1305031469.795621 -0.228044 0.298115 -0.138550 -0.045929 -0.192365 -0.252391 0.947199
1305031469.827526 -0.235624 0.309183 -0.131101 -0.052005 -0.193550 -0.250256 0.947210
1305031469.859574 -0.247982 0.323893 -0.123590 -0.058710 -0.193329 -0.248613 0.947296
1305031469.895755 -0.259976 0.337761 -0.116493 -0.064221 -0.193486 -0.246374 0.947491
1305031469.927854 -0.275540 0.349108 -0.110394 -0.070403 -0.193144 -0.244643 0.947570
1305031469.959805 -0.288615 0.361495 -0.106160 -0.073578 -0.195097 -0.242936 0.947368
1305031469.995551 -0.301046 0.377272 -0.103520 -0.074636 -0.195756 -0.240872 0.947676
1305031470.027694 -0.313283 0.390196 -0.102706 -0.077539 -0.197084 -0.240607 0.947235
1305031470.059638 -0.327515 0.406951 -0.101596 -0.078590 -0.196360 -0.239813 0.947500
1305031470.095944 -0.340283 0.419784 -0.102687 -0.080375 -0.195229 -0.238298 0.947966
1305031470.127633 -0.353111 0.436443 -0.104854 -0.082829 -0.194079 -0.235644 0.948654
1305031470.159626 -0.368627 0.447236 -0.104750 -0.088716 -0.194120 -0.233333 0.948685
1305031470.196092 -0.381318 0.458311 -0.108910 -0.091505 -0.194816 -0.230737 0.948912
1305031470.227618 -0.393805 0.472526 -0.113426 -0.094191 -0.194004 -0.227178 0.949674
1305031470.259965 -0.406851 0.484049 -0.116960 -0.099045 -0.193135 -0.224625 0.949964
1305031470.295718 -0.419743 0.497113 -0.121326 -0.103595 -0.191326 -0.222369 0.950376
1305031470.327644 -0.433794 0.508655 -0.122791 -0.110881 -0.190951 -0.219130 0.950382
1305031470.359624 -0.448661 0.518451 -0.126029 -0.117870 -0.191444 -0.214740 0.950443
1305031470.395823 -0.461644 0.526703 -0.128343 -0.123809 -0.193716 -0.211127 0.950037
1305031470.427641 -0.474698 0.532874 -0.130874 -0.127613 -0.196675 -0.212242 0.948676
1305031470.459721 -0.488374 0.544144 -0.134092 -0.125183 -0.198198 -0.211599 0.948827
1305031470.495686 -0.500461 0.548300 -0.139794 -0.126540 -0.199923 -0.210593 0.948509
1305031470.527689 -0.509819 0.556837 -0.143281 -0.124685 -0.202636 -0.209929 0.948326
1305031470.559677 -0.521425 0.566394 -0.146546 -0.123742 -0.202064 -0.209043 0.948767
1305031470.595760 -0.530643 0.567509 -0.150105 -0.127746 -0.203267 -0.207125 0.948400
1305031470.627729 -0.541728 0.573742 -0.152960 -0.130389 -0.202452 -0.202891 0.949130
1305031470.659690 -0.552103 0.577429 -0.155748 -0.133291 -0.202581 -0.199396 0.949440
1305031470.695630 -0.562195 0.581050 -0.157507 -0.137421 -0.203897 -0.196451 0.949183
1305031470.727654 -0.572041 0.582205 -0.156792 -0.139853 -0.206252 -0.194028 0.948817
1305031470.759682 -0.575662 0.582992 -0.161180 -0.141751 -0.206072 -0.190631 0.949263
1305031470.795615 -0.585754 0.584208 -0.160801 -0.147029 -0.201773 -0.186884 0.950129
1305031470.827831 -0.598781 0.582164 -0.164034 -0.147552 -0.198572 -0.184856 0.951118
1305031470.859645 -0.608516 0.582741 -0.167239 -0.143917 -0.198481 -0.180482 0.952533
1305031470.895722 -0.617893 0.584650 -0.171866 -0.140082 -0.198656 -0.174958 0.954098
1305031470.927684 -0.628444 0.590310 -0.172514 -0.132216 -0.200615 -0.172072 0.955334
1305031470.959647 -0.634679 0.590727 -0.175011 -0.121523 -0.206326 -0.168526 0.956170
1305031470.995996 -0.638811 0.591911 -0.177778 -0.111866 -0.209769 -0.165483 0.957130
1305031471.027644 -0.646126 0.589968 -0.179792 -0.103754 -0.209308 -0.161340 0.958851
1305031471.059636 -0.642841 0.591592 -0.183065 -0.091139 -0.214290 -0.154171 0.960211
1305031471.095777 -0.673148 0.578066 -0.193402 -0.096193 -0.195865 -0.150975 0.964153
1305031471.127663 -0.680435 0.575517 -0.196746 -0.091661 -0.196169 -0.144046 0.965591
1305031471.159649 -0.685818 0.577374 -0.200031 -0.084409 -0.195648 -0.137048 0.967375
1305031471.195703 -0.691947 0.578310 -0.203128 -0.081610 -0.192128 -0.130610 0.969210
1305031471.227569 -0.698898 0.577120 -0.206330 -0.082555 -0.188359 -0.124819 0.970632
1305031471.259722 -0.706353 0.574622 -0.207665 -0.084347 -0.185706 -0.122268 0.971313
1305031471.296068 -0.711558 0.572092 -0.208076 -0.084190 -0.183997 -0.117937 0.972187
1305031471.327642 -0.712902 0.570148 -0.210776 -0.081249 -0.181587 -0.114192 0.973337
1305031471.359615 -0.716152 0.568467 -0.215992 -0.081980 -0.173261 -0.111321 0.975124
1305031471.395730 -0.724802 0.565979 -0.216050 -0.082004 -0.164454 -0.107296 0.977097
1305031471.427704 -0.731977 0.566186 -0.220773 -0.078073 -0.160179 -0.099788 0.978923
1305031471.459647 -0.736495 0.567238 -0.225001 -0.076972 -0.159682 -0.094585 0.979607
1305031471.496491 -0.740322 0.566018 -0.227147 -0.078739 -0.159087 -0.090453 0.979954
1305031471.527624 -0.744646 0.565054 -0.230416 -0.079529 -0.157810 -0.085900 0.980506
1305031471.559671 -0.745630 0.564640 -0.233866 -0.080113 -0.156998 -0.083620 0.980786
1305031471.595702 -0.747145 0.563804 -0.236534 -0.080570 -0.153066 -0.081554 0.981544
1305031471.627621 -0.749260 0.565331 -0.238696 -0.078819 -0.148480 -0.079930 0.982524
1305031471.659642 -0.750831 0.563903 -0.241356 -0.078149 -0.143699 -0.076781 0.983539
1305031471.695609 -0.754321 0.565198 -0.246861 -0.076043 -0.137949 -0.071751 0.984906
1305031471.727501 -0.756399 0.567324 -0.250168 -0.076526 -0.133651 -0.067326 0.985773
1305031471.759702 -0.755419 0.566202 -0.250147 -0.078901 -0.130514 -0.061051 0.986414
1305031471.795801 -0.756662 0.569301 -0.254187 -0.077461 -0.123229 -0.052878 0.987936
1305031471.827639 -0.760788 0.574303 -0.257908 -0.079745 -0.116324 -0.046130 0.988929
1305031471.859665 -0.763032 0.573984 -0.257494 -0.085115 -0.112801 -0.040474 0.989138
1305031471.895604 -0.764763 0.579212 -0.259681 -0.087059 -0.108529 -0.033376 0.989711
1305031471.927651 -0.763972 0.583903 -0.258082 -0.091312 -0.105939 -0.029635 0.989728
1305031471.959643 -0.763938 0.582934 -0.255103 -0.093926 -0.101285 -0.029219 0.989983
1305031471.995573 -0.771004 0.587853 -0.262132 -0.093082 -0.089772 -0.024486 0.991301
1305031472.027638 -0.776188 0.595637 -0.261725 -0.097291 -0.083122 -0.022057 0.991533
1305031472.059668 -0.781750 0.593260 -0.259598 -0.102120 -0.077508 -0.020088 0.991545
1305031472.095601 -0.785572 0.599321 -0.262778 -0.099659 -0.072280 -0.014033 0.992294
1305031472.127594 -0.792650 0.604404 -0.263409 -0.103931 -0.067874 -0.010624 0.992209
1305031472.159645 -0.796271 0.599101 -0.259054 -0.110785 -0.067704 -0.010547 0.991480
1305031472.195682 -0.799029 0.597447 -0.259789 -0.108532 -0.066921 -0.005664 0.991822
1305031472.227626 -0.800877 0.600295 -0.261322 -0.105194 -0.066263 -0.002218 0.992239
1305031472.263840 -0.804517 0.594161 -0.259509 -0.106535 -0.063429 -0.001467 0.992283
1305031472.295671 -0.805915 0.591764 -0.261428 -0.100846 -0.061262 0.001150 0.993013
1305031472.327678 -0.806668 0.596866 -0.265186 -0.092347 -0.060526 0.002528 0.993882
1305031472.363577 -0.808868 0.598464 -0.266632 -0.090937 -0.059871 0.003742 0.994048
1305031472.395599 -0.811661 0.592810 -0.266342 -0.093914 -0.060443 0.004939 0.993732
1305031472.427686 -0.811106 0.589812 -0.265814 -0.092640 -0.064221 0.005622 0.993611
1305031472.463603 -0.808810 0.588196 -0.265709 -0.090634 -0.066703 0.005087 0.993635
1305031472.495626 -0.806511 0.587347 -0.265960 -0.090126 -0.066192 0.004565 0.993718
1305031472.527625 -0.808294 0.579225 -0.265370 -0.093393 -0.062720 0.004813 0.993640
1305031472.563587 -0.808489 0.573080 -0.265232 -0.090371 -0.062704 0.006564 0.993911
1305031472.595675 -0.805979 0.575835 -0.267183 -0.083532 -0.064692 0.009685 0.994356
1305031472.627701 -0.803738 0.572768 -0.266415 -0.084234 -0.066171 0.011528 0.994180
1305031472.663575 -0.801474 0.568042 -0.264872 -0.084936 -0.067295 0.012978 0.994027
1305031472.695755 -0.799998 0.564670 -0.263737 -0.083600 -0.068077 0.014392 0.994067
1305031472.727628 -0.797765 0.560677 -0.262636 -0.082032 -0.069356 0.014349 0.994110
1305031472.763578 -0.794876 0.558355 -0.261942 -0.080050 -0.070154 0.013099 0.994233
1305031472.795640 -0.794154 0.554656 -0.260243 -0.078978 -0.068916 0.011557 0.994424
1305031472.827627 -0.794030 0.552494 -0.258994 -0.076516 -0.067695 0.011636 0.994700
1305031472.863598 -0.794408 0.552037 -0.257992 -0.073924 -0.067372 0.012946 0.994901
1305031472.895713 -0.794599 0.551599 -0.257316 -0.073601 -0.068401 0.015194 0.994823
1305031472.927685 -0.792164 0.548466 -0.255357 -0.075369 -0.070762 0.016745 0.994501
1305031472.963756 -0.792060 0.548634 -0.254546 -0.074362 -0.070365 0.017909 0.994584
1305031472.995704 -0.793150 0.548013 -0.253170 -0.075397 -0.070585 0.018934 0.994472
1305031473.027638 -0.792409 0.547064 -0.252794 -0.076306 -0.072502 0.018852 0.994266
1305031473.063684 -0.791743 0.545377 -0.251451 -0.077615 -0.073319 0.017563 0.994129
1305031473.095695 -0.791063 0.544857 -0.251223 -0.076950 -0.072712 0.015621 0.994257
1305031473.127744 -0.792606 0.544534 -0.250090 -0.076874 -0.070824 0.014198 0.994421
1305031473.167060 -0.794172 0.543521 -0.250018 -0.076117 -0.070549 0.014002 0.994501
1305031473.196069 -0.792820 0.542438 -0.250218 -0.075363 -0.071979 0.013890 0.994458
