# timestamp tx ty tz qx qy qz qw
1341836537.823375 0.000000 0.000000 0.000000 0.000000 0.000000 0.000000 1.000000
1341836537.855421 0.000967 0.000840 -0.000655 -0.000692 0.000258 -0.002534 0.999997
1341836537.887593 0.004426 -0.005328 -0.002641 -0.001745 0.001421 -0.005368 0.999983
1341836537.923463 0.001364 -0.004935 -0.005059 0.000246 0.004629 -0.004448 0.999979
1341836537.955620 -0.006972 -0.002020 -0.006837 0.001692 0.008601 -0.000548 0.999961
1341836537.987525 -0.006435 -0.001119 -0.007796 0.001653 0.010264 -0.000556 0.999946
1341836538.023300 -0.006142 0.000180 -0.008565 0.001970 0.013456 -0.003032 0.999903
1341836538.055509 -0.012053 -0.001213 -0.010963 0.001913 0.016252 -0.003946 0.999858
1341836538.087628 -0.009136 0.001925 -0.011725 0.003161 0.013113 -0.004690 0.999898
1341836538.123334 -0.015348 0.001290 -0.012333 0.002514 0.013595 -0.007732 0.999875
1341836538.155344 -0.018499 -0.000525 -0.014069 0.002658 0.015370 -0.009685 0.999831
1341836538.191519 -0.022732 0.000607 -0.015628 0.003633 0.015403 -0.007700 0.999845
1341836538.223356 -0.025956 0.002212 -0.016430 0.003671 0.015357 -0.006285 0.999856
1341836538.255568 -0.025225 -0.001479 -0.016955 0.003947 0.015706 -0.006363 0.999849
1341836538.291700 -0.030221 0.001024 -0.018140 0.005105 0.016679 -0.005258 0.999834
1341836538.323323 -0.035086 0.002098 -0.019331 0.005342 0.017089 -0.003480 0.999834
1341836538.355402 -0.043049 0.002297 -0.021324 0.006816 0.018915 -0.001695 0.999796
1341836538.391298 -0.052288 0.006960 -0.022773 0.008292 0.020823 0.000006 0.999749
1341836538.423501 -0.056446 0.008991 -0.023786 0.007693 0.022393 0.001785 0.999718
1341836538.456232 -0.058285 0.010909 -0.024114 0.007430 0.022518 0.004262 0.999710
1341836538.491425 -0.062676 0.012157 -0.024485 0.007139 0.022689 0.005602 0.999701
1341836538.523417 -0.064689 0.011152 -0.025111 0.006768 0.023376 0.005805 0.999687
1341836538.556411 -0.069004 0.012332 -0.025386 0.006876 0.023634 0.006297 0.999677
1341836538.591453 -0.080708 0.010432 -0.026579 0.006886 0.023860 0.006310 0.999672
1341836538.623386 -0.085127 0.009769 -0.026960 0.007421 0.025396 0.006563 0.999628
1341836538.659232 -0.093634 0.012832 -0.027307 0.007648 0.027714 0.009353 0.999543
1341836538.691411 -0.096096 0.014681 -0.027054 0.007630 0.027794 0.011752 0.999515
1341836538.723365 -0.096822 0.013684 -0.026632 0.006717 0.029368 0.015528 0.999425
1341836538.759383 -0.107288 0.014387 -0.026523 0.006002 0.033921 0.019451 0.999217
1341836538.791663 -0.113157 0.015854 -0.026608 0.006831 0.034692 0.022052 0.999131
1341836538.824233 -0.126489 0.019728 -0.025501 0.007401 0.036346 0.023034 0.999046
1341836538.859625 -0.127507 0.021496 -0.024900 0.006582 0.037102 0.024377 0.998992
1341836538.891338 -0.132085 0.021798 -0.023759 0.006596 0.037535 0.026910 0.998911
1341836538.924362 -0.150093 0.023616 -0.023101 0.007525 0.036126 0.027387 0.998944
1341836538.959281 -0.155087 0.018864 -0.021247 0.006843 0.036901 0.025148 0.998979
1341836538.992295 -0.148922 0.015441 -0.017545 0.006367 0.041093 0.027182 0.998765
1341836539.028701 -0.164240 0.018721 -0.016734 0.008951 0.045180 0.032139 0.998422
1341836539.059493 -0.166789 0.016356 -0.014854 0.009999 0.045659 0.033260 0.998353
1341836539.092314 -0.174582 0.017058 -0.010747 0.012029 0.049647 0.031201 0.998207
1341836539.127236 -0.183878 0.018703 -0.007895 0.014169 0.051771 0.030783 0.998084
1341836539.159608 -0.189203 0.020685 -0.003325 0.015001 0.049425 0.029876 0.998218
1341836539.195388 -0.199332 0.019259 0.000297 0.013324 0.048856 0.026008 0.998378
1341836539.227456 -0.204907 0.017573 0.002832 0.011032 0.050460 0.022671 0.998408
1341836539.260399 -0.213259 0.016942 0.005159 0.008965 0.052989 0.024513 0.998254
1341836539.295519 -0.220104 0.018824 0.006602 0.008544 0.052605 0.026035 0.998239
1341836539.327434 -0.230153 0.014531 0.008771 0.007156 0.053620 0.023995 0.998247
1341836539.363371 -0.233088 0.012051 0.009736 0.006691 0.054515 0.022521 0.998237
1341836539.395523 -0.243861 0.014243 0.012954 0.006166 0.055987 0.024418 0.998114
1341836539.427397 -0.253430 0.014975 0.015531 0.005898 0.056338 0.023543 0.998117
1341836539.463424 -0.256593 0.012392 0.017591 0.004609 0.057960 0.022389 0.998057
1341836539.495503 -0.265545 0.012705 0.018754 0.005215 0.061236 0.022336 0.997860
1341836539.531399 -0.272130 0.014567 0.020157 0.005493 0.061214 0.024071 0.997819
1341836539.563358 -0.277133 0.011592 0.021872 0.004423 0.062116 0.024674 0.997754
1341836539.628437 -0.282160 0.006886 0.023757 0.005263 0.064412 0.024603 0.997606
1341836539.692462 -0.292801 0.007876 0.026328 0.006744 0.065517 0.026052 0.997489
1341836539.728498 -0.296475 0.006344 0.027962 0.006077 0.066400 0.023445 0.997499
1341836539.760370 -0.296854 0.005586 0.028393 0.005556 0.067209 0.021449 0.997493
1341836539.796542 -0.301195 0.004439 0.029359 0.004970 0.068345 0.021541 0.997417
1341836539.828612 -0.308511 0.004096 0.031206 0.004065 0.070055 0.021610 0.997301
1341836539.860428 -0.308933 0.005406 0.032837 0.004331 0.070902 0.020242 0.997269
1341836539.896538 -0.317670 0.003288 0.033372 0.004285 0.073597 0.019138 0.997095
1341836539.928277 -0.323781 0.005355 0.034794 0.005222 0.075153 0.019193 0.996974
1341836539.967421 -0.326260 0.005460 0.035967 0.005787 0.075161 0.021377 0.996925
1341836540.028550 -0.332785 0.003981 0.037962 0.005543 0.075665 0.022861 0.996856
1341836540.064319 -0.338423 0.005924 0.040570 0.005631 0.076349 0.022933 0.996801
1341836540.096659 -0.346305 0.006832 0.043692 0.004653 0.077471 0.024295 0.996688
1341836540.128316 -0.350518 0.009318 0.046099 0.004897 0.077529 0.025371 0.996655
1341836540.164722 -0.357798 0.012472 0.048791 0.003864 0.077321 0.025383 0.996676
1341836540.196409 -0.361632 0.013938 0.050564 0.003277 0.077293 0.025649 0.996673
1341836540.232442 -0.368602 0.012441 0.054374 0.002239 0.079206 0.027700 0.996471
1341836540.264342 -0.374297 0.015412 0.057537 0.002253 0.079809 0.032832 0.996267
1341836540.296462 -0.379241 0.016097 0.060771 0.001384 0.080044 0.034411 0.996196
1341836540.332431 -0.383166 0.011455 0.063059 0.001926 0.080891 0.034288 0.996131
1341836540.364486 -0.386905 0.011020 0.065869 0.003961 0.080807 0.037012 0.996035
1341836540.396559 -0.395754 0.011793 0.068851 0.004621 0.080253 0.039496 0.995981
1341836540.432557 -0.399390 0.007955 0.071488 0.003895 0.078530 0.038779 0.996150
1341836540.464302 -0.400288 0.007679 0.073129 0.004973 0.076912 0.035800 0.996383
1341836540.500473 -0.403054 0.005888 0.074589 0.004349 0.074447 0.035270 0.996592
1341836540.532753 -0.406653 0.005312 0.076425 0.003349 0.072339 0.033628 0.996807
1341836540.564528 -0.409956 0.005051 0.077943 0.001654 0.072178 0.030602 0.996921
1341836540.600372 -0.413773 0.004184 0.078948 0.000028 0.073347 0.029384 0.996873
1341836540.632355 -0.415690 0.005385 0.079585 -0.000542 0.073440 0.029681 0.996858
1341836540.664373 -0.416441 0.006119 0.079664 -0.001314 0.073751 0.029510 0.996839
1341836540.700377 -0.417491 0.003687 0.080386 -0.002562 0.075540 0.026989 0.996774
1341836540.732431 -0.418601 0.004625 0.079971 -0.002524 0.075147 0.027867 0.996780
1341836540.768334 -0.422242 0.006627 0.080485 -0.002933 0.075194 0.027529 0.996785
1341836540.800341 -0.426672 0.005881 0.080416 -0.003850 0.075939 0.027317 0.996731
1341836540.832332 -0.427207 0.006065 0.079294 -0.003637 0.076345 0.028525 0.996667
1341836540.868402 -0.430902 0.008723 0.079382 -0.002852 0.075548 0.028426 0.996733
1341836540.900301 -0.438188 0.008566 0.080159 -0.003922 0.076153 0.024962 0.996776
1341836540.932326 -0.445557 0.009642 0.079807 -0.004823 0.077620 0.024410 0.996672
1341836540.968285 -0.447146 0.012982 0.079506 -0.004912 0.077839 0.025347 0.996632
1341836541.000321 -0.450594 0.012918 0.078887 -0.005479 0.078374 0.026955 0.996544
1341836541.036246 -0.464065 0.010800 0.076412 -0.003338 0.081277 0.027313 0.996312
1341836541.071359 -0.471952 0.011172 0.075248 -0.002330 0.082504 0.027154 0.996218
1341836541.103403 -0.478187 0.010576 0.073857 -0.001630 0.084705 0.028553 0.995996
1341836541.139243 -0.479428 0.013464 0.072448 -0.002116 0.085600 0.029901 0.995879
1341836541.171340 -0.485125 0.010988 0.069346 -0.003523 0.087896 0.028308 0.995721
1341836541.204384 -0.493500 0.013204 0.067227 -0.001873 0.090364 0.029931 0.995457
1341836541.239253 -0.501474 0.012733 0.065490 -0.002092 0.091100 0.031550 0.995340
1341836541.271362 -0.508064 0.013775 0.063526 -0.002899 0.092588 0.031484 0.995202
1341836541.304263 -0.511933 0.014103 0.061445 -0.003540 0.093840 0.030605 0.995110
1341836541.339433 -0.520591 0.016863 0.059608 -0.004180 0.095594 0.029753 0.994967
1341836541.371310 -0.527567 0.015472 0.057256 -0.005899 0.097829 0.030285 0.994725
1341836541.407187 -0.534121 0.017498 0.054696 -0.007126 0.099971 0.030782 0.994489
1341836541.439348 -0.541938 0.017402 0.051581 -0.007583 0.101288 0.029750 0.994383
1341836541.472293 -0.548454 0.017543 0.050306 -0.008025 0.102321 0.028798 0.994302
1341836541.536336 -0.558065 0.018585 0.047866 -0.008902 0.104563 0.029174 0.994050
1341836541.572445 -0.566844 0.018688 0.044848 -0.009479 0.107182 0.030097 0.993739
1341836541.604378 -0.573680 0.019243 0.042753 -0.010557 0.109288 0.030933 0.993473
1341836541.636347 -0.581603 0.022122 0.041028 -0.010611 0.111349 0.031495 0.993225
1341836541.707556 -0.597088 0.025179 0.037360 -0.010910 0.115603 0.033722 0.992663
1341836541.772337 -0.614231 0.026914 0.033999 -0.013547 0.119877 0.035896 0.992047
1341836541.804378 -0.624037 0.026867 0.033554 -0.013947 0.120163 0.036947 0.991968
1341836541.840291 -0.630029 0.024820 0.029668 -0.014669 0.119630 0.034837 0.992099
1341836541.872463 -0.639506 0.024719 0.028028 -0.016428 0.120382 0.033071 0.992041
1341836541.904436 -0.649468 0.025733 0.025670 -0.016334 0.122585 0.030831 0.991845
1341836541.940356 -0.658458 0.021555 0.023722 -0.014217 0.124794 0.030618 0.991608
1341836541.972296 -0.665712 0.021071 0.021596 -0.011098 0.126135 0.030850 0.991471
1341836542.008370 -0.674382 0.022230 0.020621 -0.008835 0.127480 0.032029 0.991284
1341836542.040580 -0.683044 0.023741 0.019680 -0.007478 0.127801 0.033721 0.991198
1341836542.108713 -0.702744 0.021789 0.018582 -0.004373 0.130149 0.031915 0.990971
1341836542.140542 -0.709688 0.022221 0.017643 -0.002684 0.129869 0.033100 0.990975
1341836542.172392 -0.718774 0.021309 0.017414 -0.001770 0.129859 0.033780 0.990955
1341836542.208374 -0.726410 0.019318 0.018484 -0.001341 0.130276 0.033913 0.990897
1341836542.276490 -0.746142 0.019663 0.018280 -0.000158 0.131503 0.035552 0.990678
1341836542.308326 -0.747215 0.020681 0.016681 0.000987 0.130407 0.035627 0.990820
1341836542.340362 -0.757173 0.017696 0.016878 0.000946 0.131660 0.034527 0.990693
1341836542.376345 -0.761341 0.016564 0.017153 0.000564 0.132232 0.033703 0.990645
1341836542.408921 -0.768689 0.015043 0.015503 0.001317 0.136191 0.032608 0.990145
1341836542.444516 -0.777204 0.015786 0.017029 0.002973 0.139213 0.032921 0.989711
1341836542.476425 -0.783257 0.017058 0.018326 0.001907 0.139186 0.033887 0.989684
1341836542.508460 -0.791329 0.016060 0.019225 -0.000682 0.140766 0.031673 0.989536
1341836542.544563 -0.792754 0.019282 0.019304 -0.000854 0.141185 0.031401 0.989485
1341836542.576562 -0.798223 0.020542 0.020321 -0.001336 0.141381 0.032313 0.989427
1341836542.608657 -0.804952 0.016237 0.021179 -0.002816 0.143348 0.033278 0.989109
1341836542.644314 -0.812510 0.015864 0.023074 -0.002363 0.146515 0.036727 0.988524
1341836542.676494 -0.820550 0.017983 0.025884 -0.000446 0.146623 0.039007 0.988423
1341836542.712387 -0.830282 0.017284 0.029386 -0.001052 0.146204 0.037617 0.988538
1341836542.744408 -0.835595 0.017920 0.031732 -0.000809 0.145710 0.037458 0.988618
1341836542.776383 -0.842241 0.016435 0.034981 -0.001169 0.144659 0.037791 0.988759
1341836542.812247 -0.847057 0.015312 0.037577 -0.001684 0.143194 0.037585 0.988979
1341836542.844426 -0.849689 0.013976 0.039160 -0.001009 0.144187 0.039569 0.988759
1341836542.876340 -0.853119 0.014288 0.040889 -0.000335 0.143979 0.042648 0.988661
1341836542.912372 -0.858952 0.013317 0.044212 -0.000403 0.142949 0.042779 0.988805
1341836542.944447 -0.862536 0.013827 0.047077 -0.000272 0.142047 0.041908 0.988972
1341836542.980341 -0.868107 0.013889 0.049922 0.000075 0.141406 0.042346 0.989046
1341836543.012422 -0.875059 0.012172 0.052827 -0.000647 0.141341 0.041777 0.989079
1341836543.044312 -0.888028 0.011864 0.058507 -0.001865 0.144450 0.042410 0.988601
1341836543.080484 -0.890453 0.014855 0.059548 -0.001954 0.144493 0.044024 0.988524
1341836543.112482 -0.898444 0.012169 0.063012 -0.004211 0.145861 0.045358 0.988256
1341836543.151803 -0.913408 0.017477 0.068896 -0.003921 0.148775 0.045192 0.987830
1341836543.212330 -0.922084 0.014673 0.071155 -0.005652 0.150589 0.045956 0.987512
1341836543.248396 -0.922183 0.015312 0.070534 -0.005538 0.151572 0.048309 0.987250
1341836543.280522 -0.934297 0.013750 0.073868 -0.006134 0.154656 0.052241 0.986567
1341836543.312360 -0.941666 0.013003 0.075650 -0.006748 0.154024 0.051221 0.986715
1341836543.348486 -0.948670 0.011228 0.077482 -0.008243 0.155094 0.046657 0.986763
1341836543.380347 -0.954045 0.012948 0.079719 -0.008569 0.156279 0.047792 0.986519
1341836543.416470 -0.965044 0.010485 0.083803 -0.008891 0.159745 0.052490 0.985722
1341836543.451421 -0.972468 0.009744 0.086086 -0.008169 0.160738 0.052997 0.985539
1341836543.483494 -0.978204 0.008295 0.088171 -0.007561 0.161497 0.050737 0.985539
1341836543.519290 -0.984517 0.008580 0.090990 -0.006999 0.163679 0.052938 0.985067
1341836543.551512 -0.988021 0.009052 0.092402 -0.007167 0.163729 0.053899 0.985006
1341836543.583524 -0.996465 0.007763 0.096616 -0.007781 0.166924 0.053257 0.984500
1341836543.619354 -1.001101 0.007913 0.098425 -0.008438 0.169744 0.055458 0.983890
1341836543.652624 -1.005526 0.009103 0.100169 -0.008408 0.169268 0.055863 0.983950
1341836543.684407 -1.012238 0.006843 0.103391 -0.009696 0.171105 0.054207 0.983713
1341836543.719296 -1.014926 0.008157 0.104212 -0.010311 0.173046 0.054995 0.983323
1341836543.751406 -1.021976 0.006969 0.108222 -0.010643 0.174495 0.057605 0.982914
1341836543.787380 -1.026783 0.006084 0.111362 -0.010255 0.174939 0.059052 0.982753
1341836543.819690 -1.031034 0.005161 0.114355 -0.010283 0.175976 0.058638 0.982593
1341836543.851349 -1.038296 0.005273 0.118376 -0.010179 0.177288 0.058959 0.982339
1341836543.887421 -1.045479 0.004738 0.121935 -0.009820 0.176620 0.060518 0.982368
1341836543.919383 -1.050739 0.003598 0.125170 -0.010601 0.175826 0.059419 0.982569
1341836543.952337 -1.053293 0.001470 0.126827 -0.011377 0.176567 0.058455 0.982485
1341836543.987350 -1.061088 0.000623 0.132022 -0.010887 0.178515 0.061492 0.981954
1341836544.019495 -1.065499 0.001656 0.135314 -0.010386 0.179160 0.063471 0.981715
1341836544.052246 -1.065780 0.001282 0.135379 -0.010983 0.180124 0.063109 0.981556
1341836544.087492 -1.075567 -0.000225 0.140070 -0.010053 0.183161 0.063813 0.980958
1341836544.119369 -1.079019 -0.000054 0.142774 -0.009409 0.182064 0.064855 0.981100
1341836544.155476 -1.083258 0.000443 0.145450 -0.010707 0.182484 0.061831 0.981204
1341836544.187341 -1.087765 0.000053 0.147234 -0.012316 0.185230 0.058978 0.980846
1341836544.220394 -1.090829 0.002301 0.148809 -0.011873 0.185150 0.060789 0.980756
1341836544.255287 -1.096718 0.001309 0.151403 -0.013075 0.184878 0.062530 0.980683
1341836544.287478 -1.097185 0.003595 0.151167 -0.014041 0.185731 0.061487 0.980574
1341836544.323292 -1.103843 0.000130 0.153495 -0.014916 0.188019 0.059319 0.980259
1341836544.355325 -1.105769 0.000566 0.154087 -0.014455 0.187080 0.059150 0.980456
1341836544.387392 -1.111001 -0.000682 0.156063 -0.014157 0.186249 0.058567 0.980653
1341836544.423303 -1.117373 -0.003657 0.158312 -0.013561 0.187454 0.056299 0.980565
1341836544.455424 -1.122098 -0.003059 0.160359 -0.012943 0.187322 0.055146 0.980664
1341836544.491390 -1.126485 -0.004974 0.162216 -0.013596 0.186029 0.052925 0.981024
1341836544.523560 -1.131343 -0.007062 0.164115 -0.013539 0.186211 0.052269 0.981025
1341836544.555305 -1.137609 -0.006577 0.167013 -0.013354 0.185777 0.050103 0.981223
1341836544.591370 -1.144070 -0.005490 0.169497 -0.014148 0.185384 0.045973 0.981488
1341836544.623377 -1.149550 -0.005655 0.171222 -0.015538 0.185368 0.042945 0.981607
1341836544.659348 -1.155965 -0.007441 0.173320 -0.015536 0.185226 0.041874 0.981681
1341836544.691325 -1.160024 -0.007071 0.174459 -0.015363 0.185814 0.043311 0.981510
1341836544.727518 -1.165444 -0.007107 0.175974 -0.015360 0.186178 0.044194 0.981401
1341836544.759494 -1.174408 -0.008665 0.178535 -0.015480 0.186588 0.043988 0.981331
1341836544.791668 -1.183683 -0.008138 0.181477 -0.014850 0.186330 0.042980 0.981434
1341836544.827466 -1.191534 -0.009856 0.183444 -0.015520 0.186131 0.042155 0.981498
1341836544.859305 -1.199117 -0.011404 0.186245 -0.015760 0.185885 0.040815 0.981597
1341836544.895467 -1.207022 -0.011963 0.188548 -0.015502 0.186159 0.038538 0.981641
1341836544.927304 -1.213542 -0.012136 0.189302 -0.015802 0.188123 0.038810 0.981251
1341836544.959325 -1.219890 -0.015233 0.189847 -0.015768 0.189599 0.041461 0.980859
1341836544.995539 -1.228153 -0.014367 0.191674 -0.013623 0.190646 0.043037 0.980620
1341836545.027344 -1.233391 -0.015666 0.192532 -0.014083 0.191713 0.043281 0.980395
1341836545.059375 -1.242633 -0.015205 0.194262 -0.014016 0.193330 0.042672 0.980105
1341836545.095388 -1.252985 -0.016436 0.196591 -0.014041 0.193790 0.045398 0.979892
1341836545.127468 -1.261438 -0.017957 0.197383 -0.014043 0.195620 0.046635 0.979470
1341836545.163386 -1.266003 -0.015112 0.197921 -0.013287 0.196726 0.049543 0.979116
1341836545.195497 -1.276098 -0.012879 0.200415 -0.013863 0.197175 0.051132 0.978936
1341836545.227397 -1.284472 -0.015129 0.201390 -0.015798 0.198765 0.047652 0.978761
1341836545.263290 -1.291143 -0.016236 0.202378 -0.016418 0.202131 0.046788 0.978102
1341836545.295536 -1.294938 -0.017059 0.203239 -0.015737 0.202849 0.050146 0.977799
1341836545.327474 -1.304772 -0.018372 0.206095 -0.014308 0.203877 0.051588 0.977532
1341836545.363462 -1.312421 -0.018707 0.206917 -0.014362 0.205783 0.052619 0.977076
1341836545.395566 -1.320700 -0.016073 0.208722 -0.014040 0.206377 0.056276 0.976752
1341836545.427508 -1.329247 -0.011098 0.210826 -0.015166 0.206985 0.059912 0.976390
1341836545.463411 -1.337336 -0.013016 0.210490 -0.019316 0.210793 0.061768 0.975386
1341836545.495417 -1.345096 -0.012970 0.209886 -0.021280 0.213772 0.064944 0.974490
1341836545.531468 -1.353704 -0.013834 0.209991 -0.021571 0.213792 0.066458 0.974377
1341836545.563294 -1.361667 -0.012072 0.211571 -0.021609 0.215231 0.067207 0.974008
1341836545.595508 -1.373547 -0.010034 0.213059 -0.022522 0.216996 0.068195 0.973527
1341836545.631269 -1.381249 -0.011873 0.211764 -0.022387 0.215468 0.069296 0.973792
1341836545.663475 -1.392310 -0.011189 0.213414 -0.022502 0.214974 0.069765 0.973865
1341836545.695896 -1.402155 -0.008312 0.215921 -0.024011 0.214980 0.068301 0.973931
1341836545.731477 -1.409926 -0.009968 0.213558 -0.026294 0.213682 0.065328 0.974362
1341836545.763607 -1.419414 -0.010411 0.214079 -0.027108 0.214032 0.064763 0.974300
1341836545.795383 -1.427083 -0.011621 0.213775 -0.027999 0.215295 0.066558 0.973876
1341836545.831377 -1.434280 -0.014243 0.213946 -0.028001 0.217502 0.066036 0.973421
1341836545.863348 -1.440885 -0.012553 0.213358 -0.026884 0.219085 0.064212 0.973219
1341836545.896341 -1.446498 -0.009901 0.212725 -0.026870 0.218912 0.062925 0.973343
1341836545.931585 -1.452466 -0.011762 0.211445 -0.028565 0.218865 0.059820 0.973501
1341836545.963501 -1.460096 -0.012186 0.211337 -0.028906 0.220195 0.057824 0.973311
1341836545.999215 -1.465865 -0.010781 0.212504 -0.029383 0.220947 0.058342 0.973096
1341836546.031467 -1.474851 -0.012507 0.211962 -0.030694 0.223177 0.058217 0.972554
1341836546.063373 -1.481158 -0.010651 0.210563 -0.030319 0.225902 0.058280 0.971932
1341836546.099306 -1.487032 -0.007793 0.209791 -0.030117 0.227583 0.059669 0.971462
1341836546.131834 -1.493066 -0.007055 0.208830 -0.030344 0.228986 0.061161 0.971032
1341836546.164355 -1.498306 -0.006729 0.209175 -0.029736 0.230745 0.062262 0.970565
1341836546.199264 -1.506144 -0.006989 0.209846 -0.029131 0.232542 0.062987 0.970107
1341836546.231493 -1.511802 -0.005677 0.209435 -0.027942 0.233819 0.064714 0.969722
1341836546.264287 -1.517014 -0.003208 0.209383 -0.026819 0.233578 0.065311 0.969771
1341836546.299427 -1.522945 -0.004987 0.210012 -0.027511 0.233194 0.063987 0.969933
1341836546.331292 -1.529006 -0.004829 0.210005 -0.027721 0.233364 0.061821 0.970026
1341836546.367416 -1.534533 -0.006663 0.212421 -0.027571 0.233487 0.060293 0.970097
1341836546.399555 -1.541175 -0.005321 0.214371 -0.027464 0.233368 0.058531 0.970237
1341836546.432297 -1.546377 -0.005408 0.212540 -0.028470 0.233026 0.056275 0.970423
1341836546.467482 -1.552389 -0.006363 0.213032 -0.028573 0.233696 0.053531 0.970414
1341836546.499225 -1.557425 -0.007116 0.214366 -0.028516 0.234907 0.053641 0.970118
1341836546.535507 -1.563286 -0.007210 0.216262 -0.028079 0.237998 0.056164 0.969234
1341836546.567385 -1.564605 -0.006865 0.216143 -0.027384 0.238895 0.058373 0.968903
1341836546.599295 -1.571574 -0.008233 0.219568 -0.027194 0.239217 0.056055 0.968965
1341836546.635406 -1.577621 -0.008046 0.221662 -0.027547 0.239729 0.051418 0.969086
1341836546.668046 -1.584184 -0.008548 0.223557 -0.027081 0.241031 0.051535 0.968770
1341836546.703485 -1.589262 -0.008020 0.225217 -0.025856 0.240957 0.052156 0.968788
1341836546.738692 -1.595164 -0.008551 0.227106 -0.025572 0.241467 0.049802 0.968793
1341836546.803475 -1.597285 -0.009702 0.228096 -0.025633 0.242091 0.048424 0.968705
1341836546.868495 -1.613628 -0.011078 0.236608 -0.024621 0.242839 0.048501 0.968541
1341836546.900379 -1.619745 -0.008847 0.239380 -0.024058 0.244313 0.047660 0.968226
1341836546.932517 -1.627618 -0.006624 0.242966 -0.022749 0.244868 0.050956 0.967949
1341836546.971295 -1.638315 -0.006161 0.248838 -0.022495 0.244374 0.052275 0.968010
1341836547.032580 -1.655959 -0.008415 0.256920 -0.026764 0.243743 0.050420 0.968159
1341836547.068622 -1.665027 -0.005465 0.261279 -0.026535 0.243908 0.052251 0.968026
1341836547.100577 -1.675422 -0.010317 0.265559 -0.028318 0.244827 0.052169 0.967748
1341836547.136348 -1.686018 -0.014381 0.269354 -0.029120 0.248899 0.052160 0.966685
1341836547.168609 -1.691743 -0.014328 0.270835 -0.029258 0.251897 0.056589 0.965655
1341836547.200315 -1.703157 -0.015236 0.275549 -0.030524 0.255706 0.060921 0.964350
1341836547.236411 -1.710084 -0.011267 0.277309 -0.029740 0.259113 0.064686 0.963219
1341836547.269507 -1.719933 -0.010332 0.280244 -0.028968 0.262335 0.067728 0.962161
1341836547.300389 -1.728970 -0.010642 0.284824 -0.029693 0.262474 0.066864 0.962162
1341836547.336435 -1.738117 -0.013282 0.288164 -0.031329 0.263142 0.066537 0.961950
1341836547.368600 -1.748963 -0.014075 0.290676 -0.032634 0.264273 0.066887 0.961572
1341836547.404507 -1.754108 -0.011116 0.292478 -0.032851 0.265015 0.068520 0.961245
1341836547.436484 -1.765438 -0.008930 0.296002 -0.032448 0.266793 0.069815 0.960674
1341836547.475394 -1.774687 -0.010103 0.299276 -0.032396 0.267567 0.068176 0.960578
1341836547.536533 -1.789710 -0.009484 0.303276 -0.031576 0.266182 0.067756 0.961020
1341836547.568431 -1.796925 -0.013378 0.307552 -0.031808 0.266414 0.067343 0.960977
1341836547.604254 -1.802593 -0.013919 0.310586 -0.031504 0.266865 0.067674 0.960839
1341836547.636420 -1.810645 -0.013488 0.314873 -0.031262 0.266024 0.067933 0.961062
1341836547.672322 -1.820946 -0.012608 0.319077 -0.030187 0.266003 0.066743 0.961185
1341836547.704389 -1.826472 -0.016105 0.322570 -0.030169 0.265945 0.066955 0.961187
1341836547.736516 -1.835239 -0.017150 0.327513 -0.029351 0.265884 0.069492 0.961049
1341836547.772413 -1.841967 -0.019632 0.330942 -0.029477 0.265610 0.070062 0.961080
1341836547.804409 -1.847623 -0.020122 0.333869 -0.029176 0.265302 0.070528 0.961140
1341836547.840336 -1.855531 -0.020146 0.338584 -0.028775 0.265077 0.069915 0.961259
1341836547.872370 -1.861721 -0.023154 0.342393 -0.028533 0.264988 0.071319 0.961187
1341836547.904524 -1.867352 -0.025023 0.344984 -0.028422 0.263949 0.072669 0.961375
1341836547.940212 -1.874428 -0.022779 0.349253 -0.026945 0.263362 0.072632 0.961582
1341836547.972282 -1.879650 -0.027111 0.352591 -0.027200 0.263138 0.072745 0.961627
1341836548.004382 -1.885813 -0.028670 0.356145 -0.027338 0.263116 0.073968 0.961536
1341836548.040419 -1.891345 -0.028334 0.359508 -0.027480 0.263506 0.075896 0.961275
1341836548.072298 -1.894452 -0.027243 0.361504 -0.026593 0.263056 0.076467 0.961378
1341836548.108439 -1.896946 -0.028825 0.363547 -0.026514 0.261808 0.076166 0.961745
1341836548.140411 -1.902431 -0.030427 0.367425 -0.026551 0.261276 0.074447 0.962023
1341836548.172332 -1.907408 -0.031921 0.370639 -0.026447 0.260984 0.074008 0.962139
1341836548.208477 -1.912026 -0.031796 0.373891 -0.026256 0.260271 0.073809 0.962352
1341836548.240362 -1.916105 -0.032810 0.377232 -0.026732 0.260042 0.071979 0.962540
1341836548.272973 -1.920631 -0.036116 0.380931 -0.027922 0.260307 0.070609 0.962536
1341836548.308412 -1.925005 -0.036936 0.384299 -0.028153 0.260820 0.070517 0.962397
1341836548.340462 -1.926811 -0.038665 0.387184 -0.028657 0.260530 0.070573 0.962456
1341836548.376493 -1.935254 -0.038247 0.393664 -0.028474 0.264048 0.072648 0.961348
1341836548.411379 -1.938596 -0.038833 0.395736 -0.027740 0.265150 0.075526 0.960844
1341836548.443599 -1.942682 -0.038418 0.399009 -0.027237 0.264699 0.075009 0.961023
1341836548.479367 -1.951948 -0.038403 0.405220 -0.027204 0.267638 0.074552 0.960246
1341836548.511578 -1.953829 -0.038828 0.406546 -0.026735 0.268075 0.076944 0.959948
1341836548.543463 -1.959437 -0.042557 0.410250 -0.026087 0.267999 0.076799 0.959999
1341836548.579379 -1.967129 -0.040194 0.414853 -0.024999 0.270203 0.076398 0.959442
1341836548.611299 -1.973490 -0.041013 0.417782 -0.025359 0.271149 0.077587 0.959070
1341836548.644283 -1.983123 -0.041965 0.421727 -0.024311 0.273263 0.078082 0.958457
1341836548.679357 -1.989896 -0.042579 0.424672 -0.023483 0.276671 0.080661 0.957285
1341836548.711385 -1.996482 -0.045227 0.425704 -0.023666 0.279555 0.083041 0.956239
1341836548.744381 -2.004395 -0.046259 0.427019 -0.022387 0.281585 0.083840 0.955604
1341836548.779339 -2.013452 -0.046988 0.429587 -0.022680 0.284336 0.084153 0.954755
1341836548.811351 -2.021105 -0.048550 0.431489 -0.022995 0.287477 0.086292 0.953615
1341836548.847326 -2.028690 -0.049695 0.432472 -0.021870 0.289304 0.089894 0.952756
1341836548.879497 -2.037759 -0.051479 0.434314 -0.021126 0.291832 0.089974 0.951994
1341836548.912408 -2.044775 -0.053059 0.435165 -0.020615 0.293650 0.089482 0.951492
1341836548.947401 -2.049569 -0.053705 0.437029 -0.020562 0.293585 0.090610 0.951407
1341836549.015475 -2.062021 -0.052477 0.439720 -0.020379 0.296407 0.089602 0.950631
1341836549.080349 -2.086543 -0.055338 0.443005 -0.020364 0.303964 0.093709 0.947845
1341836549.115351 -2.089865 -0.056732 0.442478 -0.021586 0.302714 0.093409 0.948247
1341836549.147492 -2.100664 -0.056717 0.444336 -0.022705 0.302775 0.088367 0.948685
1341836549.183418 -2.111168 -0.055634 0.447293 -0.022793 0.304613 0.089749 0.947965
1341836549.215378 -2.115399 -0.057692 0.446941 -0.023020 0.304274 0.093047 0.947750
1341836549.247531 -2.124294 -0.059376 0.449170 -0.023666 0.305882 0.091551 0.947362
1341836549.283330 -2.127085 -0.061784 0.450250 -0.024062 0.305700 0.089439 0.947612
1341836549.315584 -2.133165 -0.060293 0.450778 -0.023230 0.304082 0.089740 0.948125
1341836549.348171 -2.146179 -0.061853 0.454680 -0.024344 0.305207 0.088853 0.947819
1341836549.383316 -2.151248 -0.064429 0.454351 -0.025257 0.304538 0.085451 0.948323
1341836549.415365 -2.157274 -0.066505 0.455883 -0.025013 0.303595 0.083175 0.948834
1341836549.451370 -2.162155 -0.068769 0.458253 -0.024873 0.303381 0.082921 0.948928
1341836549.483381 -2.173136 -0.071087 0.460450 -0.024972 0.305429 0.082874 0.948273
1341836549.515395 -2.178493 -0.072547 0.460579 -0.024209 0.305724 0.082530 0.948228
1341836549.551462 -2.185415 -0.071599 0.462364 -0.022791 0.306590 0.080824 0.948130
1341836549.583462 -2.192534 -0.073365 0.464285 -0.022106 0.307379 0.081814 0.947806
1341836549.619282 -2.195544 -0.076432 0.465628 -0.022021 0.306947 0.082101 0.947923
1341836549.651473 -2.205646 -0.073660 0.467868 -0.020254 0.307992 0.081895 0.947641
1341836549.683367 -2.212566 -0.077864 0.469211 -0.020245 0.308744 0.082291 0.947362
1341836549.719230 -2.217239 -0.078879 0.469780 -0.018938 0.307795 0.081879 0.947734
1341836549.751414 -2.224735 -0.078423 0.473102 -0.017468 0.308343 0.081382 0.947627
1341836549.787507 -2.229851 -0.079575 0.476078 -0.017427 0.308027 0.081808 0.947694
1341836549.819340 -2.234984 -0.078849 0.477076 -0.017246 0.305994 0.080253 0.948488
1341836549.851680 -2.242148 -0.078985 0.480590 -0.017928 0.304902 0.078786 0.948950
1341836549.887374 -2.246079 -0.079802 0.481215 -0.018808 0.302966 0.078519 0.949575
1341836549.919465 -2.250946 -0.081025 0.482815 -0.018905 0.300691 0.078693 0.950282
1341836549.955410 -2.257293 -0.081668 0.485713 -0.018837 0.300470 0.077747 0.950431
1341836549.987370 -2.262002 -0.084326 0.488463 -0.019005 0.299758 0.076229 0.950775
1341836550.019353 -2.268559 -0.082081 0.492290 -0.018376 0.299123 0.075829 0.951019
1341836550.055341 -2.272613 -0.079700 0.495029 -0.018752 0.299236 0.077080 0.950876
1341836550.087353 -2.274990 -0.082713 0.496188 -0.020535 0.297591 0.076542 0.951399
1341836550.119416 -2.280855 -0.081866 0.500081 -0.020090 0.298016 0.075273 0.951376
1341836550.155369 -2.283907 -0.082143 0.502559 -0.020146 0.297379 0.075506 0.951556
1341836550.187297 -2.290154 -0.080425 0.506756 -0.019905 0.297237 0.076038 0.951563
1341836550.223427 -2.292656 -0.080141 0.509281 -0.019944 0.297915 0.077388 0.951241
1341836550.255383 -2.296439 -0.083526 0.512726 -0.020382 0.297989 0.078098 0.951151
1341836550.320516 -2.296964 -0.086188 0.515589 -0.020584 0.294848 0.077871 0.952143
1341836550.352459 -2.300715 -0.083151 0.520135 -0.019237 0.293036 0.075081 0.952955
1341836550.384560 -2.307786 -0.088556 0.526197 -0.020375 0.293557 0.074909 0.952784
1341836550.420444 -2.312940 -0.087042 0.530498 -0.019774 0.293966 0.076878 0.952514
1341836550.452358 -2.317965 -0.087222 0.536162 -0.019413 0.294797 0.079810 0.952023
1341836550.484436 -2.323077 -0.086828 0.542131 -0.019247 0.295824 0.080076 0.951686
1341836550.520427 -2.325795 -0.090581 0.546419 -0.020285 0.296021 0.081625 0.951471
1341836550.552434 -2.325603 -0.088832 0.550112 -0.019642 0.293779 0.082923 0.952067
1341836550.588509 -2.332024 -0.085963 0.556753 -0.018481 0.294445 0.082832 0.951892
1341836550.620438 -2.336182 -0.088072 0.560507 -0.018721 0.294942 0.083315 0.951692
1341836550.652656 -2.343870 -0.090948 0.567306 -0.019092 0.295395 0.085118 0.951384
1341836550.688439 -2.351218 -0.086582 0.574797 -0.017625 0.296685 0.086659 0.950872
1341836550.720423 -2.352651 -0.087816 0.577255 -0.017882 0.298282 0.088402 0.950207
1341836550.752434 -2.356946 -0.092146 0.581893 -0.018405 0.299345 0.090321 0.949682
1341836550.788573 -2.362369 -0.092396 0.585851 -0.017939 0.299287 0.090218 0.949719
1341836550.820368 -2.369769 -0.094707 0.591442 -0.018351 0.299275 0.089754 0.949759
1341836550.856414 -2.371718 -0.093757 0.594584 -0.018883 0.300648 0.089458 0.949343
1341836550.888343 -2.373551 -0.094507 0.597332 -0.019090 0.301920 0.089045 0.948973
1341836550.920432 -2.379399 -0.097398 0.601914 -0.019185 0.302096 0.088192 0.948995
1341836550.956331 -2.380209 -0.099299 0.603233 -0.019997 0.303111 0.087998 0.948673
1341836550.988524 -2.391796 -0.100798 0.610921 -0.019887 0.307424 0.089010 0.947192
1341836551.020555 -2.394052 -0.100103 0.612569 -0.019032 0.308495 0.090659 0.946705
1341836551.056360 -2.398957 -0.102845 0.615324 -0.018944 0.309948 0.090411 0.946255
1341836551.088410 -2.407884 -0.108523 0.620281 -0.020151 0.312362 0.090325 0.945444
1341836551.124405 -2.407924 -0.107555 0.620377 -0.019979 0.312894 0.091297 0.945179
1341836551.156413 -2.416453 -0.110223 0.624630 -0.019793 0.315107 0.092725 0.944308
1341836551.188336 -2.423455 -0.109970 0.627729 -0.019895 0.316623 0.090097 0.944053
1341836551.224358 -2.432018 -0.113357 0.632277 -0.020638 0.319621 0.091669 0.942875
1341836551.256305 -2.437078 -0.112917 0.634077 -0.019760 0.321210 0.094738 0.942050
1341836551.292276 -2.437867 -0.112148 0.634175 -0.019351 0.321544 0.095317 0.941886
1341836551.326846 -2.449940 -0.112939 0.640310 -0.019536 0.325880 0.095764 0.940345
1341836551.356394 -2.454259 -0.115574 0.641899 -0.019822 0.327120 0.097467 0.939734
1341836551.392345 -2.459752 -0.115305 0.643899 -0.019020 0.327825 0.098784 0.939367
1341836551.424392 -2.465727 -0.115093 0.646531 -0.018745 0.329448 0.098453 0.938840
1341836551.456321 -2.464969 -0.114782 0.645991 -0.018435 0.329984 0.098865 0.938614
1341836551.492455 -2.470953 -0.115623 0.649266 -0.016723 0.331115 0.100772 0.938045
1341836551.524730 -2.480262 -0.119413 0.654195 -0.015237 0.332950 0.101354 0.937358
1341836551.560490 -2.483444 -0.122937 0.655886 -0.014967 0.333971 0.100119 0.937132
1341836551.592523 -2.488010 -0.125908 0.658372 -0.014901 0.333686 0.100086 0.937238
1341836551.624484 -2.492735 -0.127694 0.661299 -0.015399 0.333560 0.100613 0.937218
1341836551.660534 -2.494674 -0.124054 0.662313 -0.015272 0.333697 0.101609 0.937064
1341836551.692452 -2.499111 -0.124955 0.664912 -0.016226 0.333507 0.100806 0.937202
1341836551.724354 -2.502079 -0.127327 0.666463 -0.017567 0.333233 0.098352 0.937536
1341836551.760297 -2.505858 -0.127617 0.668018 -0.018112 0.332705 0.098892 0.937656
1341836551.792285 -2.510295 -0.127371 0.670404 -0.019002 0.332990 0.098456 0.937584
1341836551.828378 -2.513917 -0.126161 0.673384 -0.019726 0.334614 0.098250 0.937012
1341836551.860476 -2.518005 -0.127384 0.675860 -0.020280 0.335414 0.098914 0.936644
1341836551.892485 -2.520900 -0.125783 0.678788 -0.019574 0.334922 0.098227 0.936907
1341836551.928290 -2.521292 -0.127529 0.679735 -0.019300 0.335059 0.097959 0.936892
1341836551.960486 -2.523373 -0.130303 0.681618 -0.019359 0.335442 0.097789 0.936772
1341836551.992344 -2.525896 -0.132226 0.683870 -0.018922 0.335561 0.099044 0.936606
1341836552.028600 -2.530695 -0.132919 0.688072 -0.018081 0.335432 0.099186 0.936654
1341836552.060303 -2.535278 -0.136320 0.691965 -0.018449 0.335484 0.098333 0.936718
1341836552.096567 -2.543374 -0.137101 0.698227 -0.018393 0.336200 0.099513 0.936338
1341836552.131524 -2.546362 -0.140532 0.700782 -0.018343 0.335993 0.099574 0.936407
1341836552.163502 -2.548258 -0.140035 0.702467 -0.018016 0.336493 0.098311 0.936367
1341836552.199321 -2.556084 -0.138527 0.706844 -0.017471 0.339472 0.099296 0.935197
1341836552.231433 -2.562405 -0.139779 0.711545 -0.017530 0.341417 0.100847 0.934322
1341836552.264218 -2.566679 -0.139296 0.714148 -0.017464 0.343130 0.101101 0.933668
1341836552.299306 -2.573587 -0.140219 0.718659 -0.017143 0.346965 0.102146 0.932141
1341836552.331302 -2.575394 -0.138596 0.719970 -0.016583 0.347310 0.104183 0.931797
1341836552.364350 -2.581861 -0.140804 0.724052 -0.019723 0.348253 0.103341 0.931478
1341836552.399343 -2.591291 -0.143321 0.728786 -0.021447 0.351513 0.101268 0.930443
1341836552.431418 -2.596045 -0.142053 0.731515 -0.019440 0.353045 0.103116 0.929703
1341836552.467415 -2.604163 -0.142576 0.737010 -0.018673 0.355234 0.107375 0.928402
1341836552.499249 -2.604896 -0.143910 0.737367 -0.018983 0.356904 0.108306 0.927647
1341836552.532418 -2.615534 -0.147684 0.744904 -0.019119 0.360328 0.108831 0.926258
1341836552.567368 -2.620390 -0.148617 0.747561 -0.017570 0.360412 0.110275 0.926085
1341836552.599391 -2.625545 -0.150841 0.750915 -0.017374 0.360378 0.111071 0.926007
1341836552.635473 -2.632106 -0.154108 0.754805 -0.017979 0.360323 0.108990 0.926264
1341836552.667375 -2.635019 -0.152718 0.756808 -0.017088 0.360427 0.108901 0.926251
1341836552.699343 -2.638696 -0.152979 0.759098 -0.015861 0.361185 0.113729 0.925397
1341836552.735425 -2.651919 -0.158151 0.766917 -0.015536 0.363402 0.114563 0.924431
1341836552.768247 -2.655997 -0.159570 0.768449 -0.015399 0.364310 0.112385 0.924343
1341836552.803477 -2.661438 -0.160716 0.770893 -0.014712 0.365954 0.113524 0.923566
1341836552.864617 -2.663703 -0.162207 0.772323 -0.013817 0.365889 0.114730 0.923456
1341836552.900505 -2.674782 -0.162754 0.776854 -0.012922 0.369162 0.113847 0.922275
1341836552.932361 -2.678731 -0.167636 0.778101 -0.013731 0.370845 0.115446 0.921389
1341836552.964441 -2.684486 -0.169273 0.779837 -0.014174 0.372025 0.117129 0.920694
1341836553.001338 -2.690018 -0.166427 0.781768 -0.013792 0.373343 0.116591 0.920234
1341836553.032376 -2.690618 -0.166855 0.781332 -0.014663 0.373527 0.115854 0.920239
1341836553.068569 -2.697613 -0.169509 0.785162 -0.015168 0.374307 0.115822 0.919918
1341836553.100441 -2.708661 -0.167775 0.789856 -0.013895 0.374900 0.114680 0.919840
1341836553.132383 -2.713411 -0.170552 0.791465 -0.014786 0.375679 0.114150 0.919574
1341836553.168938 -2.716846 -0.167902 0.793282 -0.014008 0.376378 0.114057 0.919312
1341836553.200403 -2.721588 -0.168822 0.795689 -0.013877 0.377331 0.113934 0.918938
1341836553.232423 -2.722262 -0.169210 0.795910 -0.014069 0.377509 0.113542 0.918911
1341836553.269564 -2.725013 -0.168687 0.797815 -0.013487 0.378289 0.113384 0.918618
1341836553.300359 -2.735825 -0.169626 0.804349 -0.012462 0.380753 0.113050 0.917655
1341836553.336411 -2.739678 -0.173890 0.805961 -0.012716 0.381347 0.113564 0.917342
1341836553.368474 -2.743782 -0.171318 0.808973 -0.010901 0.382346 0.114020 0.916893
1341836553.400445 -2.747514 -0.173400 0.811539 -0.010060 0.383114 0.115484 0.916398
1341836553.436421 -2.750274 -0.174862 0.813794 -0.009596 0.382792 0.115918 0.916483
1341836553.468477 -2.753794 -0.173965 0.815360 -0.009261 0.382431 0.114359 0.916833
1341836553.504461 -2.757234 -0.177025 0.818596 -0.010080 0.382787 0.114892 0.916609
1341836553.536341 -2.759683 -0.177513 0.817524 -0.009708 0.381713 0.116744 0.916827
1341836553.568459 -2.764786 -0.175949 0.821693 -0.007946 0.381287 0.117704 0.916899
1341836553.604432 -2.774641 -0.174017 0.828490 -0.006741 0.384833 0.117430 0.915461
1341836553.636456 -2.776135 -0.177952 0.830129 -0.006814 0.384776 0.117517 0.915473
1341836553.668714 -2.779749 -0.178009 0.830952 -0.006096 0.383336 0.115697 0.916313
1341836553.704420 -2.782906 -0.183055 0.834603 -0.007737 0.383785 0.115301 0.916163
1341836553.736432 -2.786690 -0.180499 0.840132 -0.006676 0.384609 0.116819 0.915634
1341836553.772413 -2.790734 -0.178123 0.842307 -0.005681 0.383243 0.116538 0.916249
1341836553.805308 -2.793714 -0.180092 0.845144 -0.004230 0.383135 0.115733 0.916403
1341836553.836430 -2.796674 -0.185296 0.850195 -0.002437 0.383878 0.117619 0.915859
1341836553.872431 -2.797522 -0.190876 0.852408 -0.000738 0.383848 0.119799 0.915592
1341836553.904605 -2.799058 -0.196171 0.855741 0.000336 0.383995 0.120362 0.915457
1341836553.936434 -2.801707 -0.197509 0.860868 0.001438 0.384228 0.117864 0.915683
1341836553.972533 -2.803713 -0.199741 0.864647 0.001957 0.382742 0.115065 0.916659
1341836554.004482 -2.802364 -0.198686 0.863495 0.003035 0.380734 0.110761 0.918022
1341836554.040423 -2.804156 -0.199747 0.864936 0.003724 0.382284 0.110110 0.917453
1341836554.075305 -2.809267 -0.202721 0.876721 0.005448 0.383412 0.112044 0.916740
1341836554.140435 -2.814361 -0.210831 0.882211 0.006249 0.382810 0.112475 0.916933
1341836554.172892 -2.817628 -0.212966 0.887134 0.006705 0.383072 0.112474 0.916821
1341836554.209182 -2.820282 -0.217295 0.891884 0.007980 0.381661 0.113438 0.917280
1341836554.243518 -2.817559 -0.211691 0.886968 0.009846 0.381929 0.112596 0.917254
1341836554.278265 -2.825029 -0.212323 0.900388 0.010049 0.385478 0.115015 0.915466
1341836554.343525 -2.823756 -0.214385 0.899692 0.011654 0.386048 0.119671 0.914609
1341836554.408617 -2.833478 -0.222810 0.914510 0.011217 0.389929 0.118755 0.913086
1341836554.476388 -2.844784 -0.224704 0.925433 0.008497 0.391757 0.114759 0.912844
1341836554.511752 -2.844522 -0.224735 0.925212 0.008009 0.392080 0.112715 0.912965
1341836554.545324 -2.853926 -0.221174 0.935564 0.008049 0.395817 0.113479 0.911255
1341836554.576365 -2.859054 -0.222624 0.937144 0.007160 0.400251 0.117123 0.908862
1341836554.611474 -2.863569 -0.224705 0.938483 0.006700 0.404008 0.119911 0.906837
1341836554.643517 -2.869783 -0.226958 0.943313 0.006189 0.407323 0.120058 0.905338
1341836554.679301 -2.869897 -0.225487 0.942762 0.005692 0.407979 0.120568 0.904977
1341836554.711387 -2.881065 -0.229054 0.952405 0.005946 0.412890 0.121523 0.902618
1341836554.744294 -2.885110 -0.228689 0.954988 0.006026 0.415919 0.123649 0.900936
1341836554.779243 -2.890999 -0.232840 0.961505 0.004264 0.418035 0.124391 0.899864
1341836554.811465 -2.894008 -0.233830 0.963053 0.003575 0.419369 0.122755 0.899471
1341836554.844421 -2.894184 -0.231939 0.962864 0.003849 0.419947 0.123730 0.899066
1341836554.879285 -2.898860 -0.235840 0.967334 0.003668 0.420902 0.126340 0.898257
1341836554.911347 -2.905193 -0.239640 0.972532 0.002881 0.421659 0.124546 0.898156
1341836554.947423 -2.913518 -0.239509 0.978348 0.003300 0.423459 0.123177 0.897496
1341836554.979379 -2.915733 -0.237132 0.979644 0.004136 0.424949 0.125606 0.896451
1341836555.012388 -2.920056 -0.240813 0.984786 0.004182 0.425739 0.128195 0.895709
1341836555.047398 -2.921265 -0.240051 0.985720 0.003408 0.425823 0.126717 0.895883
1341836555.079410 -2.922538 -0.243301 0.987043 0.002533 0.426308 0.125302 0.895854
1341836555.115333 -2.926875 -0.242764 0.990440 0.004133 0.427000 0.126396 0.895365
1341836555.147403 -2.934384 -0.244148 0.995969 0.005247 0.429241 0.128267 0.894020
1341836555.179327 -2.936828 -0.248346 0.999287 0.003824 0.430919 0.126748 0.893437
1341836555.215254 -2.939410 -0.248338 1.002686 0.003638 0.430671 0.124903 0.893817
1341836555.247478 -2.940832 -0.248335 1.003475 0.003523 0.430281 0.124588 0.894049
1341836555.283336 -2.942944 -0.246133 1.006177 0.004391 0.432627 0.125135 0.892836
1341836555.315509 -2.944540 -0.245613 1.008346 0.004428 0.432842 0.126695 0.892511
1341836555.347557 -2.945529 -0.244864 1.009314 0.004323 0.432815 0.126701 0.892524
1341836555.383389 -2.945200 -0.247032 1.009350 0.004260 0.432903 0.126633 0.892491
1341836555.415569 -2.946026 -0.248933 1.010591 0.004842 0.432817 0.127265 0.892440
1341836555.451666 -2.945588 -0.249766 1.010418 0.004627 0.432819 0.126285 0.892580
1341836555.483306 -2.948414 -0.249698 1.018124 0.004968 0.434982 0.127729 0.891320
1341836555.515620 -2.949986 -0.251742 1.022214 0.005200 0.435940 0.131534 0.890297
1341836555.551593 -2.949868 -0.253051 1.024090 0.005242 0.436622 0.131650 0.889945
1341836555.583395 -2.952976 -0.255984 1.030300 0.004290 0.439806 0.130945 0.888485
1341836555.619267 -2.954623 -0.258986 1.035457 0.004987 0.440214 0.131081 0.888259
1341836555.651764 -2.955462 -0.260346 1.037278 0.006204 0.440040 0.132205 0.888171
1341836555.683433 -2.952974 -0.260423 1.036273 0.007216 0.441156 0.132851 0.887513
1341836555.719341 -2.954312 -0.263233 1.041704 0.007714 0.443215 0.133406 0.886399
1341836555.751564 -2.955204 -0.263377 1.044490 0.008462 0.442739 0.134003 0.886540
1341836555.787315 -2.955235 -0.263292 1.045907 0.007776 0.443635 0.133304 0.886204
1341836555.819769 -2.961277 -0.262975 1.055380 0.007889 0.447781 0.134168 0.883985
1341836555.851679 -2.964159 -0.268483 1.062487 0.008352 0.448878 0.136722 0.883032
1341836555.887393 -2.962780 -0.269738 1.062239 0.009838 0.449737 0.137266 0.882495
1341836555.919578 -2.973501 -0.271162 1.080761 0.011392 0.455307 0.139494 0.879265
1341836555.955380 -2.979693 -0.276606 1.093303 0.012122 0.458880 0.141566 0.877064
1341836555.989240 -2.980948 -0.275762 1.096593 0.013551 0.461477 0.144304 0.875232
1341836556.019400 -2.993020 -0.282006 1.117604 0.013670 0.466939 0.146266 0.872002
1341836556.055601 -3.000514 -0.285390 1.130275 0.014077 0.471189 0.147092 0.869567
1341836556.087385 -3.005524 -0.285844 1.140034 0.013949 0.474308 0.148646 0.867607
1341836556.119395 -3.018708 -0.292123 1.159285 0.012980 0.481059 0.150926 0.863502
1341836556.155460 -3.025709 -0.293660 1.167393 0.014084 0.485438 0.153754 0.860530
1341836556.187386 -3.037907 -0.296147 1.185986 0.014540 0.490779 0.156796 0.856936
1341836556.219549 -3.049689 -0.303675 1.203046 0.012192 0.497381 0.158938 0.852762
1341836556.255513 -3.054980 -0.305585 1.208909 0.010095 0.499343 0.158303 0.851760
1341836556.287550 -3.059103 -0.304794 1.213650 0.008155 0.501682 0.156923 0.850661
1341836556.319460 -3.074079 -0.309244 1.232997 0.006810 0.508035 0.157914 0.846710
1341836556.355470 -3.074012 -0.309679 1.230841 0.006928 0.509141 0.159434 0.845759
1341836556.387408 -3.084681 -0.313877 1.244019 0.005229 0.512714 0.157471 0.843979
1341836556.423470 -3.092375 -0.314956 1.252153 0.002798 0.515963 0.155139 0.842440
1341836556.455541 -3.096777 -0.314983 1.257613 0.001645 0.516676 0.155186 0.841998
1341836556.487492 -3.097056 -0.313011 1.255741 0.001129 0.517232 0.155890 0.841528
1341836556.523491 -3.100569 -0.316831 1.260012 0.000026 0.518748 0.155528 0.840662
1341836556.555480 -3.105730 -0.317691 1.265052 0.000170 0.520259 0.155552 0.839723
1341836556.587472 -3.110681 -0.316970 1.267936 0.000156 0.521702 0.156297 0.838689
1341836556.623447 -3.113700 -0.315462 1.270173 -0.000626 0.522342 0.155676 0.838405
1341836556.655577 -3.117028 -0.314233 1.274373 -0.002249 0.522113 0.155605 0.838559
1341836556.688390 -3.116524 -0.314693 1.273101 -0.003327 0.520197 0.156679 0.839545
1341836556.723474 -3.116805 -0.316600 1.273489 -0.004239 0.518950 0.156591 0.840328
1341836556.755589 -3.111769 -0.314314 1.265757 -0.004544 0.516839 0.154421 0.842028
1341836556.791502 -3.106099 -0.309490 1.254063 -0.004691 0.515093 0.153227 0.843314
1341836556.823299 -3.105555 -0.308740 1.252972 -0.004723 0.514891 0.153300 0.843424
1341836556.855500 -3.105266 -0.309053 1.254186 -0.003823 0.515266 0.153875 0.843094
1341836556.891411 -3.103904 -0.308742 1.252636 -0.003147 0.514293 0.154095 0.843651
1341836556.923356 -3.101320 -0.309474 1.248976 -0.002937 0.513793 0.153004 0.844155
1341836556.956491 -3.100927 -0.310613 1.250412 -0.002038 0.514122 0.152369 0.844072
1341836556.991578 -3.097161 -0.311408 1.243629 -0.002140 0.513027 0.151170 0.844953
1341836557.023423 -3.096798 -0.310894 1.242833 -0.002260 0.512777 0.148908 0.845506
1341836557.056479 -3.097760 -0.313680 1.246491 -0.002760 0.513308 0.147415 0.845444
1341836557.091401 -3.096154 -0.314095 1.242769 -0.002466 0.512229 0.146292 0.846294
1341836557.123977 -3.095255 -0.312141 1.240448 -0.002627 0.512282 0.144389 0.846588
1341836557.159693 -3.098738 -0.315498 1.248744 -0.002592 0.513398 0.143226 0.846110
1341836557.191367 -3.097407 -0.315565 1.245615 -0.002418 0.512955 0.143310 0.846365
1341836557.224237 -3.096640 -0.315226 1.241872 -0.002228 0.512703 0.142378 0.846675
1341836557.259428 -3.103062 -0.316062 1.249798 -0.001685 0.514862 0.141253 0.845554
1341836557.291320 -3.105923 -0.319072 1.253488 -0.001228 0.515270 0.141896 0.845199
1341836557.327336 -3.104849 -0.318300 1.247714 -0.001415 0.514880 0.140800 0.845619
1341836557.359367 -3.108830 -0.320619 1.252120 -0.001339 0.515941 0.140674 0.844994
1341836557.391466 -3.110852 -0.321971 1.253184 -0.001546 0.515530 0.140894 0.845207
1341836557.427430 -3.108297 -0.318569 1.242521 -0.000784 0.514991 0.142567 0.845257
1341836557.459285 -3.109444 -0.319609 1.240288 0.000047 0.514984 0.144734 0.844893
1341836557.495372 -3.106842 -0.319519 1.230823 0.000182 0.512805 0.143545 0.846420
1341836557.527351 -3.105697 -0.312089 1.221761 0.001233 0.511671 0.142294 0.847315
1341836557.559823 -3.107337 -0.309501 1.221768 0.001332 0.510835 0.143645 0.847592
1341836557.595345 -3.105359 -0.309115 1.210348 0.000933 0.508872 0.143987 0.848714
1341836557.627527 -3.105252 -0.306406 1.205382 0.000752 0.507445 0.142609 0.849801
1341836557.663458 -3.104449 -0.305964 1.199880 0.000293 0.506649 0.141737 0.850422
1341836557.695389 -3.104871 -0.306355 1.195151 0.001070 0.505172 0.142290 0.851207
1341836557.727634 -3.105053 -0.308046 1.191756 0.000928 0.504506 0.142182 0.851620
1341836557.763370 -3.108140 -0.311899 1.196401 0.000232 0.503916 0.139596 0.852398
1341836557.795557 -3.109830 -0.311806 1.195041 0.001452 0.502351 0.138987 0.853419
1341836557.831402 -3.106507 -0.310799 1.184173 0.001555 0.501452 0.139446 0.853872
1341836557.863496 -3.108186 -0.311424 1.183932 0.001516 0.500833 0.136872 0.854652
1341836557.895559 -3.112599 -0.311138 1.189835 0.003248 0.501488 0.137461 0.854168
1341836557.931492 -3.113510 -0.313411 1.188836 0.004322 0.500723 0.139329 0.854310
1341836557.963497 -3.114206 -0.314095 1.186116 0.004372 0.499970 0.137676 0.855018
1341836557.999327 -3.116446 -0.314918 1.187626 0.003760 0.500909 0.134652 0.854953
1341836558.031507 -3.124611 -0.318721 1.201601 0.004769 0.500317 0.134343 0.855343
1341836558.063409 -3.124955 -0.319909 1.199129 0.006838 0.498718 0.136978 0.855845
1341836558.099336 -3.117818 -0.317304 1.181353 0.006921 0.498804 0.135505 0.856028
1341836558.131450 -3.118016 -0.314919 1.178701 0.007982 0.499606 0.134211 0.855756
1341836558.167388 -3.122186 -0.315469 1.184513 0.009571 0.499022 0.136850 0.855662
1341836558.199275 -3.122756 -0.318359 1.181639 0.009910 0.498329 0.139521 0.855631
1341836558.231310 -3.122156 -0.316359 1.175398 0.009763 0.500283 0.136959 0.854906
1341836558.267380 -3.129460 -0.318820 1.187404 0.010431 0.500255 0.135812 0.855097
1341836558.299370 -3.129379 -0.316461 1.183522 0.012117 0.499547 0.137188 0.855270
1341836558.331340 -3.129173 -0.316707 1.179748 0.013036 0.500098 0.138259 0.854761
1341836558.367521 -3.134693 -0.317193 1.188089 0.012917 0.501025 0.136629 0.854482
1341836558.399507 -3.136942 -0.316121 1.191642 0.013515 0.501054 0.137718 0.854281
1341836558.431424 -3.139987 -0.312338 1.195573 0.014471 0.501149 0.140667 0.853729
1341836558.467334 -3.141200 -0.314144 1.197651 0.013195 0.501433 0.139227 0.853819
1341836558.499235 -3.139359 -0.312973 1.194219 0.012225 0.500962 0.136369 0.854571
1341836558.531456 -3.138776 -0.312791 1.192575 0.012544 0.500781 0.137181 0.854542
1341836558.567430 -3.137855 -0.313881 1.191544 0.013124 0.500716 0.137474 0.854525
1341836558.599261 -3.137025 -0.314572 1.190952 0.013308 0.500817 0.136905 0.854554
1341836558.635428 -3.137204 -0.312649 1.191461 0.013182 0.500860 0.136965 0.854521
1341836558.667315 -3.138675 -0.313087 1.195078 0.012635 0.501260 0.137497 0.854209
1341836558.699299 -3.137586 -0.313658 1.194251 0.011773 0.501383 0.136631 0.854289
1341836558.735276 -3.136325 -0.312871 1.192905 0.010771 0.500974 0.134977 0.854804
1341836558.767234 -3.138250 -0.313475 1.201334 0.010657 0.501969 0.136232 0.854022
1341836558.799388 -3.140027 -0.316741 1.209201 0.010723 0.501216 0.138996 0.854018
1341836558.835519 -3.136487 -0.314620 1.204752 0.010852 0.501394 0.139241 0.853873
1341836558.867451 -3.143351 -0.317916 1.220948 0.011278 0.504094 0.139628 0.852212
1341836558.900348 -3.143269 -0.318054 1.223760 0.012845 0.505771 0.142594 0.850704
1341836558.935724 -3.144261 -0.320256 1.230843 0.014864 0.506970 0.145037 0.849544
1341836558.967478 -3.144051 -0.319571 1.234094 0.016306 0.508041 0.145315 0.848830
1341836559.000224 -3.144932 -0.318982 1.240343 0.015830 0.510537 0.144599 0.847462
1341836559.035306 -3.146067 -0.318558 1.247807 0.016251 0.512492 0.147024 0.845856
1341836559.067396 -3.146419 -0.319399 1.253629 0.017072 0.513361 0.150538 0.844694
1341836559.100310 -3.146141 -0.319974 1.257270 0.016203 0.514421 0.150571 0.844060
1341836559.135300 -3.145099 -0.319601 1.262330 0.015780 0.515799 0.150450 0.843248
1341836559.168365 -3.145848 -0.322423 1.268540 0.016633 0.517585 0.152471 0.841773
1341836559.203378 -3.147386 -0.321926 1.275626 0.018550 0.518579 0.154748 0.840705
1341836559.235370 -3.148044 -0.323321 1.281333 0.017213 0.519233 0.154413 0.840391
1341836559.268241 -3.148062 -0.325988 1.285893 0.015158 0.521587 0.153099 0.839212
1341836559.303359 -3.149694 -0.325574 1.290174 0.015785 0.522180 0.155906 0.838315
1341836559.335518 -3.153528 -0.327573 1.299657 0.015272 0.521898 0.157234 0.838252
1341836559.371796 -3.150435 -0.329071 1.297363 0.013029 0.523340 0.156743 0.837483
1341836559.408276 -3.154811 -0.332331 1.307450 0.013030 0.526987 0.159592 0.834653
1341836559.439280 -3.157275 -0.334160 1.314441 0.012872 0.525933 0.160174 0.835209
1341836559.471768 -3.156744 -0.334581 1.313979 0.011499 0.525968 0.158428 0.835539
1341836559.503696 -3.156614 -0.338965 1.318534 0.010681 0.528377 0.158282 0.834056
1341836559.539299 -3.158242 -0.340823 1.325030 0.011856 0.528375 0.159479 0.833814
1341836559.571414 -3.157191 -0.342429 1.325937 0.011712 0.528501 0.160041 0.833629
1341836559.603414 -3.158506 -0.345226 1.332344 0.010857 0.530843 0.158929 0.832364
1341836559.639412 -3.159917 -0.343778 1.338386 0.010138 0.530233 0.159128 0.832723
1341836559.672296 -3.159546 -0.345408 1.340570 0.009708 0.530335 0.161045 0.832295
1341836559.707411 -3.159598 -0.350222 1.345403 0.009593 0.532826 0.160970 0.830719
1341836559.739469 -3.159434 -0.352228 1.347096 0.010594 0.533360 0.162115 0.830141
1341836559.771384 -3.160787 -0.353593 1.352761 0.010836 0.533567 0.162291 0.829970
1341836559.807349 -3.161942 -0.352979 1.360953 0.010056 0.534407 0.160069 0.829871
1341836559.839315 -3.161345 -0.350500 1.362379 0.009616 0.535054 0.160752 0.829327
1341836559.875410 -3.161490 -0.351361 1.366510 0.009345 0.536934 0.164799 0.827318
1341836559.907310 -3.162707 -0.353360 1.372308 0.009656 0.537961 0.166219 0.826363
1341836559.939497 -3.161385 -0.354220 1.373901 0.008957 0.538611 0.163838 0.826423
1341836559.975374 -3.162097 -0.354632 1.378834 0.008538 0.540231 0.163359 0.825464
1341836560.007502 -3.162298 -0.355914 1.380360 0.009285 0.540481 0.164933 0.824980
1341836560.043829 -3.161169 -0.358532 1.382322 0.008709 0.541769 0.164807 0.824165
1341836560.104647 -3.166047 -0.361441 1.394457 0.008151 0.545496 0.165539 0.821562
1341836560.140480 -3.169115 -0.363999 1.401615 0.008531 0.547569 0.167982 0.819681
1341836560.172477 -3.168266 -0.364663 1.400498 0.009872 0.548502 0.171380 0.818338
1341836560.204360 -3.168981 -0.366168 1.401997 0.012184 0.553052 0.175239 0.814418
1341836560.240546 -3.173332 -0.372105 1.411364 0.016523 0.557109 0.178876 0.810777
1341836560.272387 -3.172289 -0.374662 1.410641 0.017430 0.557868 0.179321 0.810138
1341836560.304441 -3.178631 -0.376712 1.423350 0.018773 0.561841 0.179034 0.807421
1341836560.340364 -3.182206 -0.379119 1.430371 0.019941 0.566685 0.181911 0.803355
1341836560.372350 -3.187109 -0.382112 1.439951 0.021319 0.569320 0.184479 0.800867
1341836560.408404 -3.187415 -0.382166 1.439303 0.019702 0.570544 0.183306 0.800307
1341836560.440483 -3.197160 -0.386263 1.456086 0.017370 0.575015 0.181064 0.797667
1341836560.472298 -3.196474 -0.384907 1.452784 0.015210 0.576125 0.180306 0.797081
1341836560.508310 -3.197703 -0.382536 1.453141 0.014334 0.577481 0.180093 0.796164
1341836560.540317 -3.201864 -0.384257 1.460253 0.012947 0.578294 0.179598 0.795709
1341836560.573502 -3.203664 -0.383422 1.462573 0.011725 0.578650 0.179070 0.795589
1341836560.608340 -3.205582 -0.382022 1.465518 0.010737 0.578642 0.178298 0.795781
1341836560.640422 -3.206257 -0.380392 1.465762 0.009581 0.578768 0.177337 0.795919
1341836560.676330 -3.208164 -0.378494 1.469067 0.009217 0.578751 0.177068 0.795996
1341836560.708409 -3.213670 -0.382370 1.479569 0.006825 0.578121 0.176280 0.796652
1341836560.740520 -3.215675 -0.380786 1.480389 0.004510 0.577479 0.175485 0.797310
1341836560.776254 -3.217697 -0.380092 1.481287 0.003253 0.577717 0.176142 0.796999
1341836560.808326 -3.217917 -0.378528 1.478768 0.001913 0.578166 0.176176 0.796669
1341836560.840419 -3.223241 -0.380378 1.486864 0.001017 0.579584 0.178583 0.795103
1341836560.876325 -3.225346 -0.380253 1.487711 0.001378 0.580384 0.180269 0.794139
1341836560.908357 -3.230473 -0.383227 1.494779 0.001673 0.581573 0.180028 0.793322
1341836560.944404 -3.231433 -0.385081 1.497400 0.001425 0.581344 0.179136 0.793693
1341836560.976295 -3.230916 -0.383018 1.493503 0.001983 0.580785 0.177929 0.794372
1341836561.008556 -3.234986 -0.384781 1.498409 0.002548 0.582391 0.176420 0.793530
1341836561.044416 -3.243804 -0.390912 1.514197 0.002363 0.584390 0.175219 0.792327
1341836561.076367 -3.245006 -0.390931 1.514341 0.001423 0.584008 0.172941 0.793110
1341836561.112398 -3.246287 -0.395193 1.516112 -0.001955 0.585553 0.170786 0.792437
1341836561.144333 -3.250566 -0.396080 1.523015 -0.002245 0.587638 0.170979 0.790850
1341836561.176591 -3.252746 -0.393779 1.526878 -0.000828 0.587891 0.173482 0.790118
1341836561.212363 -3.253759 -0.394438 1.529148 -0.000779 0.588206 0.174541 0.789651
1341836561.244392 -3.255158 -0.398198 1.533792 -0.002036 0.588783 0.172928 0.789574
1341836561.276337 -3.258149 -0.400735 1.541140 -0.002547 0.589782 0.172379 0.788947
1341836561.312402 -3.254965 -0.397611 1.535512 -0.001440 0.588440 0.173805 0.789638
1341836561.344495 -3.254896 -0.400970 1.537456 -0.002911 0.589057 0.173134 0.789321
1341836561.380447 -3.271593 -0.411800 1.573269 -0.003967 0.590966 0.170762 0.788406
1341836561.412463 -3.273062 -0.415643 1.580239 -0.004438 0.590606 0.169048 0.789042
1341836561.444383 -3.272908 -0.416660 1.581715 -0.005261 0.590290 0.167465 0.789611
1341836561.480494 -3.272381 -0.419427 1.582609 -0.006698 0.590702 0.166175 0.789564
1341836561.512334 -3.273360 -0.421639 1.586354 -0.007278 0.591120 0.165651 0.789356
1341836561.544433 -3.274346 -0.422090 1.589181 -0.006673 0.591288 0.167035 0.788945
1341836561.580361 -3.272217 -0.421782 1.584493 -0.006631 0.591498 0.166023 0.789001
1341836561.612391 -3.273254 -0.425706 1.588685 -0.007968 0.592953 0.163847 0.788351
1341836561.648336 -3.275962 -0.427591 1.595076 -0.007230 0.594902 0.164343 0.786785
1341836561.680331 -3.274597 -0.426206 1.592143 -0.006465 0.596747 0.165183 0.785217
1341836561.712414 -3.277663 -0.431130 1.598921 -0.007115 0.600574 0.164564 0.782418
1341836561.748511 -3.280985 -0.434454 1.606835 -0.006415 0.601889 0.164648 0.781395
1341836561.780401 -3.281144 -0.434854 1.606324 -0.005585 0.603099 0.164894 0.780417
1341836561.812700 -3.284425 -0.437306 1.612591 -0.004760 0.606909 0.164713 0.777502
1341836561.848579 -3.290052 -0.442704 1.624769 -0.005145 0.608929 0.163770 0.776118
1341836561.880265 -3.289947 -0.443071 1.624062 -0.005060 0.609669 0.164185 0.775449
1341836561.916312 -3.295023 -0.448358 1.634987 -0.005941 0.613138 0.164531 0.772630
1341836561.951295 -3.298117 -0.448550 1.640130 -0.003721 0.614841 0.165005 0.771188
1341836562.019341 -3.301517 -0.448344 1.646873 -0.002613 0.615127 0.163525 0.771279
1341836562.080581 -3.306426 -0.454851 1.656647 -0.003874 0.618157 0.162498 0.769065
1341836562.116439 -3.307193 -0.452650 1.656225 -0.002824 0.619136 0.164141 0.767933
1341836562.148367 -3.311407 -0.453915 1.664237 -0.003748 0.621153 0.163706 0.766391
1341836562.184511 -3.319314 -0.456656 1.676098 -0.004427 0.623813 0.164331 0.764090
1341836562.219290 -3.320710 -0.456407 1.676742 -0.003753 0.624637 0.165781 0.763106
1341836562.251425 -3.323515 -0.457564 1.681094 -0.004896 0.626193 0.164551 0.762090
1341836562.287390 -3.331293 -0.458496 1.695439 -0.004459 0.629172 0.166454 0.759220
1341836562.319250 -3.332797 -0.457937 1.697061 -0.002316 0.629976 0.169930 0.757792
1341836562.352232 -3.336464 -0.459683 1.702647 -0.001906 0.632669 0.170709 0.755371
1341836562.387730 -3.342931 -0.461434 1.715652 -0.002159 0.635302 0.170006 0.753316
1341836562.419326 -3.343260 -0.459046 1.716268 -0.002655 0.633793 0.168327 0.754961
1341836562.455394 -3.343213 -0.459591 1.716581 -0.004393 0.633496 0.168641 0.755132
1341836562.487315 -3.345620 -0.461028 1.721907 -0.005266 0.635342 0.169531 0.753374
1341836562.519469 -3.346387 -0.459809 1.724648 -0.004854 0.635156 0.170054 0.753416
1341836562.555498 -3.348173 -0.461932 1.733237 -0.006241 0.634200 0.168136 0.754640
1341836562.587360 -3.347244 -0.463571 1.733855 -0.008272 0.634727 0.165803 0.754694
1341836562.623388 -3.347310 -0.462767 1.735005 -0.006825 0.635374 0.168126 0.753649
1341836562.656832 -3.345697 -0.462384 1.738071 -0.006510 0.636721 0.169930 0.752109
1341836562.687414 -3.343962 -0.464338 1.738440 -0.007037 0.638829 0.170924 0.750088
1341836562.723392 -3.343814 -0.465058 1.743172 -0.006543 0.640683 0.171042 0.748483
1341836562.755310 -3.343214 -0.464138 1.747352 -0.006188 0.641692 0.171472 0.747523
1341836562.787756 -3.341636 -0.467039 1.749755 -0.007661 0.643001 0.171735 0.746323
1341836562.823473 -3.345617 -0.470425 1.764454 -0.007760 0.646432 0.171740 0.743351
1341836562.855234 -3.345181 -0.470851 1.768381 -0.006448 0.648022 0.172869 0.741715
1341836562.891396 -3.343901 -0.471914 1.773603 -0.006192 0.648506 0.173219 0.741213
1341836562.923404 -3.340812 -0.474888 1.774989 -0.007667 0.649553 0.171287 0.740731
1341836562.955395 -3.338734 -0.472426 1.779108 -0.007030 0.650875 0.170665 0.739720
1341836562.991509 -3.336746 -0.471924 1.784373 -0.005867 0.651762 0.172662 0.738485
1341836563.023489 -3.333600 -0.474343 1.787171 -0.006199 0.652787 0.172941 0.737511
1341836563.059412 -3.331540 -0.474197 1.791989 -0.006505 0.653959 0.172461 0.736582
1341836563.091490 -3.330203 -0.476819 1.796977 -0.006660 0.655256 0.174048 0.735053
1341836563.123526 -3.328826 -0.478548 1.802432 -0.005863 0.657313 0.176589 0.732613
1341836563.159903 -3.328347 -0.481103 1.809076 -0.004937 0.658802 0.177784 0.730992
1341836563.192322 -3.325099 -0.480914 1.810417 -0.005074 0.659411 0.176763 0.730689
1341836563.227384 -3.324296 -0.483649 1.817151 -0.004739 0.660561 0.177294 0.729523
1341836563.259586 -3.322363 -0.485427 1.821420 -0.003841 0.661457 0.178254 0.728482
1341836563.291784 -3.320628 -0.488476 1.823542 -0.003663 0.661520 0.177923 0.728506
1341836563.327381 -3.317347 -0.490839 1.827711 -0.004368 0.662509 0.176874 0.727859
1341836563.359432 -3.314938 -0.493430 1.828602 -0.003699 0.662909 0.175414 0.727851
1341836563.395723 -3.313257 -0.494354 1.832857 -0.003002 0.662903 0.174249 0.728140
1341836563.427417 -3.310335 -0.494711 1.833275 -0.003900 0.662487 0.173706 0.728644
1341836563.459328 -3.307169 -0.494105 1.832317 -0.004077 0.663983 0.173382 0.727357
1341836563.495414 -3.307218 -0.494960 1.837734 -0.002761 0.665277 0.175500 0.725671
1341836563.527734 -3.306114 -0.496259 1.840309 -0.003169 0.665289 0.175400 0.725683
1341836563.563330 -3.303927 -0.498433 1.839977 -0.005297 0.665390 0.172827 0.726194
1341836563.595336 -3.303123 -0.497911 1.842909 -0.005324 0.665749 0.172570 0.725926
1341836563.627267 -3.303257 -0.496926 1.845465 -0.004621 0.665848 0.173530 0.725611
1341836563.663448 -3.302474 -0.500344 1.848553 -0.005864 0.666604 0.173764 0.724853
1341836563.695359 -3.301703 -0.501517 1.850390 -0.007387 0.667247 0.172119 0.724639
1341836563.727466 -3.301151 -0.500582 1.852714 -0.007037 0.667109 0.172148 0.724763
1341836563.763461 -3.300044 -0.501184 1.852740 -0.007551 0.667403 0.173783 0.724096
1341836563.795366 -3.300535 -0.503038 1.856508 -0.008602 0.669458 0.173618 0.722225
1341836563.827447 -3.300953 -0.501401 1.859980 -0.007350 0.670353 0.174818 0.721118
1341836563.863324 -3.299991 -0.502074 1.861545 -0.007379 0.670294 0.176074 0.720867
1341836563.895278 -3.299833 -0.504391 1.864136 -0.008367 0.671198 0.175533 0.720147
1341836563.927597 -3.299591 -0.503908 1.866826 -0.007266 0.672112 0.176419 0.719089
1341836563.963416 -3.299646 -0.505455 1.870975 -0.005435 0.672353 0.178447 0.718379
1341836563.995418 -3.298999 -0.506600 1.873089 -0.005579 0.672150 0.177665 0.718762
1341836564.031385 -3.298283 -0.508940 1.873631 -0.006761 0.672492 0.176399 0.718743
1341836564.063489 -3.298266 -0.508259 1.877352 -0.006194 0.673260 0.176896 0.717906
1341836564.095401 -3.298087 -0.509024 1.881210 -0.004741 0.674249 0.180515 0.716087
1341836564.131464 -3.298904 -0.511241 1.885487 -0.005374 0.675853 0.181282 0.714374
1341836564.163332 -3.300245 -0.512601 1.891276 -0.005251 0.677168 0.181559 0.713058
1341836564.195307 -3.299242 -0.510998 1.892135 -0.004057 0.677581 0.182657 0.712393
1341836564.231400 -3.297418 -0.512150 1.891013 -0.004230 0.676813 0.183195 0.712984
1341836564.263512 -3.297135 -0.514779 1.894112 -0.005196 0.677855 0.182570 0.712147
1341836564.295354 -3.297528 -0.514175 1.897109 -0.003632 0.678486 0.183222 0.711388
1341836564.331382 -3.295570 -0.514096 1.895589 -0.003779 0.677140 0.182177 0.712937
1341836564.363288 -3.293946 -0.514009 1.895337 -0.005128 0.677540 0.180643 0.712938
1341836564.396337 -3.294346 -0.514050 1.897591 -0.004533 0.678230 0.181939 0.711956
1341836564.431406 -3.294125 -0.514609 1.899256 -0.004349 0.678750 0.183102 0.711163
1341836564.463308 -3.294485 -0.515399 1.901717 -0.005208 0.679569 0.183268 0.710332
1341836564.499232 -3.293887 -0.516970 1.900483 -0.006222 0.679448 0.182127 0.710733
1341836564.531509 -3.293814 -0.518055 1.902918 -0.006645 0.679469 0.181483 0.710874
1341836564.564458 -3.293535 -0.517899 1.901979 -0.006335 0.679410 0.182077 0.710782
1341836564.599215 -3.293235 -0.519501 1.900839 -0.006771 0.680306 0.181480 0.710072
1341836564.631361 -3.293595 -0.518798 1.902244 -0.007010 0.680844 0.180911 0.709699
1341836564.664403 -3.293374 -0.518777 1.901411 -0.007395 0.679903 0.180572 0.710684
1341836564.699246 -3.292600 -0.519954 1.899516 -0.009112 0.680198 0.178675 0.710861
1341836564.731521 -3.293288 -0.518332 1.901871 -0.008627 0.681261 0.178534 0.709884
1341836564.767617 -3.293687 -0.518199 1.901396 -0.007216 0.680254 0.180650 0.710330
1341836564.799280 -3.292976 -0.519325 1.900559 -0.008740 0.679612 0.178905 0.711368
1341836564.832295 -3.292692 -0.519289 1.899452 -0.009814 0.680177 0.177597 0.711142
1341836564.867842 -3.293424 -0.518572 1.901097 -0.008765 0.679982 0.178746 0.711054
1341836564.899297 -3.293327 -0.518081 1.901790 -0.009375 0.679357 0.178434 0.711721
1341836564.935266 -3.293360 -0.518395 1.901941 -0.011361 0.679429 0.176467 0.712114
1341836564.967281 -3.293027 -0.518492 1.901553 -0.012201 0.679034 0.175023 0.712833
1341836564.999531 -3.292638 -0.518444 1.901048 -0.011602 0.678758 0.175540 0.712978
1341836565.035467 -3.292738 -0.518930 1.900562 -0.011240 0.679309 0.176292 0.712274
