# timestamp tx ty tz qx qy qz qw
0.000000 0.000000 0.000000 0.000000 0.000000 0.000000 0.000000 1.000000
0.208254 0.000000 0.000000 0.000000 0.000000 0.000000 0.000000 1.000000
0.416625 -0.669689 -0.351589 0.432949 -0.006947 0.014869 0.005131 0.999852
0.625004 -2.144862 0.000720 0.087761 -0.000051 0.047390 0.000194 0.998876
0.833252 -3.074363 0.512512 0.615389 0.011556 0.069014 -0.008106 0.997516
1.041630 -3.068741 0.241520 2.374140 0.007817 0.076979 -0.006397 0.996982
1.250003 -2.676445 0.153971 5.046822 0.007296 0.077080 -0.008047 0.996966
1.458401 -2.266853 0.074452 7.725925 0.005385 0.077275 -0.004658 0.996984
1.666754 -1.859247 -0.001797 10.417281 0.007810 0.077162 -0.003252 0.996983
1.875129 -1.455800 -0.087939 13.138023 0.007460 0.077830 -0.005783 0.996922
2.083502 -1.039566 -0.165983 15.850967 0.004822 0.078229 -0.004650 0.996913
2.291881 -0.321717 0.055593 18.689524 0.012455 0.073551 -0.006997 0.997189
2.500257 0.310981 0.164734 21.443701 0.017583 0.071407 -0.008818 0.997253
2.708628 0.822952 0.145851 24.100282 0.019405 0.070494 -0.008065 0.997291
2.916881 1.499090 0.285223 26.975116 0.022829 0.066249 -0.008353 0.997507
3.125256 1.841672 0.106005 29.807756 0.022710 0.066729 -0.011075 0.997451
3.333502 2.336455 0.052814 32.754561 0.024748 0.064712 -0.014123 0.997497
3.541754 2.683713 -0.140919 35.553272 0.025007 0.063966 -0.013455 0.997548
3.750007 3.024066 -0.333386 38.369280 0.024297 0.063053 -0.013344 0.997625
3.958276 3.357564 -0.523300 41.195884 0.024238 0.061961 -0.013914 0.997687
4.166506 3.682600 -0.711486 44.029654 0.023402 0.061392 -0.013267 0.997751
4.374756 4.012844 -0.897817 46.832799 0.023838 0.060904 -0.011620 0.997791
4.583132 4.660014 -0.962578 49.905192 0.023132 0.055107 -0.004399 0.998203
4.791384 5.251421 -1.034916 53.026597 0.023208 0.049367 0.001486 0.998510
4.999630 5.583891 -1.085919 55.902833 0.024796 0.048827 0.004809 0.998488
5.207869 6.013277 -1.183559 58.833911 0.024031 0.046688 0.006046 0.998602
5.416245 6.421973 -1.085115 61.314569 0.027785 0.045028 0.003030 0.998595
5.624505 6.810265 -1.070791 63.619842 0.030637 0.045583 -0.000069 0.998491
5.832639 6.914755 -1.136642 66.177786 0.030822 0.047157 0.002361 0.998409
6.040889 6.987129 -1.256889 67.838414 0.030759 0.051504 0.005854 0.998182
6.249010 6.642152 -1.227106 68.998605 0.032897 0.064539 0.004079 0.997364
6.457260 6.337744 -1.167125 70.032924 0.035301 0.076417 0.006443 0.996430
6.665511 6.619374 -1.217731 72.756373 0.036847 0.076561 0.009077 0.996342
6.873636 7.293755 -1.225668 75.409343 0.039762 0.071794 0.012005 0.996554
7.081885 7.936139 -1.399563 78.169568 0.041545 0.067960 0.013523 0.996731
7.290011 8.587596 -1.567181 80.915876 0.043598 0.064067 0.013387 0.996903
7.498256 8.990772 -1.666625 83.601671 0.046179 0.063009 0.012761 0.996862
7.706383 9.354916 -1.664221 86.471554 0.049741 0.062719 0.009940 0.996741
7.914632 9.895796 -1.838836 89.155199 0.054096 0.059971 0.008257 0.996699
8.122760 10.196809 -2.169393 91.762155 0.054276 0.060067 0.009508 0.996672
8.331011 10.502316 -2.496771 94.385750 0.053294 0.061053 0.011401 0.996645
8.539282 10.927747 -2.653827 97.090548 0.057258 0.060529 0.010853 0.996464
8.747509 11.349316 -2.801118 99.737043 0.060658 0.060362 0.008518 0.996295
8.955763 11.663868 -3.161765 102.399697 0.058662 0.061518 0.007939 0.996349
9.164012 11.981175 -3.515379 105.024105 0.058772 0.062445 0.007982 0.996284
9.372259 12.469874 -3.776204 107.828336 0.060731 0.061883 0.005446 0.996219
9.580513 12.781259 -4.141334 110.475861 0.061687 0.063046 0.004528 0.996092
9.788784 13.103574 -4.507228 113.173719 0.061546 0.064006 0.005516 0.996035
9.997010 13.435599 -4.875584 115.860932 0.061158 0.064451 0.006904 0.996021
10.205260 13.767248 -5.243292 118.508601 0.060960 0.064291 0.008909 0.996028
10.413390 14.097465 -5.609681 121.168360 0.061455 0.063426 0.010422 0.996038
10.621640 14.574145 -5.922409 124.056898 0.062840 0.061291 0.010440 0.996085
10.829890 14.876991 -6.294101 126.683077 0.063339 0.060220 0.010759 0.996115
11.038140 15.189235 -6.677267 129.356187 0.064988 0.059259 0.011884 0.996054
11.246390 15.513774 -7.062461 132.014556 0.064573 0.057844 0.018371 0.996066
11.454640 15.833652 -7.440085 134.643880 0.065981 0.056252 0.023124 0.995966
11.663020 16.133333 -7.834996 137.311187 0.068670 0.057166 0.021028 0.995778
11.871260 16.504653 -8.157729 140.064242 0.067781 0.058197 0.016652 0.995862
12.079640 16.830952 -8.552984 142.714910 0.066139 0.057978 0.021082 0.995901
12.287890 17.138438 -8.943185 145.360242 0.066024 0.058582 0.020676 0.995882
12.496260 17.435044 -9.336296 148.002461 0.067489 0.060071 0.016710 0.995770
12.704520 17.740730 -9.736576 150.645929 0.067144 0.061039 0.014212 0.995773
12.912790 18.053452 -10.140720 153.316789 0.068547 0.060926 0.012062 0.995713
13.121140 18.349344 -10.551761 155.974693 0.070328 0.061250 0.007487 0.995614
13.329390 18.703373 -10.869816 158.359374 0.069013 0.063330 0.003544 0.995597
13.537640 20.118395 -11.226062 161.763265 0.072265 0.048936 -0.000301 0.996184
13.745910 20.855286 -12.072426 164.596183 0.068742 0.040882 0.000236 0.996796
13.954150 21.049380 -12.499402 167.355054 0.071204 0.040245 -0.003299 0.996644
14.162520 21.324155 -12.836418 170.042500 0.070034 0.040652 -0.006163 0.996697
14.370770 21.527943 -13.267060 172.812576 0.068656 0.040977 -0.006283 0.996779
14.579010 21.631571 -13.560772 175.254056 0.069805 0.043521 -0.004849 0.996599
14.787290 21.768710 -13.846223 178.088676 0.072034 0.045035 -0.002695 0.996381
14.995520 22.020196 -14.297335 180.886587 0.071600 0.045061 0.000705 0.996415
15.203790 22.252557 -14.757771 183.687910 0.076183 0.045668 -0.004189 0.996039
15.412140 22.471214 -15.234286 186.511199 0.073995 0.047487 -0.012483 0.996049
15.620390 22.720478 -15.705885 189.393980 0.072800 0.047692 -0.011956 0.996134
15.828640 22.979987 -16.177351 192.246781 0.073272 0.046409 -0.009450 0.996187
16.036770 23.223862 -16.657578 195.137729 0.073416 0.046299 -0.010306 0.996173
16.245020 23.467560 -17.139400 198.055773 0.073268 0.046407 -0.010546 0.996176
16.453270 23.715271 -17.623835 200.970485 0.073943 0.046233 -0.010046 0.996140
16.661520 23.959362 -18.110831 203.884197 0.074128 0.046100 -0.010458 0.996128
16.869650 24.208040 -18.603834 206.819102 0.074340 0.045733 -0.010966 0.996123
17.077890 24.457707 -19.097337 209.769700 0.074425 0.045293 -0.011159 0.996135
17.286140 24.704853 -19.591496 212.705142 0.074615 0.045177 -0.010099 0.996137
17.494400 24.955118 -20.088759 215.686294 0.074296 0.045248 -0.008920 0.996169
17.702520 25.206468 -20.589251 218.666112 0.074364 0.045216 -0.009144 0.996164
17.910650 25.459366 -21.094542 221.680850 0.074333 0.045637 -0.009967 0.996139
18.118900 25.715782 -21.593161 224.682699 0.073095 0.046180 -0.009810 0.996207
18.327020 25.974094 -22.091386 227.674643 0.074587 0.046688 -0.010124 0.996070
18.535360 26.237258 -22.595541 230.683748 0.073867 0.046789 -0.010245 0.996117
18.743480 26.499982 -23.099892 233.712696 0.073722 0.046550 -0.010501 0.996136
18.951650 26.756857 -23.602229 236.741828 0.073652 0.046829 -0.011784 0.996114
19.159650 27.015968 -24.107114 239.784403 0.073573 0.046870 -0.011167 0.996125
19.367870 27.283219 -24.606561 242.787466 0.072989 0.046708 -0.009016 0.996198
19.575900 27.551995 -25.110031 245.810480 0.073980 0.046373 -0.007849 0.996150
19.784020 27.820089 -25.611432 248.811611 0.072336 0.046622 -0.005982 0.996272
19.992130 28.086317 -26.106781 251.822890 0.073328 0.046833 -0.005276 0.996194
20.200150 28.351725 -26.611268 254.860534 0.073453 0.047712 -0.006568 0.996135
20.408270 28.617309 -27.117216 257.897293 0.073779 0.048841 -0.007981 0.996046
20.616400 28.898081 -27.629110 260.918699 0.074180 0.049520 -0.008521 0.995978
20.824520 29.190664 -28.151188 264.039532 0.074318 0.050307 -0.007536 0.995936
21.032780 29.489163 -28.671291 267.091651 0.073759 0.050658 -0.006676 0.995966
21.240880 29.791664 -29.195382 270.148747 0.076024 0.050199 -0.005825 0.995825
21.448900 30.092324 -29.723824 273.180726 0.075856 0.049019 -0.005374 0.995899
21.657020 30.388594 -30.254050 276.261538 0.076200 0.047847 -0.005597 0.995928
21.865030 30.671921 -31.213451 279.314235 0.069147 0.046738 -0.005127 0.996498
22.073170 30.955331 -31.702760 282.463431 0.067742 0.045764 -0.005809 0.996636
22.281150 31.240623 -32.184736 285.629601 0.067944 0.046319 -0.006056 0.996595
22.489270 31.527104 -32.669684 288.777369 0.068642 0.046298 -0.004458 0.996557
22.697420 31.812090 -33.167731 291.966320 0.070200 0.046280 -0.003527 0.996453
22.905400 32.081465 -33.672370 295.157874 0.070313 0.044273 -0.004506 0.996532
23.113490 32.348427 -34.175524 298.393730 0.067181 0.044404 -0.004237 0.996743
23.321400 32.619201 -34.662991 301.582167 0.067457 0.044604 -0.003288 0.996719
23.529550 32.895164 -35.163130 304.816976 0.067312 0.044796 -0.002762 0.996722
23.737530 33.167296 -35.661702 308.024145 0.067758 0.045270 -0.003600 0.996668
23.945650 33.443574 -36.161879 311.228599 0.067097 0.045946 -0.003331 0.996682
24.153670 33.726312 -36.656102 314.421885 0.067292 0.045814 -0.002330 0.996678
24.361780 33.995201 -37.149810 317.603163 0.068198 0.045884 -0.004009 0.996608
24.569780 34.264448 -37.654372 320.802424 0.069424 0.045305 -0.005717 0.996542
24.777900 34.521209 -38.145676 323.953559 0.066340 0.044430 -0.007063 0.996782
24.986020 34.781654 -38.635899 327.136357 0.067708 0.042745 -0.007186 0.996763
25.194150 35.032066 -39.125862 330.288150 0.066833 0.041207 -0.005953 0.996895
25.402400 35.288847 -39.612221 333.496782 0.067860 0.040686 -0.005659 0.996849
25.610540 35.524364 -40.103876 336.662199 0.068030 0.040809 -0.005388 0.996834
25.818650 35.765322 -40.593346 339.815069 0.068809 0.040675 -0.005182 0.996787
26.026980 36.002560 -41.086007 342.949337 0.069180 0.040752 -0.005227 0.996758
26.235050 36.250347 -41.583716 346.101804 0.069031 0.040496 -0.003802 0.996785
26.443290 36.494635 -42.081682 349.266596 0.069184 0.040485 -0.002851 0.996778
26.651410 36.735692 -42.578909 352.422803 0.069000 0.040780 -0.004282 0.996774
26.862580 36.979500 -43.076113 355.579071 0.068521 0.041145 -0.005053 0.996788
27.067820 37.234844 -43.574902 358.744919 0.068874 0.040964 -0.004896 0.996772
27.276060 37.488248 -44.076159 361.944216 0.068767 0.041011 -0.005466 0.996774
27.484700 37.736612 -44.584831 365.198596 0.068667 0.041403 -0.006550 0.996759
27.692530 38.105197 -45.196886 369.613284 0.069077 0.038563 -0.008833 0.996827
27.900670 38.360250 -45.752273 373.275441 0.068314 0.038429 -0.008743 0.996885
28.108940 38.582550 -46.248514 376.463340 0.068491 0.038758 -0.009314 0.996855
