# timestamp tx ty tz qx qy qz qw
0.000000 0.000000 0.000000 0.000000 0.000000 0.000000 0.000000 1.000000
0.208254 -0.019061 0.004048 0.049394 -0.000738 0.000050 0.001340 0.999999
0.416625 0.199930 0.269281 0.060424 0.006017 -0.005215 0.002593 0.999965
0.625004 -0.088119 -0.103956 -0.040222 -0.003397 0.000842 0.000716 0.999994
0.833252 0.064783 0.020090 -0.035867 -0.000235 -0.003104 0.003017 0.999991
1.041630 -0.220992 -0.091706 0.369805 -0.001379 0.002435 -0.000900 0.999996
1.250003 -0.002944 0.028573 0.107272 0.001095 -0.003038 0.005640 0.999979
1.458401 0.036864 0.070207 0.190326 -0.000440 -0.004063 -0.006276 0.999972
1.666754 -0.066304 0.172783 0.164712 0.004066 -0.001960 -0.003301 0.999984
1.875129 0.194316 0.193681 0.393646 0.003998 -0.007398 0.022983 0.999700
2.083502 0.194316 0.193681 0.393646 0.003998 -0.007398 0.022983 0.999700
2.291881 0.357869 0.266943 0.612823 0.007653 -0.011374 0.020413 0.999698
2.500257 0.276094 0.155409 0.531850 0.006582 -0.008811 0.028692 0.999528
2.708628 0.202373 0.301159 0.808342 0.011155 -0.007121 0.021967 0.999671
2.916881 0.027758 0.017482 0.601134 0.003268 -0.002420 0.027341 0.999618
3.125256 0.333592 0.176450 0.769054 0.007345 -0.009684 0.015686 0.999803
3.333502 0.293334 0.205026 0.995540 0.007935 -0.008961 0.012538 0.999850
3.541754 0.098641 -0.195307 0.833849 -0.000929 -0.003726 0.014883 0.999882
3.750007 0.445102 -0.012161 1.140886 0.002338 -0.012562 0.026586 0.999565
3.958276 0.286259 0.295653 1.488211 0.010280 -0.009896 0.020767 0.999683
4.166506 0.315747 0.386732 1.266219 0.011225 -0.011056 0.032900 0.999334
4.374756 0.470189 0.256955 1.845152 0.008932 -0.015829 0.026824 0.999475
4.583132 0.478702 0.325090 1.904653 0.009981 -0.015853 0.028351 0.999422
4.791384 0.616138 0.486753 1.712138 0.013515 -0.018185 0.028613 0.999334
4.999630 0.569375 0.343836 2.242098 0.011085 -0.016794 0.025602 0.999470
5.207869 0.834905 0.364973 2.217479 0.011277 -0.022356 0.021873 0.999447
5.416245 0.600236 0.293629 2.327893 0.008958 -0.016296 0.019812 0.999631
5.624505 0.819638 0.227831 2.472704 0.007545 -0.020969 0.015945 0.999625
5.832639 0.837951 0.268720 2.412782 0.008469 -0.020494 0.015801 0.999629
6.040889 0.782596 0.173758 2.287889 0.006405 -0.018467 0.022834 0.999548
6.249010 0.814982 0.138010 2.406020 0.005362 -0.018925 0.024959 0.999495
6.457260 0.883763 -0.001136 2.735957 0.001766 -0.021658 0.027678 0.999381
6.665511 0.729135 0.045609 2.408408 0.001921 -0.018617 0.031847 0.999318
6.873636 0.706456 0.140674 2.490665 0.004033 -0.019158 0.032880 0.999268
7.081885 0.751635 0.088915 2.486043 0.002799 -0.020083 0.038462 0.999054
7.290011 0.894044 0.325655 2.516824 0.009534 -0.023245 0.018776 0.999508
7.498256 0.930794 0.474218 3.122654 0.013542 -0.025766 0.025538 0.999250
7.706383 1.375982 0.180497 2.451783 0.003052 -0.035195 0.044705 0.998375
7.914632 1.375982 0.180497 2.451783 0.003052 -0.035195 0.044705 0.998375
8.122760 1.485327 -0.598282 2.406591 -0.015887 -0.036975 0.043591 0.998239
8.331011 1.744024 -1.611555 2.091377 -0.042000 -0.040832 0.045116 0.997263
8.539282 1.538142 -1.441031 4.786163 -0.040155 -0.040998 0.044910 0.997341
8.747509 1.287464 -1.323631 7.338141 -0.039647 -0.039198 0.043129 0.997513
8.955763 1.057077 -1.102803 10.189494 -0.041122 -0.038611 0.041845 0.997531
9.164012 0.818070 -0.941023 12.863917 -0.041235 -0.036938 0.041720 0.997594
9.372259 0.587249 -0.765505 15.591385 -0.040839 -0.036028 0.039311 0.997742
9.580513 0.381921 -0.585630 18.258265 -0.039239 -0.035430 0.037818 0.997885
9.788784 0.155396 -0.407699 21.002030 -0.039326 -0.034016 0.038206 0.997916
9.997010 -0.100527 -0.211813 23.744770 -0.039179 -0.032483 0.039006 0.997942
10.205260 -0.150014 0.072841 26.449861 -0.037640 -0.034699 0.043298 0.997750
10.413390 -0.284497 0.158466 29.205060 -0.038356 -0.036223 0.044800 0.997602
10.621640 -0.299801 0.088895 31.371782 -0.043576 -0.041020 0.043556 0.997257
10.829890 0.254961 -0.012019 32.856488 -0.049202 -0.058580 0.045264 0.996042
11.038140 1.308084 0.172759 34.661352 -0.048707 -0.088609 0.050883 0.993573
11.246390 1.076209 0.115389 36.830942 -0.056642 -0.095474 0.055265 0.992281
11.454640 0.747624 0.097902 39.124701 -0.063204 -0.101737 0.058034 0.991104
11.663020 0.170796 0.316192 41.713960 -0.061893 -0.100875 0.054636 0.991468
11.871260 -0.413799 0.462002 44.366125 -0.067688 -0.099035 0.056567 0.991166
12.079640 -0.955695 0.609107 46.946754 -0.075795 -0.098832 0.062169 0.990264
12.287890 -0.895212 0.659961 46.603220 -0.074388 -0.098738 0.061522 0.990420
12.496260 -1.283762 1.084514 45.881070 -0.062477 -0.089223 0.055227 0.992515
12.704520 -0.992049 0.687401 47.065423 -0.073620 -0.099826 0.050182 0.991008
12.912790 -1.214623 0.876239 47.518224 -0.068364 -0.099630 0.040118 0.991862
13.121140 -1.489146 0.388306 47.947078 -0.076063 -0.096470 0.033708 0.991853
13.329390 -1.732092 1.410244 55.175428 -0.092344 -0.142358 0.057447 0.983822
13.537640 -2.539724 1.783850 57.757411 -0.095213 -0.142247 0.058057 0.983529
13.745910 -3.399956 2.269125 60.457924 -0.092107 -0.143187 0.058751 0.983647
13.954150 -4.234895 2.632157 62.971689 -0.089486 -0.142997 0.055396 0.984112
14.162520 -5.150081 3.046580 65.583103 -0.091357 -0.141467 0.052608 0.984314
14.370770 -5.951188 3.487889 68.280729 -0.092798 -0.142014 0.052445 0.984109
14.579010 -6.645851 3.818796 70.887093 -0.096228 -0.144961 0.052167 0.983364
14.787290 -6.597569 3.608086 72.300581 -0.106134 -0.152947 0.054108 0.981028
14.995520 -7.446400 4.067307 74.885109 -0.108295 -0.151951 0.057625 0.980746
15.203790 -7.316035 4.071548 74.725134 -0.102052 -0.153658 0.051384 0.981496
15.412140 -7.452906 4.076603 74.727853 -0.103154 -0.150904 0.046813 0.982037
15.620390 -7.366616 4.022337 74.356790 -0.104537 -0.149878 0.047615 0.982009
15.828640 -7.000379 3.930249 74.369068 -0.105064 -0.157008 0.042656 0.981066
16.036770 -7.104909 3.961754 73.976312 -0.103914 -0.153140 0.047040 0.981599
16.245020 -6.929693 3.890894 73.716952 -0.104152 -0.154754 0.045195 0.981408
16.453270 -6.776650 3.985528 73.634689 -0.102406 -0.156582 0.049123 0.981113
16.661520 -6.809334 3.834575 73.848391 -0.106619 -0.156396 0.057011 0.980267
16.869650 -6.643559 4.090205 73.364943 -0.099485 -0.158056 0.050696 0.981097
17.077890 -6.612043 3.996730 73.387837 -0.101144 -0.158731 0.052126 0.980743
17.286140 -6.625127 3.958035 73.101713 -0.100541 -0.157388 0.051355 0.981062
17.494400 -6.579339 3.881097 73.045617 -0.102421 -0.157658 0.053571 0.980706
17.702520 -6.658153 4.172252 73.084178 -0.096881 -0.157806 0.049703 0.981448
17.910650 -6.278657 4.065715 73.655211 -0.105246 -0.163715 0.076695 0.977875
18.118900 -5.809435 4.108419 73.233115 -0.102939 -0.169743 0.068578 0.977695
18.327020 -6.835495 4.588982 76.043315 -0.102095 -0.169941 0.068614 0.977747
18.535360 -7.872754 5.042737 78.916281 -0.103751 -0.170623 0.068096 0.977490
18.743480 -8.946092 5.516076 81.796365 -0.104546 -0.171115 0.067188 0.977382
18.951650 -10.003145 6.054815 84.656705 -0.103846 -0.171873 0.065200 0.977458
19.159650 -11.031727 6.542080 87.634591 -0.105088 -0.173976 0.065837 0.976911
19.367870 -12.044049 7.058237 90.527341 -0.106338 -0.176111 0.067698 0.976265
19.575900 -13.117732 7.573059 93.265573 -0.105169 -0.176193 0.068521 0.976320
19.784020 -14.211289 8.077003 96.088565 -0.107347 -0.176095 0.069996 0.975996
19.992130 -15.302429 8.621234 98.996559 -0.106597 -0.176988 0.071687 0.975794
20.200150 -16.408305 9.127318 101.955345 -0.106859 -0.178082 0.069895 0.975696
20.408270 -17.544503 9.625872 104.770325 -0.107039 -0.176834 0.068670 0.975990
20.616400 -18.621721 10.148377 107.647220 -0.106617 -0.177615 0.068647 0.975896
20.824520 -19.788750 10.692632 110.559097 -0.106581 -0.176536 0.069736 0.976019
21.032780 -20.864816 11.152983 113.357080 -0.108441 -0.176326 0.069887 0.975841
21.240880 -21.998492 11.681743 116.271942 -0.107062 -0.176085 0.071779 0.975899
21.448900 -22.912643 12.001147 118.874826 -0.110299 -0.179204 0.069913 0.975106
21.657020 -24.042531 12.443955 121.708283 -0.111611 -0.181119 0.060969 0.975203
21.865030 -25.138268 12.948766 124.596397 -0.113439 -0.183675 0.060939 0.974516
22.073170 -26.262210 13.567664 127.539462 -0.114470 -0.186649 0.060521 0.973856
22.281150 -27.466745 14.196968 130.526627 -0.114091 -0.187360 0.060631 0.973757
22.489270 -28.435380 14.552897 132.562167 -0.115524 -0.185591 0.060821 0.973915
22.697420 -29.873532 15.080025 135.286543 -0.114643 -0.181025 0.060613 0.974891
22.905400 -31.253770 15.589244 138.143279 -0.115437 -0.179904 0.060964 0.974983
23.113490 -32.047803 16.374822 140.551470 -0.114740 -0.183702 0.063537 0.974193
23.321400 -33.277192 16.813899 143.377204 -0.118326 -0.182180 0.065731 0.973904
23.529550 -35.027412 17.585789 145.214031 -0.111527 -0.167056 0.064323 0.977505
23.737530 -35.737000 17.883030 147.768976 -0.114992 -0.171280 0.061254 0.976569
23.945650 -37.166806 17.731461 148.682399 -0.119852 -0.153855 0.051007 0.979470
24.153670 -38.360527 17.661968 150.099776 -0.126806 -0.140811 0.051808 0.980514
24.361780 -39.330127 18.205363 152.833826 -0.127847 -0.138843 0.051122 0.980696
24.569780 -40.712665 18.029038 153.244452 -0.129168 -0.120093 0.038141 0.983585
24.777900 -41.504990 18.744931 156.296513 -0.133693 -0.122006 0.038737 0.982721
24.986020 -42.364289 19.442758 159.247652 -0.133619 -0.122489 0.041507 0.982558
25.194150 -41.560417 18.584722 159.616186 -0.148874 -0.138073 0.036508 0.978488
25.402400 -41.158652 18.698596 160.392923 -0.150176 -0.148750 0.038010 0.976666
25.610540 -40.050352 18.495468 160.477599 -0.155422 -0.165365 0.053790 0.972422
25.818650 -39.398970 19.340822 162.289644 -0.150067 -0.188479 0.056419 0.968903
26.026980 -39.861940 19.308705 162.397116 -0.151543 -0.181377 0.060645 0.969773
26.235050 -40.305799 19.314723 162.572048 -0.152470 -0.175945 0.060081 0.970663
26.443290 -38.349439 19.847776 163.297013 -0.147366 -0.212555 0.066357 0.963691
26.651410 -39.740909 20.633024 165.934942 -0.145345 -0.211474 0.061163 0.964579
26.862580 -41.082793 21.259934 167.907625 -0.144376 -0.205735 0.055874 0.966285
27.067820 -42.400749 22.022521 170.760009 -0.144381 -0.206739 0.055452 0.966094
27.276060 -43.733359 22.794949 173.622704 -0.144729 -0.207420 0.055129 0.965915
27.484700 -45.124998 23.659603 176.527488 -0.143324 -0.207811 0.055008 0.966047
27.692530 -46.522541 24.377126 179.343279 -0.142458 -0.207723 0.047373 0.966599
27.900670 -47.810975 25.123272 182.173448 -0.143633 -0.209004 0.046753 0.966179
28.108940 -49.108433 25.792895 184.851069 -0.142754 -0.208986 0.040562 0.966592
