# timestamp tx ty tz qx qy qz qw
0.000000 0.000000 0.000000 0.000000 0.000000 0.000000 0.000000 1.000000
0.207894 -0.021584 -0.002441 0.183529 -0.000061 -0.006581 -0.000640 0.999978
0.415622 -0.043358 -0.005690 0.389886 0.000907 -0.015218 -0.000859 0.999883
0.623377 -0.081596 -0.004173 0.628934 0.002262 -0.027738 -0.000967 0.999612
0.830874 -0.148190 0.000330 0.916389 0.002543 -0.045068 -0.000461 0.998981
1.038404 -0.149560 -0.035469 1.130550 0.002190 -0.066810 -0.000362 0.997763
1.245873 -0.268781 -0.052354 1.464073 0.003902 -0.091802 -0.004632 0.995759
1.453253 -0.389068 -0.059041 1.791664 0.004854 -0.120558 -0.006572 0.992673
1.660772 -0.559996 -0.067035 2.153901 0.004613 -0.152664 -0.008930 0.988227
1.868002 -0.771995 -0.070915 2.529392 0.004687 -0.187645 -0.011437 0.982159
2.075498 -1.011324 -0.075558 2.891793 0.004727 -0.224063 -0.013618 0.974468
2.282875 -1.293560 -0.072949 3.273214 0.004577 -0.264725 -0.008288 0.964277
2.490144 -1.644259 -0.080465 3.640423 0.002481 -0.311773 -0.011269 0.950087
2.697329 -2.084315 -0.078799 4.018961 0.002321 -0.362560 -0.013311 0.931862
2.904641 -2.540526 -0.076690 4.341899 -0.000200 -0.416135 -0.008043 0.909267
3.112001 -3.119751 -0.060556 4.601900 -0.002860 -0.467589 -0.006602 0.883916
3.319374 -3.626698 -0.065631 4.813878 -0.004754 -0.520319 -0.006988 0.853930
3.526893 -4.274086 -0.051634 4.982519 -0.007047 -0.570410 -0.007451 0.821296
3.734395 -4.979445 -0.049575 5.107473 -0.011521 -0.616343 -0.007002 0.787362
3.942122 -5.760389 -0.052407 5.150617 -0.011044 -0.654848 -0.008392 0.755633
4.150266 -6.626896 -0.036726 5.150828 -0.009167 -0.684838 -0.009238 0.728580
4.358512 -7.570761 -0.024796 5.102981 -0.007483 -0.708434 -0.006991 0.705703
4.566885 -8.568312 -0.004581 5.015599 -0.005044 -0.724943 -0.006123 0.688763
4.775500 -9.582721 0.011225 4.940081 -0.005149 -0.735264 -0.005703 0.677737
4.984250 -10.725064 0.013923 4.802118 -0.004667 -0.740693 -0.007923 0.671781
5.192878 -11.935428 0.038263 4.667899 -0.005826 -0.742699 -0.007595 0.669557
5.401501 -13.195008 0.047683 4.541961 -0.008382 -0.741890 -0.008457 0.670416
5.610008 -14.524029 0.057344 4.385785 -0.006384 -0.740589 -0.008809 0.671870
5.818377 -15.902656 0.078189 4.257715 -0.007096 -0.739594 -0.009856 0.672943
6.026772 -17.338723 0.102086 4.127072 -0.008616 -0.738411 -0.012299 0.674184
6.235023 -18.800278 0.120380 3.999155 -0.006046 -0.737330 -0.012638 0.675387
6.443143 -20.315648 0.162175 3.907644 -0.007170 -0.736724 -0.012441 0.676041
6.651280 -21.890749 0.186235 3.788818 -0.009443 -0.736099 -0.012797 0.676687
6.859377 -23.485589 0.200127 3.664027 -0.006172 -0.736003 -0.007976 0.676903
7.067377 -25.110305 0.220623 3.537492 -0.006168 -0.736359 -0.004978 0.676545
7.275272 -26.803875 0.236141 3.366329 -0.010824 -0.736289 -0.010832 0.676494
7.483251 -28.486695 0.262896 3.210223 -0.011964 -0.736604 -0.013935 0.676075
7.691129 -30.169904 0.302864 3.057276 -0.009763 -0.736982 -0.011377 0.675746
7.899003 -31.868044 0.329691 2.884258 -0.010069 -0.736874 -0.013556 0.675819
8.107005 -33.526180 0.351910 2.732187 -0.007196 -0.736774 -0.011559 0.676002
8.315006 -35.198895 0.371651 2.580994 -0.005441 -0.736553 -0.010850 0.676271
8.522877 -36.888792 0.403451 2.416307 -0.008499 -0.736039 -0.012454 0.676771
8.730751 -38.582377 0.440087 2.260463 -0.011485 -0.735719 -0.015243 0.677017
8.938756 -40.235006 0.476496 2.136395 -0.010117 -0.735975 -0.013175 0.676805
9.146631 -41.898986 0.495444 1.978227 -0.006185 -0.735789 -0.012290 0.677071
9.354505 -43.548380 0.505809 1.827962 -0.004374 -0.736169 -0.011520 0.676685
9.562503 -45.179506 0.513123 1.691300 -0.005210 -0.736936 -0.006856 0.675907
9.770380 -46.825071 0.517891 1.539810 -0.009397 -0.738157 -0.009461 0.674498
9.978133 -48.456209 0.529927 1.391938 -0.010861 -0.739438 -0.009890 0.673064
10.186010 -50.047492 0.542661 1.216208 -0.005674 -0.740271 -0.009839 0.672213
10.393880 -51.649210 0.552797 1.033233 -0.003491 -0.741010 -0.011774 0.671381
10.601750 -53.218726 0.547777 0.874195 -0.003183 -0.741777 -0.013190 0.670509
10.809650 -54.772115 0.560160 0.715385 -0.004073 -0.742287 -0.013220 0.669939
11.017510 -56.315806 0.577889 0.554693 -0.006838 -0.742510 -0.015476 0.669621
11.225380 -57.844590 0.598474 0.389651 -0.007720 -0.743075 -0.015850 0.668976
11.433260 -59.324597 0.614434 0.230638 -0.006356 -0.743396 -0.013218 0.668691
11.641130 -60.772823 0.624174 0.070797 -0.004447 -0.743050 -0.011461 0.669123
11.849140 -62.178415 0.635982 -0.086005 -0.003513 -0.740998 -0.012084 0.671390
12.057260 -63.512582 0.646011 -0.213112 -0.004702 -0.736487 -0.012475 0.676320
12.265510 -64.792005 0.642212 -0.309794 -0.004987 -0.729357 -0.014611 0.683959
12.473910 -65.996737 0.657956 -0.349514 -0.004266 -0.717910 -0.016841 0.695919
12.682390 -67.107790 0.672872 -0.305024 -0.004428 -0.701390 -0.016944 0.712562
12.891130 -68.141910 0.685395 -0.170812 -0.005425 -0.678915 -0.015139 0.734041
13.099880 -69.088234 0.689261 0.032497 -0.006119 -0.649698 -0.014276 0.760034
13.308760 -69.957452 0.688115 0.276068 -0.008475 -0.612312 -0.012283 0.790476
13.517630 -70.775881 0.685583 0.635602 -0.010612 -0.569118 -0.004736 0.822174
13.726510 -71.554394 0.720299 1.113055 -0.011447 -0.522394 0.000527 0.852627
13.935130 -72.275768 0.736244 1.659481 -0.014719 -0.475812 0.005173 0.879409
14.143650 -72.891812 0.729382 2.268120 -0.017380 -0.428160 0.011501 0.903462
14.352150 -73.466769 0.737160 2.901321 -0.007713 -0.376685 0.012510 0.926225
14.560630 -74.037945 0.742078 3.679388 -0.001251 -0.320950 0.011347 0.947027
14.769010 -74.522732 0.740831 4.550639 0.001094 -0.264777 0.010388 0.964253
14.977150 -74.883165 0.735096 5.523768 0.000795 -0.215359 0.006188 0.976515
15.185010 -75.282222 0.724474 6.610444 0.001663 -0.174211 0.000760 0.984707
15.392480 -75.647699 0.709739 7.787999 -0.000265 -0.145572 0.000525 0.989348
15.599910 -75.970475 0.703075 9.018098 -0.002524 -0.125375 -0.001002 0.992106
15.807320 -76.287348 0.704246 10.313150 -0.003527 -0.110756 -0.004952 0.993829
16.014760 -76.579179 0.696288 11.673834 -0.003476 -0.096764 -0.004773 0.995290
16.222360 -76.832664 0.697389 13.083896 -0.003870 -0.082042 -0.006108 0.996603
16.429890 -77.043566 0.686984 14.509436 0.000156 -0.070006 -0.007132 0.997521
16.637520 -77.210750 0.670708 15.962597 0.003239 -0.061279 -0.006361 0.998095
16.845140 -77.404385 0.647113 17.488480 -0.003661 -0.055170 -0.010445 0.998416
17.052630 -77.560552 0.639584 19.013931 -0.004935 -0.051547 -0.010038 0.998608
17.260280 -77.695265 0.623382 20.497157 -0.005835 -0.048625 -0.009071 0.998759
17.467890 -77.779114 0.590455 21.891904 -0.008709 -0.046264 -0.007248 0.998865
17.675510 -77.929793 0.579630 23.404725 -0.003265 -0.043870 -0.008477 0.998996
17.883140 -78.067764 0.563267 24.915379 0.002687 -0.042371 -0.009461 0.999054
18.090880 -78.209432 0.543044 26.424110 0.000185 -0.040064 -0.011999 0.999125
18.298510 -78.330924 0.519738 27.927230 -0.003379 -0.037849 -0.012046 0.999205
18.506260 -78.441612 0.497944 29.423500 -0.003461 -0.036773 -0.009506 0.999272
18.713910 -78.516447 0.486240 30.848148 -0.001849 -0.036219 -0.008870 0.999303
18.921640 -78.618451 0.469631 32.342430 -0.002214 -0.035636 -0.010572 0.999306
19.129390 -78.719230 0.452364 33.865830 -0.001669 -0.036893 -0.010319 0.999265
19.337010 -78.864444 0.437604 35.450261 -0.001594 -0.039252 -0.010816 0.999170
19.544760 -79.059340 0.415532 37.049360 0.001245 -0.041151 -0.013533 0.999060
19.752390 -79.225060 0.405521 38.686367 0.004096 -0.043220 -0.013156 0.998971
19.960140 -79.400718 0.376204 40.368289 0.003060 -0.045161 -0.012994 0.998891
20.167930 -79.568164 0.360313 42.034599 0.000704 -0.046540 -0.012996 0.998832
20.375760 -79.738491 0.337486 43.732378 -0.002808 -0.046482 -0.013099 0.998829
20.583640 -79.878123 0.317409 45.363627 -0.002071 -0.044422 -0.015674 0.998888
20.791530 -80.051782 0.308841 47.152465 0.000080 -0.042710 -0.013113 0.999001
20.999260 -80.212460 0.317877 48.878229 -0.000478 -0.040889 -0.011165 0.999101
21.207140 -80.357235 0.287033 50.627517 -0.001998 -0.039981 -0.009822 0.999150
21.415040 -80.523890 0.264979 52.364096 0.002757 -0.038905 -0.011916 0.999168
21.622900 -80.643615 0.234821 54.067094 0.008998 -0.038589 -0.015617 0.999093
21.830760 -80.805641 0.166283 55.776608 0.006165 -0.037254 -0.015331 0.999169
22.038660 -80.967620 0.084419 57.472149 -0.002667 -0.037120 -0.016889 0.999165
22.246540 -81.119936 0.059681 59.158962 0.000363 -0.038548 -0.014193 0.999156
22.454390 -81.282312 0.028534 60.825972 0.002134 -0.040826 -0.014121 0.999064
22.662270 -81.458770 -0.005796 62.476949 0.005866 -0.044034 -0.015706 0.998889
22.870160 -81.646134 -0.048827 64.105097 0.007979 -0.046948 -0.018845 0.998688
23.078010 -81.826600 -0.084096 65.715980 0.004573 -0.050762 -0.022065 0.998457
23.285910 -82.007424 -0.126802 67.300704 -0.000275 -0.055337 -0.021663 0.998233
23.493760 -82.205321 -0.142087 68.862092 -0.002540 -0.061564 -0.019957 0.997900
23.701510 -82.435547 -0.154983 70.417501 -0.001624 -0.067798 -0.022483 0.997444
23.909390 -82.665774 -0.165839 71.927850 0.001831 -0.073907 -0.022799 0.997003
24.117270 -82.927571 -0.184087 73.461173 0.000207 -0.078923 -0.024251 0.996586
24.325140 -83.207614 -0.203766 74.984459 -0.002901 -0.084984 -0.024421 0.996079
24.533020 -83.498379 -0.211232 76.482852 0.002756 -0.092641 -0.022558 0.995440
24.740760 -83.810559 -0.232096 77.964693 0.002256 -0.102842 -0.020790 0.994478
24.948510 -84.172230 -0.244706 79.434804 -0.004763 -0.114319 -0.020264 0.993226
25.156270 -84.556964 -0.259156 80.864630 -0.004009 -0.125853 -0.022311 0.991790
25.364010 -85.013273 -0.283277 82.305560 0.003150 -0.137983 -0.023325 0.990155
25.571790 -85.411690 -0.298199 83.698816 -0.003212 -0.150491 -0.022607 0.988348
25.779520 -85.928828 -0.313914 85.121820 -0.004921 -0.162804 -0.022265 0.986395
25.987390 -86.461661 -0.324056 86.543012 0.000502 -0.173384 -0.020611 0.984638
26.195270 -87.051114 -0.337219 87.963014 0.004287 -0.180493 -0.019620 0.983371
26.403140 -87.644683 -0.373510 89.363791 0.003759 -0.188480 -0.023414 0.981791
26.611020 -88.204534 -0.386299 90.760376 -0.004003 -0.196596 -0.023435 0.980196
26.818890 -88.850670 -0.392036 92.144961 -0.004187 -0.202473 -0.032321 0.978745
27.026890 -89.459779 -0.380456 93.517806 0.002789 -0.208249 -0.027727 0.977679
27.234770 -90.137228 -0.384369 94.911734 0.001220 -0.212143 -0.031116 0.976742
27.442660 -90.784610 -0.403926 96.317262 -0.000392 -0.218220 -0.030448 0.975425
27.650520 -91.466737 -0.414230 97.688440 0.005944 -0.223377 -0.030156 0.974247
27.858410 -92.165361 -0.429778 99.072829 0.004777 -0.228222 -0.031801 0.973078
28.066150 -92.863739 -0.438032 100.440587 0.003595 -0.233191 -0.032245 0.971890
28.274040 -93.584595 -0.453388 101.789097 0.003675 -0.237611 -0.030496 0.970875
28.481890 -94.300482 -0.460170 103.119965 0.003273 -0.242330 -0.030712 0.969702
28.689660 -95.027309 -0.476858 104.438707 0.005155 -0.247217 -0.029977 0.968483
28.897520 -95.749879 -0.491166 105.709555 0.008413 -0.251639 -0.028143 0.967375
29.105390 -96.477863 -0.505555 106.985109 0.002347 -0.255334 -0.029538 0.966399
29.313270 -97.198161 -0.495392 108.243721 -0.005244 -0.258468 -0.027069 0.965626
29.521140 -97.896389 -0.488699 109.420385 -0.003437 -0.261721 -0.025347 0.964805
29.729040 -98.563521 -0.488118 110.539493 -0.001757 -0.264932 -0.023892 0.963969
29.936770 -99.201974 -0.478055 111.596500 -0.002099 -0.267646 -0.022398 0.963255
30.144650 -99.828165 -0.465200 112.578381 -0.002881 -0.269581 -0.021782 0.962727
30.352400 -100.375228 -0.460474 113.494967 -0.002648 -0.272338 -0.020048 0.961989
30.560270 -100.897861 -0.459080 114.310253 0.001487 -0.275048 -0.019694 0.961228
30.767900 -101.365355 -0.433608 115.051703 0.001914 -0.279429 -0.015201 0.960044
30.975650 -101.808868 -0.429841 115.713254 0.000969 -0.285816 -0.016859 0.958136
31.183270 -102.215446 -0.427341 116.337618 -0.003375 -0.293057 -0.021205 0.955854
31.390900 -102.577859 -0.422584 116.878830 -0.006413 -0.302052 -0.019406 0.953072
31.598390 -102.933664 -0.423369 117.335844 -0.008580 -0.314397 -0.017097 0.949099
31.805770 -103.274812 -0.426475 117.714668 -0.008816 -0.331596 -0.017904 0.943210
32.013150 -103.543491 -0.406956 118.060752 -0.004674 -0.354202 -0.017003 0.935003
32.220650 -103.891372 -0.400568 118.365070 0.000372 -0.374803 -0.016865 0.926951
32.428170 -104.212632 -0.396627 118.632607 0.002964 -0.396795 -0.021201 0.917658
32.635530 -104.538099 -0.370351 118.904993 0.000815 -0.421208 -0.018541 0.906774
32.842900 -104.912386 -0.375804 119.127331 -0.001331 -0.447730 -0.021916 0.893899
33.050400 -105.281478 -0.359025 119.333528 -0.003028 -0.475329 -0.024964 0.879449
33.257770 -105.665111 -0.310644 119.500537 -0.001700 -0.502369 -0.028963 0.864166
33.465270 -106.050186 -0.344528 119.642477 -0.004245 -0.530489 -0.030675 0.847126
33.672790 -106.486068 -0.335878 119.778246 -0.001751 -0.561681 -0.028563 0.826859
33.880040 -106.956465 -0.346557 119.838080 -0.002660 -0.595382 -0.028075 0.802948
34.087400 -107.542141 -0.283150 119.983634 -0.001418 -0.634658 -0.025258 0.772379
34.294770 -108.180474 -0.255137 119.988726 -0.002130 -0.672724 -0.024087 0.739498
34.502140 -108.889960 -0.267631 119.981663 -0.007648 -0.712299 -0.024601 0.701404
34.709660 -109.653030 -0.233354 119.870517 -0.012041 -0.749740 -0.023292 0.661213
34.917150 -110.453449 -0.159633 119.647347 -0.012837 -0.783767 -0.023134 0.620491
35.124770 -111.288546 -0.102761 119.330425 -0.015913 -0.814353 -0.021155 0.579766
35.332520 -112.148830 -0.054588 118.914042 -0.020259 -0.841864 -0.018408 0.538994
35.540420 -112.945794 -0.007683 118.415300 -0.022716 -0.865051 -0.016966 0.500882
35.748650 -113.792289 0.042696 117.861652 0.023821 0.882754 0.016448 -0.468943
35.957050 -114.703890 0.117339 117.140161 0.022319 0.893911 0.015927 -0.447406
36.165670 -115.666508 0.159414 116.343330 0.022541 0.900625 0.016453 -0.433699
36.374170 -116.673154 0.223498 115.499661 0.023623 0.905382 0.016482 -0.423621
36.582670 -117.715064 0.283222 114.570410 0.023475 0.908453 0.017133 -0.416976
36.791110 -118.797352 0.339321 113.609031 0.024033 0.910455 0.017299 -0.412547
36.999490 -119.937273 0.404108 112.619500 0.024680 0.911469 0.017265 -0.410265
37.207650 -121.099862 0.468755 111.576876 0.024477 0.911844 0.016412 -0.409479
37.415890 -122.340074 0.547269 110.460020 0.024490 0.912209 0.016106 -0.408675
37.624150 -123.617845 0.615838 109.301132 0.023872 0.912565 0.018786 -0.407802
37.832280 -124.925527 0.685644 108.117782 0.024150 0.913006 0.017434 -0.406857
38.040280 -126.272154 0.759442 106.910860 0.025612 0.913418 0.015886 -0.405905
38.248280 -127.628049 0.783684 105.660183 0.027929 0.913811 0.014459 -0.404921
38.456150 -129.002971 0.851245 104.386974 0.025349 0.914350 0.011162 -0.403976
38.664150 -130.408173 0.883017 103.064443 0.024772 0.914161 0.012764 -0.404392
38.872030 -131.889231 0.944701 101.720969 0.025993 0.914340 0.015134 -0.403829
39.079900 -133.365575 1.110727 100.340539 0.028517 0.914329 0.013851 -0.403730
39.287780 -134.829116 1.187522 99.008106 0.028453 0.914551 0.014163 -0.403221
39.495830 -136.263686 1.239901 97.653155 0.028727 0.914370 0.015629 -0.403557
39.703630 -137.737026 1.309476 96.299355 0.029047 0.914626 0.015753 -0.402948
39.911280 -139.190668 1.377580 94.890998 0.029238 0.914721 0.014787 -0.402755
40.119140 -140.636321 1.451942 93.551495 0.029140 0.915190 0.014509 -0.401705
40.326930 -142.063408 1.509987 92.211191 0.027834 0.915429 0.014211 -0.401263
40.534990 -143.504959 1.582669 90.863941 0.025868 0.915543 0.015020 -0.401105
40.742540 -144.942627 1.642707 89.535328 0.024728 0.915213 0.014797 -0.401939
40.950400 -146.404219 1.701626 88.209595 0.023820 0.914705 0.014498 -0.403159
41.158230 -147.862941 1.770752 86.865880 0.026424 0.914075 0.016881 -0.404331
41.365930 -149.312833 1.843262 85.538578 0.029452 0.913685 0.020121 -0.404856
41.573580 -150.725686 1.924733 84.269662 0.027292 0.913847 0.015837 -0.404830
41.781210 -152.127561 2.037682 82.981998 0.027360 0.913813 0.016565 -0.404875
41.988800 -153.529314 2.127208 81.682717 0.028336 0.913913 0.015505 -0.404623
42.196450 -154.981502 2.177276 80.389298 0.027354 0.914559 0.015740 -0.403220
42.404080 -156.426275 2.254412 79.073387 0.029449 0.914925 0.018488 -0.402123
42.611550 -157.838917 2.308337 77.769200 0.030496 0.915278 0.017984 -0.401263
42.819190 -159.226431 2.385507 76.428116 0.028739 0.915236 0.016845 -0.401539
43.026850 -160.600048 2.447899 75.130902 0.026925 0.914794 0.017297 -0.402652
43.234430 -161.976695 2.505781 73.829272 0.024850 0.914393 0.018531 -0.403638
43.442050 -163.369600 2.568562 72.530584 0.024355 0.914134 0.018297 -0.404267
43.649770 -164.741515 2.622102 71.290458 0.023881 0.914052 0.017926 -0.404496
43.857500 -166.136844 2.693014 69.990210 0.025648 0.913641 0.017817 -0.405321
44.065190 -167.502889 2.746272 68.714428 0.024064 0.913321 0.015206 -0.406244
44.272790 -168.836137 2.797062 67.519294 0.022781 0.913098 0.015328 -0.406814
44.480540 -170.159676 2.841402 66.298814 0.022035 0.913036 0.016233 -0.406961
44.688220 -171.436609 2.903886 65.146814 0.022385 0.913080 0.015396 -0.406873
44.895870 -172.682173 2.948103 64.016770 0.021478 0.913157 0.015803 -0.406734
45.103550 -173.879513 2.992728 62.938706 0.021597 0.913319 0.016035 -0.406357
45.311220 -175.046564 3.058600 61.879314 0.022302 0.913401 0.017554 -0.406069
45.518940 -176.437865 3.076277 60.925813 0.024235 0.915091 0.018781 -0.402080
45.726540 -177.530210 3.130904 59.930968 0.026007 0.915367 0.018328 -0.401362
45.934310 -178.555838 3.169588 58.977207 0.026565 0.915914 0.018282 -0.400076
46.142050 -179.546664 3.203857 58.038817 0.028277 0.917400 0.016197 -0.396631
46.349680 -180.471176 3.239608 57.129182 0.030545 0.920720 0.014779 -0.388747
46.557220 -181.326397 3.280454 56.201222 0.033121 0.925386 0.014016 -0.377315
46.764550 -182.138882 3.317348 55.297340 0.036562 0.932006 0.012699 -0.360369
46.971930 -182.856198 3.335319 54.381953 0.038452 0.940423 0.012321 -0.337600
47.179170 -183.465245 3.362133 53.466945 0.036279 0.950161 0.014438 -0.309304
47.386540 -184.002579 3.389306 52.553034 0.033913 0.960829 0.016051 -0.274591
47.593870 -184.429530 3.406233 51.649417 0.032659 0.971922 0.017585 -0.232360
47.801160 -184.740894 3.427988 50.708283 0.022893 0.982093 0.017386 -0.186190
48.008600 -184.961725 3.446271 49.766647 0.015734 0.990075 0.015072 -0.138839
48.216060 -185.115019 3.468918 48.834973 0.015060 0.995877 0.014028 -0.088347
48.423630 -185.132767 3.455859 47.918828 0.012570 0.999037 0.017733 -0.038125
48.631190 -185.022522 3.485652 47.008106 0.006544 0.999673 0.021738 0.011730
48.838780 -184.883495 3.503998 46.105916 0.013221 0.997646 0.020698 0.064024
49.046410 -184.626240 3.529200 45.258833 0.015639 0.993177 0.017892 0.114174
49.254030 -184.322033 3.542643 44.440009 0.017131 0.986031 0.015932 0.164912
49.461780 -183.869787 3.585973 43.612623 0.020543 0.977029 0.014548 0.211615
49.669780 -183.352406 3.594927 42.817226 0.016838 0.967028 0.016714 0.253561
49.878030 -182.810539 3.597192 42.018450 0.019959 0.957214 0.021080 0.287922
50.086410 -182.197213 3.616834 41.238311 0.018501 0.948916 0.021354 0.314262
50.295050 -181.575203 3.626424 40.470324 0.022299 0.942460 0.021700 0.332869
50.503680 -180.894368 3.649871 39.702818 0.018382 0.938473 0.019248 0.344325
50.712390 -180.179097 3.654987 38.924722 0.018216 0.935835 0.017189 0.351546
50.920920 -179.453628 3.663018 38.129216 0.021046 0.934107 0.017506 0.355941
51.129530 -178.673668 3.671473 37.280743 0.018511 0.933111 0.014786 0.358808
51.338030 -177.878465 3.653615 36.433479 0.020759 0.932618 0.016362 0.359897
51.546400 -177.047988 3.647436 35.539882 0.023714 0.932906 0.017263 0.358923
51.754650 -176.191827 3.650833 34.709374 0.021785 0.933495 0.010808 0.357765
51.962780 -175.257176 3.649312 33.689227 0.023776 0.933759 0.009092 0.356997
52.171030 -174.290681 3.633366 32.680128 0.019737 0.934158 0.010166 0.356168
52.379030 -173.299449 3.613447 31.657464 0.016847 0.934220 0.010869 0.356134
52.587160 -172.252410 3.614539 30.430378 0.016830 0.933909 0.014928 0.356802
52.795150 -171.157127 3.643859 29.207870 0.012854 0.933632 0.012663 0.357779
53.003160 -170.031192 3.648688 28.006678 0.014619 0.933456 0.012453 0.358178
53.211180 -168.856490 3.661920 26.677687 0.016171 0.933321 0.017019 0.358274
53.419160 -167.686266 3.666048 25.378582 0.020045 0.933012 0.016101 0.358927
53.627040 -166.483909 3.707630 23.987348 0.023536 0.932696 0.012907 0.359662
53.835050 -165.183281 3.732940 22.494274 0.022546 0.932823 0.012420 0.359416
54.042910 -163.931164 3.720542 21.119477 0.022110 0.932822 0.015422 0.359328
54.250800 -162.688582 3.722501 19.677420 0.027433 0.932554 0.018823 0.359495
54.458660 -161.436472 3.717579 18.317742 0.029316 0.932520 0.024531 0.359089
54.666410 -160.189695 3.736584 17.018666 0.030998 0.932657 0.027061 0.358410
54.874290 -158.939415 3.733410 15.649171 0.033585 0.933084 0.019571 0.357553
55.082040 -157.714067 3.727801 14.301358 0.033870 0.933442 0.019364 0.356600
55.290780 -156.486363 3.717746 12.958069 0.033371 0.933731 0.021252 0.355782
55.497680 -155.333398 3.777975 11.571636 0.030830 0.935280 0.019876 0.352004
55.705670 -154.182158 3.806723 10.174872 0.030871 0.938666 0.019320 0.342900
55.913810 -153.050905 3.821098 8.764139 0.032993 0.943985 0.022058 0.327594
56.122050 -151.904461 3.791456 7.339572 0.034161 0.951378 0.025427 0.305067
56.330510 -150.936670 3.839884 5.821149 0.037551 0.959973 0.026941 0.276254
56.538940 -150.022850 3.848301 4.254922 0.039730 0.968636 0.027711 0.243717
56.747290 -149.202372 3.875987 2.646556 0.043075 0.976510 0.019231 0.210243
56.955550 -148.539958 3.892920 1.063995 0.038588 0.983205 0.014963 0.177747
57.163560 -147.982034 3.910860 -0.558642 0.038428 0.987828 0.014080 0.150069
57.371290 -147.485681 3.924000 -2.256314 0.038835 0.990791 0.013876 0.128967
57.579070 -147.060199 3.950184 -3.996145 0.036935 0.993118 0.017432 0.109765
57.786690 -146.724993 3.983573 -5.754889 0.036267 0.994897 0.014832 0.092982
57.994890 -146.462474 4.008786 -7.541780 0.040764 0.995745 0.015480 0.081184
58.201850 -146.186370 4.064751 -9.413990 0.045215 0.995763 0.024441 0.076245
58.409230 -145.917482 4.131183 -11.241290 0.042672 0.995989 0.022653 0.075317
58.616560 -145.585759 4.182673 -13.165008 0.036178 0.996411 0.018858 0.074169
58.824030 -145.223176 4.219806 -15.130115 0.032855 0.996575 0.019788 0.073266
59.031700 -144.879547 4.268743 -17.144642 0.031772 0.996586 0.020514 0.073384
59.239170 -144.552858 4.306737 -19.173512 0.029835 0.996601 0.019107 0.074366
59.446780 -144.210760 4.337427 -21.239661 0.027162 0.996705 0.017677 0.074360
59.654550 -143.890183 4.369607 -23.330680 0.025250 0.996850 0.017877 0.073033
59.862460 -143.563955 4.400427 -25.400775 0.024430 0.996973 0.018261 0.071514
60.069690 -143.250896 4.462872 -27.540011 0.023758 0.997039 0.019806 0.070408
60.277190 -142.954119 4.522726 -29.679053 0.022315 0.997142 0.019603 0.069471
60.484800 -142.643139 4.562445 -31.763142 0.021679 0.997262 0.017523 0.068498
60.692600 -142.351033 4.597628 -33.890057 0.020480 0.997394 0.018067 0.066780
60.900200 -142.064775 4.624481 -35.933327 0.019943 0.997574 0.018957 0.063941
61.107700 -141.814349 4.660817 -37.998544 0.018225 0.997805 0.017674 0.061160
61.315290 -141.607216 4.662660 -40.068742 0.018567 0.997897 0.019596 0.058924
61.522950 -141.387604 4.732540 -42.122786 0.018366 0.998033 0.019804 0.056573
61.730990 -141.149244 4.780142 -44.130513 0.018955 0.998161 0.018921 0.054379
61.938390 -140.909000 4.805523 -46.123339 0.018112 0.998252 0.019368 0.052822
62.145930 -140.715667 4.838020 -48.125065 0.017758 0.998326 0.016243 0.052593
62.353660 -140.496308 4.850187 -50.065248 0.017525 0.998343 0.014608 0.052836
62.561290 -140.290952 4.889752 -52.065688 0.019461 0.998250 0.015209 0.053733
62.769050 -140.071895 4.918190 -54.013896 0.020896 0.998163 0.015967 0.054575
62.976670 -139.839665 4.925188 -55.917514 0.020828 0.998117 0.016645 0.055237
63.184460 -139.619381 4.949336 -57.830899 0.021606 0.998041 0.015432 0.056653
63.392070 -139.386613 4.964036 -59.722589 0.021479 0.997882 0.014575 0.059655
63.599720 -139.148640 4.979290 -61.611297 0.021655 0.997754 0.013384 0.061963
63.807440 -138.904321 4.986881 -63.456426 0.020569 0.997710 0.014668 0.062734
64.015770 -138.682017 5.006477 -65.308982 0.019963 0.997732 0.016030 0.062260
64.223410 -138.463839 5.026485 -67.082026 0.019031 0.997836 0.015875 0.060903
64.431450 -138.241718 5.023717 -68.827162 0.019022 0.998113 0.016213 0.056092
64.639590 -138.053002 5.048923 -70.475557 0.020379 0.998490 0.016453 0.048294
64.847590 -138.078340 5.104638 -72.026782 0.023262 0.998664 0.016890 0.042939
65.055500 -137.985826 5.129214 -73.489040 0.024836 0.998906 0.017384 0.035593
65.263460 -137.920232 5.146272 -74.855489 0.025674 0.999096 0.016972 0.029333
65.471470 -137.903622 5.166346 -76.119424 0.026964 0.999206 0.016324 0.024378
65.679310 -137.898179 5.179502 -77.253206 0.028495 0.999246 0.016803 0.020338
65.887300 -137.915263 5.171998 -78.240938 0.028339 0.999266 0.018914 0.017520
66.095340 -138.025023 5.172693 -79.099335 0.029928 0.999197 0.019717 0.017921
66.303070 -138.249740 5.143343 -79.844264 0.033327 0.999025 0.019933 0.020979
66.512930 -138.249740 5.143343 -79.844264 0.033327 0.999025 0.019933 0.020979
66.718800 -135.877863 5.121925 -80.060286 0.032332 0.999177 0.012924 0.020808
66.926760 -135.871031 5.098684 -80.485170 0.030380 0.999189 0.012137 0.023471
67.134650 -135.835946 5.124401 -80.882109 0.030807 0.999147 0.009331 0.025886
67.342520 -135.793477 5.099540 -81.236028 0.030974 0.999077 0.010408 0.027890
67.550330 -135.772700 5.114558 -81.564377 0.029080 0.999052 0.009702 0.030910
67.758210 -135.726392 5.097022 -81.837723 0.030456 0.998890 0.009403 0.034675
67.966080 -135.693107 5.097907 -82.095468 0.029731 0.998692 0.009017 0.040611
68.173980 -135.648329 5.099375 -82.303591 0.027577 0.998417 0.008704 0.048242
68.381800 -135.624221 5.099674 -82.479403 0.025981 0.998100 0.009245 0.055095
68.589980 -135.587427 5.089605 -82.588360 0.025854 0.997859 0.009083 0.059387
68.797970 -135.576154 5.092464 -82.646958 0.026175 0.997687 0.008849 0.062112
69.006040 -135.571839 5.101425 -82.666690 0.025839 0.997614 0.008443 0.063468
69.214230 -135.574147 5.090260 -82.669932 0.026178 0.997599 0.008393 0.063562
69.422330 -135.569578 5.091420 -82.666019 0.026208 0.997623 0.007474 0.063284
69.630320 -135.586601 5.084322 -82.664163 0.026043 0.997595 0.007647 0.063785
69.838430 -135.578660 5.080451 -82.665880 0.026132 0.997594 0.007971 0.063720
70.047250 -135.587050 5.076536 -82.667005 0.025865 0.997594 0.007774 0.063850
70.254450 -135.579204 5.082385 -82.671454 0.026260 0.997598 0.007688 0.063643
70.462450 -135.569288 5.080957 -82.665297 0.026102 0.997597 0.007736 0.063705
70.670640 -135.561788 5.088020 -82.660831 0.026223 0.997602 0.007566 0.063600
70.878550 -135.564773 5.098212 -82.668774 0.026303 0.997583 0.007293 0.063895
71.086680 -135.557619 5.090977 -82.659297 0.026432 0.997579 0.007524 0.063886
71.294670 -135.565002 5.086888 -82.655640 0.026456 0.997543 0.007669 0.064413
71.503010 -135.576189 5.092552 -82.662279 0.026698 0.997494 0.007573 0.065085
71.710990 -135.559870 5.091567 -82.656050 0.026633 0.997523 0.007538 0.064673
71.918960 -135.573730 5.096019 -82.663044 0.026678 0.997485 0.007406 0.065242
72.127050 -135.561310 5.091660 -82.659503 0.026829 0.997488 0.007498 0.065128
72.335120 -135.570108 5.095777 -82.666169 0.026761 0.997467 0.007448 0.065476
72.543190 -135.559426 5.098679 -82.662219 0.026861 0.997477 0.007385 0.065300
72.751200 -135.569740 5.103278 -82.668051 0.026923 0.997445 0.007243 0.065778
72.959210 -135.589514 5.094803 -82.659444 0.027041 0.997410 0.007500 0.066228
73.167460 -135.565349 5.090539 -82.666021 0.027087 0.997427 0.007516 0.065949
73.375310 -135.569089 5.093659 -82.664910 0.027050 0.997424 0.007471 0.066010
73.583460 -135.578685 5.097915 -82.658594 0.026922 0.997423 0.007394 0.066085
73.791560 -135.572950 5.094029 -82.665128 0.027098 0.997418 0.007504 0.066076
73.999560 -135.605411 5.085533 -82.664360 0.026955 0.997373 0.007744 0.066783
74.207700 -135.583144 5.089593 -82.658955 0.027115 0.997401 0.007608 0.066316
74.415680 -135.571573 5.090036 -82.663539 0.027120 0.997418 0.007578 0.066056
74.623890 -135.579167 5.089854 -82.667080 0.027015 0.997302 0.007282 0.067869
74.831850 -135.559622 5.097004 -82.683220 0.026433 0.997168 0.006821 0.070074
75.039850 -135.539251 5.095190 -82.720485 0.026516 0.996781 0.006788 0.075354
75.247810 -135.524819 5.085652 -82.774208 0.025927 0.996209 0.006990 0.082742
75.455730 -135.450816 5.090038 -82.832000 0.026115 0.995470 0.006596 0.091186
75.663570 -135.445187 5.071619 -82.926000 0.025618 0.994304 0.006975 0.103225
75.871360 -135.449034 5.075531 -83.035144 0.025351 0.992625 0.005997 0.118393
76.079100 -135.447467 5.106848 -83.178269 0.024673 0.990283 0.002782 0.136830
76.286810 -135.122190 5.085057 -83.370137 0.023930 0.988358 0.002775 0.150225
76.495070 -135.002901 5.085870 -83.627743 0.025063 0.985015 0.003910 0.170595
76.702070 -134.868248 5.067240 -83.889946 0.023234 0.980625 0.005867 0.194422
76.909690 -134.648610 5.069042 -84.198272 0.023914 0.975401 0.007035 0.219024
77.117090 -134.493098 5.123275 -84.483874 0.027208 0.968074 0.008996 0.249022
77.324460 -134.222077 5.118649 -84.834662 0.027435 0.958366 0.008756 0.284087
77.531820 -133.888648 5.114693 -85.201907 0.025340 0.945082 0.005411 0.325805
77.739080 -133.427161 5.094492 -85.620657 0.026227 0.927341 0.003120 0.373284
77.946530 -132.855197 5.080129 -86.067782 0.028277 0.905799 0.000007 0.422764
78.153970 -132.110016 5.050660 -86.529658 0.028506 0.881890 -0.000288 0.470593
78.361560 -131.198142 5.028762 -86.975156 0.027077 0.855175 0.001036 0.517631
78.569310 -130.160459 4.992210 -87.348224 0.026814 0.825554 0.006271 0.563651
78.776930 -128.990325 4.962796 -87.642305 0.025988 0.793437 0.009730 0.608019
78.984860 -127.736931 4.924100 -87.831107 0.025838 0.760873 0.012654 0.648263
79.192960 -126.307300 4.900753 -87.954425 0.027497 0.731647 0.011520 0.681032
79.401310 -124.821211 4.858267 -87.972441 0.027713 0.710191 0.008668 0.703410
79.610070 -123.229967 4.819590 -87.941929 0.028603 0.696253 0.006746 0.717194
79.818800 -121.592439 4.748449 -87.854967 0.031049 0.685519 0.006739 0.727361
80.027420 -119.860759 4.687467 -87.711292 0.033709 0.674803 0.003910 0.737217
80.235930 -117.992672 4.577496 -87.536023 0.031606 0.666445 0.001090 0.744883
80.444550 -116.051208 4.501464 -87.313054 0.028992 0.663552 -0.002687 0.747564
80.653190 -114.076127 4.405662 -86.998081 0.028495 0.663833 -0.002054 0.747335
80.861430 -111.972021 4.299924 -86.741513 0.028912 0.661170 -0.001446 0.749678
81.069680 -109.841487 4.180618 -86.465600 0.028479 0.657557 -0.002241 0.752863
81.277810 -107.636020 4.069074 -86.145332 0.027653 0.653691 -0.001316 0.756255
81.485930 -105.352234 3.942872 -85.793445 0.025691 0.650190 0.001275 0.759336
81.694050 -103.022970 3.826886 -85.425925 0.025979 0.649408 0.000034 0.759996
81.902180 -100.679886 3.725523 -85.060983 0.025285 0.650167 0.000637 0.759371
82.110180 -98.278807 3.617220 -84.717122 0.024614 0.650419 0.002244 0.759173
82.318180 -95.862743 3.527101 -84.354913 0.023451 0.651054 0.001157 0.758669
82.526180 -93.519014 3.370464 -83.947032 0.024392 0.652165 0.000201 0.757684
82.734050 -91.172509 3.240253 -83.627333 0.023523 0.651816 0.000784 0.758012
82.942060 -88.820866 3.098397 -83.267962 0.022561 0.652116 0.001069 0.757783
