# timestamp tx ty tz qx qy qz qw
1341839845.598549 0.000000 0.000000 0.000000 0.000000 0.000000 0.000000 1.000000
1341839845.629819 -0.003041 0.014450 -0.000044 0.002284 0.000527 -0.002164 0.999995
1341839845.665955 -0.018541 0.015642 0.005341 0.000794 0.001112 -0.005431 0.999984
1341839845.698027 -0.013104 0.010705 0.003840 -0.001109 -0.003046 -0.007645 0.999966
1341839845.730035 -0.007224 0.007176 0.004858 -0.002114 -0.004559 -0.009242 0.999945
1341839845.766091 -0.017758 0.006993 0.006471 -0.001759 -0.003461 -0.010582 0.999936
1341839845.798274 -0.016041 0.017937 0.003997 -0.001057 -0.005660 -0.011984 0.999912
1341839845.833868 -0.019622 0.007749 0.011064 -0.004234 -0.006660 -0.014468 0.999864
1341839845.865884 -0.018734 -0.001188 0.008036 -0.004318 -0.008237 -0.015906 0.999830
1341839845.897882 -0.011659 0.018734 0.003327 -0.001448 -0.009622 -0.015965 0.999825
1341839845.933769 -0.023929 0.012001 0.012976 -0.004939 -0.008226 -0.017909 0.999794
1341839845.966008 -0.020734 -0.004619 0.011642 -0.006357 -0.010411 -0.018226 0.999759
1341839845.997926 -0.005759 0.011240 0.003607 -0.002987 -0.012160 -0.017838 0.999762
1341839846.033941 -0.014940 0.013817 0.010713 -0.004570 -0.009233 -0.019924 0.999748
1341839846.065923 -0.023750 0.003865 0.014268 -0.006113 -0.008394 -0.019945 0.999747
1341839846.101945 -0.016303 0.009455 0.009811 -0.004881 -0.010530 -0.019900 0.999735
1341839846.133881 -0.009484 0.004233 0.010097 -0.006200 -0.011265 -0.021226 0.999692
1341839846.165870 0.000348 0.005169 0.006366 -0.005629 -0.010703 -0.021841 0.999688
1341839846.201921 -0.009098 0.011674 0.010961 -0.005704 -0.006537 -0.022845 0.999701
1341839846.233820 -0.022417 0.005214 0.017396 -0.007102 -0.004886 -0.024132 0.999672
1341839846.266171 -0.007252 0.004666 0.011688 -0.006385 -0.007769 -0.022947 0.999686
1341839846.302140 -0.011859 0.012581 0.015962 -0.005713 -0.005607 -0.022224 0.999721
1341839846.333843 -0.022881 0.003828 0.021816 -0.007445 -0.005308 -0.024159 0.999666
1341839846.369840 -0.004498 0.010564 0.017162 -0.006317 -0.009523 -0.025776 0.999602
1341839846.402011 0.003755 0.010053 0.020435 -0.008276 -0.008571 -0.027526 0.999550
1341839846.433900 -0.013790 -0.004184 0.027428 -0.010333 -0.004206 -0.028484 0.999532
1341839846.469927 -0.016681 0.004070 0.024307 -0.007587 -0.004618 -0.027356 0.999586
1341839846.501920 -0.023142 0.012725 0.031447 -0.007639 -0.005802 -0.026378 0.999606
1341839846.535053 -0.011927 -0.007378 0.032432 -0.010757 -0.010278 -0.026488 0.999538
1341839846.569928 0.005234 -0.003743 0.028648 -0.008911 -0.012083 -0.025426 0.999564
1341839846.602754 -0.006920 -0.002999 0.036992 -0.009612 -0.008414 -0.025182 0.999601
1341839846.637836 -0.009859 -0.018568 0.041922 -0.011382 -0.009158 -0.026194 0.999550
1341839846.669984 0.010205 -0.012009 0.038216 -0.009212 -0.011987 -0.026475 0.999535
1341839846.701829 0.002749 -0.013192 0.046430 -0.010849 -0.008018 -0.026381 0.999561
1341839846.737910 -0.023093 -0.022815 0.058500 -0.012471 -0.004688 -0.026826 0.999551
1341839846.769925 -0.008735 -0.026826 0.058597 -0.012134 -0.010405 -0.025651 0.999543
1341839846.805852 0.008427 -0.034651 0.060648 -0.013070 -0.012629 -0.025313 0.999514
1341839846.837837 0.000255 -0.044187 0.069190 -0.013548 -0.009157 -0.026247 0.999522
1341839846.869888 -0.000978 -0.039980 0.071648 -0.012160 -0.008673 -0.027060 0.999522
1341839846.906029 -0.001570 -0.050611 0.083371 -0.014569 -0.008126 -0.028570 0.999453
1341839846.938034 -0.005197 -0.071441 0.090872 -0.015249 -0.006609 -0.029410 0.999429
1341839846.969926 -0.011694 -0.057213 0.096485 -0.010498 -0.004969 -0.027193 0.999563
1341839847.006052 -0.018536 -0.071616 0.105409 -0.012653 -0.005633 -0.026199 0.999561
1341839847.037860 0.006448 -0.100959 0.103583 -0.014651 -0.009972 -0.026006 0.999505
1341839847.073971 0.013800 -0.089640 0.106497 -0.010379 -0.006248 -0.024461 0.999627
1341839847.105943 -0.013407 -0.089824 0.128784 -0.010964 -0.000154 -0.021809 0.999702
1341839847.137970 -0.007600 -0.112322 0.134100 -0.012572 -0.003150 -0.020690 0.999702
1341839847.173932 0.018308 -0.107578 0.132967 -0.010540 -0.005234 -0.019839 0.999734
1341839847.206020 0.000858 -0.119445 0.152042 -0.013113 0.001375 -0.020841 0.999696
1341839847.238111 -0.012523 -0.138919 0.157096 -0.014003 0.003833 -0.021086 0.999672
1341839847.273912 -0.017637 -0.124647 0.162620 -0.011003 0.003806 -0.020331 0.999726
1341839847.305944 -0.022478 -0.151548 0.173515 -0.016076 0.001819 -0.020248 0.999664
1341839847.341841 -0.004282 -0.185484 0.175217 -0.017282 -0.002496 -0.019277 0.999662
1341839847.373878 0.000145 -0.169914 0.174137 -0.012290 -0.000375 -0.019538 0.999734
1341839847.405870 -0.012717 -0.176684 0.191519 -0.013952 0.002700 -0.019035 0.999718
1341839847.441942 -0.011839 -0.194131 0.194339 -0.014422 0.001601 -0.018657 0.999721
1341839847.473884 -0.014521 -0.181219 0.200917 -0.011795 0.002320 -0.016479 0.999792
1341839847.505964 -0.036223 -0.203845 0.214253 -0.015548 0.003021 -0.014147 0.999774
1341839847.541985 -0.026473 -0.213678 0.220201 -0.014199 -0.002903 -0.013026 0.999810
1341839847.573837 0.000036 -0.215353 0.223912 -0.013620 -0.006541 -0.013279 0.999798
1341839847.609996 -0.002181 -0.232955 0.232314 -0.014803 -0.002364 -0.014331 0.999785
1341839847.642100 -0.009970 -0.235090 0.235815 -0.012578 0.001802 -0.014104 0.999820
1341839847.674027 -0.009217 -0.237337 0.242690 -0.011950 0.003411 -0.013953 0.999825
1341839847.710094 -0.009182 -0.243794 0.246790 -0.011795 0.005205 -0.015207 0.999801
1341839847.741882 -0.006992 -0.232773 0.250710 -0.010845 0.006590 -0.015831 0.999794
1341839847.773869 -0.017596 -0.250926 0.263995 -0.015793 0.009273 -0.017814 0.999674
1341839847.809897 -0.018629 -0.260119 0.269798 -0.016783 0.009304 -0.019968 0.999616
1341839847.841880 -0.012632 -0.260238 0.276770 -0.017442 0.008865 -0.020883 0.999590
1341839847.878289 -0.015236 -0.277823 0.286737 -0.020755 0.010898 -0.022021 0.999483
1341839847.909840 -0.028628 -0.277485 0.294159 -0.020019 0.013329 -0.022087 0.999467
1341839847.941861 -0.024864 -0.285748 0.303019 -0.022470 0.010898 -0.020705 0.999474
1341839847.977961 -0.010825 -0.312160 0.310487 -0.025504 0.008878 -0.020481 0.999425
1341839848.009877 -0.011627 -0.298566 0.314660 -0.022173 0.010942 -0.020397 0.999486
1341839848.045768 -0.021509 -0.310997 0.329704 -0.025281 0.013149 -0.019292 0.999408
1341839848.077904 -0.026268 -0.326452 0.339347 -0.026403 0.012436 -0.018532 0.999402
1341839848.109911 -0.028369 -0.314918 0.345182 -0.024225 0.010369 -0.016796 0.999512
1341839848.145877 -0.020589 -0.338593 0.357626 -0.029478 0.005921 -0.016306 0.999415
1341839848.177941 -0.000526 -0.379626 0.366111 -0.032398 0.002221 -0.016793 0.999331
1341839848.210005 0.016374 -0.361276 0.366349 -0.024802 0.003048 -0.017184 0.999540
1341839848.245924 -0.007091 -0.348702 0.382795 -0.023974 0.009244 -0.017683 0.999513
1341839848.278057 -0.015938 -0.383416 0.397646 -0.028983 0.008094 -0.018592 0.999374
1341839848.313996 0.015659 -0.382222 0.395642 -0.024502 0.002861 -0.018298 0.999528
1341839848.345902 0.003112 -0.365197 0.403486 -0.022464 0.006825 -0.018315 0.999557
1341839848.378083 -0.005673 -0.397960 0.419188 -0.028985 0.006311 -0.016549 0.999423
1341839848.413902 0.007348 -0.425793 0.427861 -0.029898 0.001687 -0.013563 0.999460
1341839848.446051 0.038643 -0.427391 0.426338 -0.025668 -0.002000 -0.014078 0.999569
1341839848.477990 0.055139 -0.414548 0.428349 -0.022580 0.001058 -0.016912 0.999601
1341839848.514027 0.041071 -0.428565 0.442953 -0.026622 0.009107 -0.019432 0.999415
1341839848.545899 0.036103 -0.460564 0.455778 -0.029906 0.013423 -0.019100 0.999280
1341839848.581848 0.023395 -0.440091 0.462560 -0.023495 0.016283 -0.017481 0.999438
1341839848.614329 0.030662 -0.444078 0.472091 -0.026447 0.012109 -0.018174 0.999412
1341839848.646056 0.053333 -0.483207 0.479678 -0.032912 0.007664 -0.021576 0.999196
1341839848.681939 0.076530 -0.495595 0.477389 -0.031682 0.008454 -0.024437 0.999163
1341839848.713946 0.067307 -0.488921 0.489861 -0.029568 0.016544 -0.026422 0.999077
1341839848.745899 0.038879 -0.493751 0.506977 -0.030787 0.021775 -0.028229 0.998890
1341839848.782038 0.028495 -0.500304 0.515416 -0.031236 0.019233 -0.027815 0.998940
1341839848.813915 0.031725 -0.506662 0.525635 -0.031762 0.013674 -0.025813 0.999069
1341839848.850000 0.043957 -0.510955 0.530732 -0.032114 0.006309 -0.026919 0.999102
1341839848.881968 0.066639 -0.512515 0.533567 -0.033421 0.000690 -0.029427 0.999008
1341839848.914184 0.055621 -0.521894 0.545212 -0.037293 0.003502 -0.031486 0.998802
1341839848.949897 0.040318 -0.543414 0.556553 -0.041026 0.003945 -0.031953 0.998639
1341839848.981903 0.046921 -0.541718 0.562082 -0.039167 -0.000729 -0.032122 0.998716
1341839849.018057 0.057312 -0.535471 0.568971 -0.039031 -0.004256 -0.032672 0.998695
1341839849.050047 0.059922 -0.556344 0.582354 -0.044148 -0.004996 -0.033459 0.998452
1341839849.082045 0.062699 -0.568033 0.590108 -0.044626 -0.005433 -0.034036 0.998409
1341839849.118139 0.064746 -0.557143 0.594166 -0.042414 -0.004809 -0.032663 0.998554
1341839849.149926 0.050585 -0.562395 0.607764 -0.045756 -0.003487 -0.031946 0.998436
1341839849.181857 0.059546 -0.578925 0.616660 -0.049071 -0.007745 -0.032075 0.998250
1341839849.217924 0.073112 -0.580729 0.622103 -0.049815 -0.009903 -0.031093 0.998225
1341839849.249844 0.065541 -0.602620 0.634945 -0.053773 -0.006725 -0.029134 0.998105
1341839849.285792 0.055760 -0.615883 0.643925 -0.052721 -0.006004 -0.025716 0.998260
1341839849.317899 0.078570 -0.608047 0.647392 -0.049229 -0.011146 -0.024489 0.998425
1341839849.349911 0.102937 -0.622760 0.648454 -0.052657 -0.011859 -0.025288 0.998222
1341839849.385901 0.087156 -0.633176 0.666785 -0.053909 -0.003512 -0.024626 0.998236
1341839849.417927 0.062871 -0.638681 0.679496 -0.053563 0.000939 -0.022627 0.998308
1341839849.450043 0.084935 -0.666760 0.685271 -0.056314 -0.005635 -0.021700 0.998161
1341839849.485994 0.104675 -0.676255 0.680178 -0.052229 -0.003054 -0.018935 0.998451
1341839849.517976 0.082526 -0.677751 0.696721 -0.049221 0.006778 -0.014358 0.998662
1341839849.554305 0.062247 -0.712582 0.710745 -0.051620 0.005807 -0.011873 0.998579
1341839849.585964 0.088422 -0.722833 0.718989 -0.046440 -0.000999 -0.009919 0.998871
1341839849.618027 0.124533 -0.716092 0.706377 -0.041138 -0.004844 -0.006334 0.999122
1341839849.653990 0.115624 -0.736338 0.720976 -0.042324 0.000644 -0.004358 0.999094
1341839849.686025 0.104650 -0.758683 0.728176 -0.041262 0.003300 -0.002947 0.999139
1341839849.718004 0.116571 -0.764298 0.729029 -0.036424 0.002103 0.001174 0.999334
1341839849.753965 0.114742 -0.763358 0.733229 -0.031703 0.004516 0.006193 0.999468
1341839849.786542 0.114528 -0.777503 0.742367 -0.031378 0.004490 0.010025 0.999447
1341839849.822760 0.129032 -0.791969 0.745926 -0.030196 0.002183 0.012496 0.999464
1341839849.853815 0.123290 -0.783607 0.750262 -0.026214 0.004623 0.013833 0.999550
1341839849.885920 0.118733 -0.800616 0.761003 -0.028563 0.004883 0.015197 0.999465
1341839849.921991 0.119977 -0.816701 0.769839 -0.028251 0.003581 0.017441 0.999442
1341839849.953839 0.123739 -0.814338 0.774465 -0.025262 0.002122 0.019848 0.999482
1341839849.985986 0.142480 -0.832444 0.779507 -0.026611 -0.000746 0.020536 0.999435
1341839850.022022 0.151492 -0.824996 0.782304 -0.022709 0.001501 0.022239 0.999494
1341839850.053889 0.137973 -0.819226 0.794589 -0.022837 0.006708 0.021744 0.999480
1341839850.089916 0.139641 -0.848889 0.809326 -0.027657 0.006835 0.021963 0.999353
1341839850.122696 0.134947 -0.836803 0.810482 -0.022848 0.009043 0.024522 0.999397
1341839850.153891 0.121174 -0.831560 0.822390 -0.024648 0.009845 0.025453 0.999324
1341839850.189806 0.144066 -0.874433 0.832463 -0.032431 0.003226 0.024482 0.999169
1341839850.221923 0.164364 -0.868523 0.825365 -0.027772 0.003842 0.024686 0.999302
1341839850.257926 0.143476 -0.856940 0.843269 -0.026965 0.011716 0.025576 0.999240
1341839850.289928 0.131628 -0.888186 0.857252 -0.032438 0.010922 0.023996 0.999126
1341839850.322006 0.155791 -0.885136 0.852831 -0.029483 0.006131 0.026000 0.999208
1341839850.358083 0.150549 -0.886422 0.863280 -0.030005 0.008307 0.025766 0.999183
1341839850.389942 0.150042 -0.917021 0.874951 -0.033719 0.007322 0.023811 0.999121
1341839850.422122 0.162810 -0.897702 0.869879 -0.027448 0.005651 0.024185 0.999315
1341839850.458155 0.152527 -0.906615 0.882899 -0.030651 0.008091 0.022883 0.999235
1341839850.490219 0.152667 -0.944871 0.896426 -0.035015 0.007315 0.022279 0.999112
1341839850.525914 0.159527 -0.918408 0.891692 -0.026778 0.006311 0.023789 0.999338
1341839850.558165 0.151494 -0.930226 0.906801 -0.029970 0.007517 0.022424 0.999271
1341839850.590065 0.153724 -0.963683 0.917388 -0.033505 0.005172 0.021110 0.999202
1341839850.658023 0.171522 -0.964443 0.926288 -0.028090 0.002600 0.021324 0.999375
1341839850.689870 0.187069 -0.994023 0.927327 -0.029854 0.001160 0.016983 0.999409
1341839850.726039 0.193207 -0.988262 0.926111 -0.025284 0.005187 0.014405 0.999563
1341839850.758642 0.146755 -0.969391 0.946872 -0.023250 0.013695 0.015756 0.999512
1341839850.794077 0.125588 -1.000587 0.974301 -0.026149 0.009943 0.015796 0.999484
1341839850.826012 0.152709 -1.013099 0.981492 -0.021634 -0.001299 0.017431 0.999613
1341839850.857996 0.185846 -1.020927 0.978301 -0.020948 -0.003495 0.014685 0.999667
1341839850.897049 0.182333 -1.035441 0.988736 -0.020130 0.005288 0.011917 0.999712
1341839850.958076 0.138401 -1.037562 1.013217 -0.014428 0.015251 0.012048 0.999707
1341839850.994159 0.141394 -1.046542 1.021746 -0.013573 0.008118 0.015157 0.999760
1341839851.025938 0.171622 -1.073343 1.025856 -0.015086 -0.001743 0.016635 0.999746
1341839851.061884 0.206517 -1.082475 1.022176 -0.012390 -0.005858 0.014987 0.999794
1341839851.093981 0.213099 -1.080209 1.027496 -0.009572 -0.000577 0.014189 0.999853
1341839851.125983 0.208734 -1.098290 1.040562 -0.009489 0.005755 0.013041 0.999853
1341839851.162029 0.204915 -1.097932 1.047229 -0.005290 0.008965 0.012576 0.999867
1341839851.201363 0.204343 -1.094261 1.056080 -0.004143 0.008382 0.014267 0.999855
1341839851.261859 0.229587 -1.109620 1.067221 -0.004622 0.002693 0.014431 0.999882
1341839851.301178 0.228885 -1.102848 1.073274 -0.006460 0.004395 0.014244 0.999868
1341839851.333106 0.233566 -1.141073 1.087631 -0.013958 0.004622 0.014460 0.999787
1341839851.364936 0.234390 -1.141533 1.095624 -0.007973 0.005378 0.016119 0.999824
1341839851.400800 0.228100 -1.102236 1.094246 -0.002193 0.004816 0.016213 0.999855
1341839851.432978 0.234498 -1.146481 1.106756 -0.013508 0.003502 0.015319 0.999785
1341839851.468951 0.247293 -1.168821 1.112172 -0.011961 0.004588 0.015401 0.999799
1341839851.500846 0.244421 -1.124601 1.111592 -0.003389 0.007066 0.016219 0.999838
1341839851.532849 0.232021 -1.167913 1.129639 -0.013977 0.009035 0.014667 0.999754
1341839851.568942 0.233950 -1.177006 1.136466 -0.011113 0.008308 0.015028 0.999791
1341839851.601011 0.227767 -1.154145 1.139129 -0.007768 0.008595 0.015448 0.999814
1341839851.636933 0.232437 -1.197358 1.151880 -0.016196 0.006346 0.014656 0.999741
1341839851.668994 0.234744 -1.199581 1.158433 -0.010924 0.005171 0.016389 0.999793
1341839851.700879 0.237012 -1.186820 1.161446 -0.008264 0.004024 0.017548 0.999804
1341839851.736883 0.235712 -1.213039 1.171651 -0.013197 0.003095 0.016520 0.999772
1341839851.768951 0.244029 -1.219105 1.178402 -0.010990 0.000963 0.017800 0.999781
1341839851.804954 0.247470 -1.218561 1.185144 -0.010906 0.000920 0.017759 0.999782
1341839851.837032 0.258412 -1.252801 1.194012 -0.014549 0.000988 0.016823 0.999752
1341839851.868921 0.256582 -1.233538 1.193853 -0.008424 0.004619 0.016927 0.999811
1341839851.904888 0.228804 -1.240602 1.213022 -0.010508 0.009742 0.018225 0.999731
1341839851.936873 0.234889 -1.268475 1.226428 -0.011350 0.004490 0.019166 0.999742
1341839851.972969 0.268384 -1.241980 1.225396 -0.002459 -0.000049 0.020869 0.999779
1341839852.004880 0.263124 -1.246625 1.234948 -0.004860 0.004789 0.018513 0.999805
1341839852.036887 0.251009 -1.282235 1.246745 -0.009037 0.008450 0.020363 0.999716
1341839852.072836 0.260005 -1.288086 1.250349 -0.005549 0.007609 0.024524 0.999655
1341839852.104917 0.262932 -1.292998 1.256068 -0.003939 0.007813 0.024394 0.999664
1341839852.140937 0.255322 -1.296525 1.262285 -0.003546 0.009391 0.023562 0.999672
1341839852.172894 0.249381 -1.321452 1.271920 -0.006703 0.010147 0.025548 0.999600
1341839852.234030 0.269992 -1.332511 1.283980 -0.000497 0.004412 0.026280 0.999645
1341839852.265924 0.266801 -1.345532 1.292161 -0.003936 0.009524 0.026715 0.999590
1341839852.301932 0.238912 -1.386455 1.296811 -0.008038 0.013486 0.028337 0.999475
1341839852.334063 0.235266 -1.391482 1.303569 -0.002642 0.008040 0.031205 0.999477
1341839852.365960 0.262271 -1.381226 1.316008 -0.000505 0.003134 0.029873 0.999549
1341839852.402082 0.265240 -1.415470 1.326528 -0.003401 0.007435 0.029216 0.999540
1341839852.433897 0.261337 -1.402828 1.326989 0.002671 0.010671 0.029503 0.999504
1341839852.469906 0.252395 -1.399987 1.340431 0.002534 0.012840 0.030619 0.999445
1341839852.501863 0.225869 -1.436419 1.347779 -0.000663 0.018193 0.030860 0.999358
1341839852.533949 0.226812 -1.434129 1.349859 0.004191 0.017215 0.034123 0.999261
1341839852.569896 0.235385 -1.436965 1.355510 0.005257 0.015155 0.034560 0.999274
1341839852.601883 0.235358 -1.448945 1.363669 0.004852 0.015225 0.034561 0.999275
1341839852.634062 0.249989 -1.451398 1.369191 0.006472 0.013811 0.035004 0.999271
1341839852.669878 0.252380 -1.449997 1.373535 0.007885 0.017060 0.033298 0.999269
1341839852.701915 0.230246 -1.441104 1.384066 0.008550 0.021933 0.033741 0.999153
1341839852.737942 0.211886 -1.471364 1.389077 0.001470 0.020402 0.034181 0.999206
1341839852.769982 0.213778 -1.478776 1.396409 0.002001 0.014236 0.034934 0.999286
1341839852.801999 0.231067 -1.461068 1.402578 0.004316 0.007051 0.036314 0.999306
1341839852.838034 0.249357 -1.486607 1.421925 -0.002024 0.003879 0.035909 0.999345
1341839852.869909 0.249392 -1.489916 1.428731 0.000581 0.005025 0.034715 0.999384
1341839852.901899 0.238649 -1.471807 1.430230 0.002828 0.005925 0.033395 0.999421
1341839852.937980 0.238184 -1.514114 1.441425 -0.006039 0.005293 0.033467 0.999408
1341839852.969844 0.240483 -1.524414 1.448889 -0.002881 0.004797 0.034497 0.999389
1341839853.005873 0.242041 -1.501642 1.449700 0.002405 0.004056 0.032944 0.999446
1341839853.037853 0.257582 -1.528660 1.457854 -0.004261 0.002749 0.030524 0.999521
1341839853.069999 0.250610 -1.535107 1.465926 -0.001648 0.008007 0.030025 0.999516
1341839853.105921 0.246479 -1.513642 1.465191 0.002012 0.009711 0.030509 0.999485
1341839853.137883 0.259686 -1.548993 1.478694 -0.006231 0.010016 0.030994 0.999450
1341839853.170078 0.255068 -1.561197 1.487341 -0.004961 0.013714 0.030897 0.999416
1341839853.205871 0.255539 -1.554229 1.490217 -0.002284 0.014042 0.031651 0.999398
1341839853.237899 0.255758 -1.572207 1.500213 -0.005183 0.014375 0.032129 0.999367
1341839853.273915 0.249726 -1.589919 1.505106 -0.005355 0.013999 0.033063 0.999341
1341839853.305981 0.260272 -1.591387 1.512963 -0.001918 0.009033 0.032090 0.999442
1341839853.337978 0.278339 -1.590837 1.522817 0.001563 0.005546 0.029800 0.999539
1341839853.373951 0.268889 -1.584625 1.527218 0.003084 0.008735 0.031068 0.999474
1341839853.442054 0.260933 -1.619996 1.538805 0.001997 0.002044 0.033202 0.999445
1341839853.505922 0.299828 -1.648542 1.555208 -0.002856 -0.002779 0.030603 0.999524
1341839853.542097 0.287634 -1.659965 1.568795 0.001263 0.002531 0.032234 0.999476
1341839853.573956 0.295943 -1.653420 1.570316 0.006199 -0.000514 0.032495 0.999453
1341839853.606086 0.297641 -1.668370 1.579399 0.005815 -0.000627 0.032569 0.999452
1341839853.641956 0.294854 -1.669235 1.582498 0.009366 -0.000309 0.033856 0.999383
1341839853.710154 0.305386 -1.691977 1.596629 0.008682 -0.003915 0.031800 0.999449
1341839853.742061 0.318604 -1.695863 1.598788 0.010102 -0.005619 0.029977 0.999484
1341839853.774203 0.317611 -1.709978 1.602495 0.009079 -0.001544 0.028654 0.999547
1341839853.809870 0.309482 -1.707360 1.611792 0.011934 0.002747 0.029484 0.999490
1341839853.841862 0.307788 -1.708536 1.617511 0.011449 0.003109 0.030001 0.999479
1341839853.874056 0.306482 -1.735011 1.627564 0.007719 0.003022 0.030658 0.999496
1341839853.910043 0.309414 -1.726314 1.630121 0.011470 0.000743 0.031598 0.999435
1341839853.941919 0.326405 -1.729997 1.638228 0.010516 -0.002271 0.031016 0.999461
1341839853.977952 0.328758 -1.742895 1.644230 0.009406 -0.000311 0.029726 0.999514
1341839854.017422 0.316585 -1.736688 1.649080 0.010812 0.003277 0.029693 0.999495
1341839854.049528 0.310162 -1.754794 1.655730 0.006973 0.003187 0.029077 0.999548
1341839854.080991 0.314289 -1.758523 1.661333 0.007138 0.000340 0.029822 0.999530
1341839854.116931 0.328563 -1.762892 1.665670 0.006051 -0.002630 0.031554 0.999480
1341839854.148886 0.346167 -1.786894 1.666134 0.003237 -0.001844 0.030461 0.999529
1341839854.184921 0.347518 -1.765896 1.661989 0.008495 0.003660 0.027562 0.999577
1341839854.216976 0.315872 -1.754278 1.673757 0.005875 0.010019 0.027988 0.999541
1341839854.248759 0.315805 -1.809547 1.687983 -0.005477 0.007820 0.029757 0.999512
1341839854.284863 0.322149 -1.809003 1.692117 -0.001484 0.004568 0.032393 0.999464
1341839854.316904 0.350496 -1.791703 1.691331 0.000336 -0.000360 0.032709 0.999465
1341839854.352954 0.361406 -1.823187 1.705140 -0.005440 0.002730 0.031972 0.999470
1341839854.385229 0.370933 -1.824636 1.700344 -0.002523 0.007132 0.030534 0.999505
1341839854.417199 0.344048 -1.795107 1.711094 0.000663 0.014516 0.029871 0.999448
1341839854.452925 0.312907 -1.823919 1.736610 -0.006500 0.016897 0.030522 0.999370
1341839854.484956 0.314830 -1.837617 1.747907 -0.005393 0.011765 0.033936 0.999340
1341839854.520956 0.325029 -1.825081 1.755780 -0.000753 0.007576 0.035054 0.999356
1341839854.553347 0.354484 -1.837954 1.756657 -0.003045 0.002543 0.035174 0.999373
1341839854.621017 0.344020 -1.855985 1.772831 -0.002861 0.010699 0.035310 0.999315
1341839854.682031 0.341709 -1.873179 1.785798 -0.002576 0.009764 0.037958 0.999228
1341839854.713930 0.354600 -1.887187 1.791033 -0.003231 0.009036 0.040448 0.999136
1341839854.745858 0.351069 -1.899483 1.800853 -0.002366 0.012251 0.042483 0.999019
1341839854.781934 0.352586 -1.893520 1.803120 0.002062 0.012690 0.043706 0.998962
1341839854.813894 0.368068 -1.896401 1.804385 0.001252 0.011400 0.044893 0.998926
1341839854.845894 0.364460 -1.930755 1.817006 -0.003831 0.017122 0.045956 0.998789
1341839854.882028 0.348666 -1.918247 1.825072 0.002829 0.022145 0.049194 0.998540
1341839854.913923 0.322815 -1.919778 1.830958 0.001743 0.023707 0.050287 0.998452
1341839854.950288 0.366096 -1.972574 1.843550 -0.007295 0.013104 0.052990 0.998482
1341839854.982075 0.377224 -1.972263 1.841153 0.000374 0.015314 0.053389 0.998456
1341839855.013812 0.362286 -1.947982 1.844896 0.007298 0.021928 0.053873 0.998280
1341839855.050129 0.351363 -1.977653 1.864485 0.000606 0.023023 0.053744 0.998289
1341839855.081800 0.374365 -2.002356 1.868457 -0.000081 0.015098 0.058131 0.998195
1341839855.114073 0.392522 -2.005651 1.871965 0.003172 0.011235 0.059574 0.998156
1341839855.150030 0.410096 -2.007714 1.873989 0.007391 0.010206 0.059048 0.998176
1341839855.182071 0.403580 -1.997456 1.872793 0.012357 0.014369 0.056680 0.998213
1341839855.217767 0.406046 -2.018257 1.883870 0.009302 0.016498 0.055804 0.998262
1341839855.249960 0.394005 -2.031185 1.896670 0.011766 0.019702 0.058040 0.998050
1341839855.281992 0.380654 -2.008638 1.887807 0.021091 0.016013 0.061493 0.997756
1341839855.317935 0.399941 -2.027438 1.899799 0.017515 0.004516 0.058042 0.998150
1341839855.349844 0.481270 -2.037709 1.905358 0.018542 -0.006527 0.057314 0.998163
1341839855.381947 0.473682 -2.040368 1.895996 0.018270 0.004751 0.054118 0.998356
1341839855.417890 0.433308 -2.059440 1.924445 0.012228 0.013243 0.051203 0.998526
1341839855.449975 0.407487 -2.082279 1.938609 0.011115 0.010767 0.051329 0.998562
1341839855.485969 0.454506 -2.064859 1.932821 0.015037 -0.005829 0.054252 0.998397
1341839855.517935 0.475256 -2.089596 1.940943 0.009392 -0.008732 0.053988 0.998459
1341839855.549932 0.482813 -2.097988 1.949155 0.010713 -0.006407 0.052746 0.998530
1341839855.585931 0.462519 -2.068848 1.941105 0.014494 -0.001069 0.050918 0.998597
1341839855.617868 0.457244 -2.087204 1.962924 0.005265 0.000035 0.049129 0.998779
1341839855.653959 0.429983 -2.128342 1.976532 -0.001602 0.002523 0.050304 0.998729
1341839855.686629 0.441775 -2.100637 1.974256 0.005775 -0.004942 0.053504 0.998539
1341839855.717974 0.453845 -2.103620 1.980172 0.000443 -0.007002 0.052079 0.998618
1341839855.754217 0.449460 -2.137851 1.996755 -0.008450 -0.005151 0.050115 0.998694
1341839855.785976 0.443657 -2.134874 2.000534 -0.006263 -0.005160 0.050634 0.998684
1341839855.817884 0.428496 -2.134195 2.004984 -0.007316 -0.005075 0.050714 0.998674
1341839855.853954 0.424728 -2.160383 2.016946 -0.012543 -0.009445 0.049924 0.998630
1341839855.885819 0.457549 -2.142538 2.019092 -0.007848 -0.019521 0.049151 0.998570
1341839855.921856 0.480523 -2.148646 2.024458 -0.010194 -0.020941 0.046672 0.998639
1341839855.953959 0.450376 -2.162358 2.034508 -0.012411 -0.011163 0.043240 0.998925
1341839855.985984 0.415108 -2.155854 2.042170 -0.010260 -0.008248 0.040984 0.999073
1341839856.021829 0.441165 -2.155187 2.052965 -0.010407 -0.018547 0.042375 0.998875
1341839856.053782 0.460818 -2.158775 2.056036 -0.010254 -0.022310 0.041517 0.998836
1341839856.086616 0.452632 -2.160373 2.062491 -0.010297 -0.019454 0.038468 0.999017
1341839856.121800 0.452781 -2.167657 2.069093 -0.011600 -0.019315 0.036651 0.999074
1341839856.153957 0.452819 -2.161181 2.072959 -0.010757 -0.018711 0.035792 0.999126
1341839856.190048 0.429300 -2.176978 2.084111 -0.015738 -0.015864 0.033260 0.999197
1341839856.222015 0.429657 -2.190601 2.093425 -0.018226 -0.020435 0.031714 0.999122
1341839856.253873 0.445808 -2.195815 2.099210 -0.018405 -0.025966 0.030696 0.999022
1341839856.289840 0.448069 -2.217718 2.109365 -0.021281 -0.025436 0.029406 0.999017
1341839856.321942 0.442479 -2.232259 2.117009 -0.019705 -0.023873 0.028447 0.999116
1341839856.353811 0.444333 -2.205083 2.112150 -0.010931 -0.025120 0.027265 0.999253
1341839856.390102 0.437469 -2.221997 2.119081 -0.015736 -0.026074 0.024386 0.999239
1341839856.422082 0.437695 -2.259898 2.133457 -0.021245 -0.027747 0.022363 0.999139
1341839856.457814 0.455332 -2.251107 2.131677 -0.013798 -0.031070 0.019951 0.999223
1341839856.489904 0.466306 -2.222834 2.123283 -0.006192 -0.031411 0.016834 0.999346
1341839856.521972 0.457528 -2.246981 2.135357 -0.011453 -0.026987 0.013903 0.999473
1341839856.557920 0.459154 -2.249334 2.145106 -0.010810 -0.027510 0.014691 0.999455
1341839856.589888 0.449685 -2.250401 2.149846 -0.010957 -0.029628 0.014530 0.999395
1341839856.622023 0.466178 -2.267719 2.159958 -0.014753 -0.036397 0.013952 0.999131
1341839856.657871 0.483579 -2.275256 2.166296 -0.016179 -0.039077 0.012043 0.999033
1341839856.689931 0.477193 -2.280696 2.174218 -0.018045 -0.036381 0.009406 0.999131
1341839856.725899 0.463856 -2.283837 2.182427 -0.019483 -0.034842 0.007040 0.999178
1341839856.757992 0.464547 -2.302628 2.192180 -0.024357 -0.037378 0.006403 0.998984
1341839856.790085 0.475355 -2.323822 2.204462 -0.027426 -0.039743 0.007383 0.998806
1341839856.839656 0.485155 -2.317229 2.206969 -0.024439 -0.040702 0.006776 0.998849
1341839856.894594 0.478537 -2.334856 2.223612 -0.029216 -0.039276 0.004402 0.998791
1341839856.926373 0.476518 -2.341369 2.230375 -0.030419 -0.039130 0.004911 0.998759
1341839856.958224 0.479597 -2.357091 2.241703 -0.032617 -0.040462 0.004801 0.998637
1341839857.004395 0.491955 -2.344742 2.242049 -0.028501 -0.043328 0.003494 0.998648
1341839857.058153 0.479008 -2.378506 2.263608 -0.036493 -0.039348 0.001493 0.998558
1341839857.094172 0.476399 -2.369973 2.264692 -0.032933 -0.040758 0.002056 0.998624
1341839857.127349 0.477847 -2.366916 2.267579 -0.032859 -0.044445 0.000981 0.998471
1341839857.161937 0.487414 -2.381581 2.278470 -0.037804 -0.047792 0.001248 0.998141
1341839857.193984 0.498894 -2.418995 2.297610 -0.045578 -0.050051 0.000906 0.997706
1341839857.226017 0.513062 -2.411825 2.294767 -0.040703 -0.051513 0.000670 0.997842
1341839857.261913 0.516528 -2.393702 2.295682 -0.038760 -0.050840 0.000551 0.997954
1341839857.294048 0.506482 -2.418439 2.308761 -0.045719 -0.049128 0.001046 0.997745
1341839857.325950 0.498243 -2.441629 2.321489 -0.046193 -0.048941 0.003415 0.997727
1341839857.361866 0.514525 -2.417751 2.315270 -0.039334 -0.053085 0.003491 0.997809
1341839857.394079 0.515537 -2.427936 2.324266 -0.044623 -0.052811 0.000734 0.997607
1341839857.429949 0.505431 -2.457531 2.339714 -0.050172 -0.049704 0.000285 0.997503
1341839857.461927 0.503443 -2.451325 2.338898 -0.045323 -0.050788 0.000948 0.997680
1341839857.494284 0.499700 -2.448366 2.339834 -0.043593 -0.051288 -0.000538 0.997732
1341839857.529868 0.498024 -2.462107 2.349864 -0.046796 -0.049794 -0.000146 0.997663
1341839857.561886 0.493405 -2.481781 2.355639 -0.048837 -0.048817 0.002396 0.997610
1341839857.594054 0.492648 -2.484496 2.363420 -0.044505 -0.051292 0.001902 0.997690
1341839857.629788 0.514490 -2.496610 2.366918 -0.045389 -0.053944 0.002239 0.997509
1341839857.661962 0.532338 -2.506630 2.385170 -0.044983 -0.051412 0.006150 0.997645
1341839857.697990 0.539883 -2.569138 2.397770 -0.054557 -0.050944 0.004846 0.997198
1341839857.729964 0.548386 -2.559326 2.397084 -0.049793 -0.054478 0.006912 0.997249
1341839857.762022 0.566869 -2.602372 2.424097 -0.057311 -0.055742 0.007734 0.996769
1341839857.798680 0.574926 -2.586055 2.424028 -0.046206 -0.049565 0.011841 0.997631
1341839857.829963 0.583038 -2.589411 2.426962 -0.045106 -0.048393 0.012079 0.997736
1341839857.865820 0.583012 -2.668047 2.456009 -0.065053 -0.049075 0.009542 0.996629
1341839857.897849 0.575699 -2.692880 2.464255 -0.068623 -0.048809 0.013850 0.996352
1341839857.929959 0.574698 -2.708038 2.476524 -0.068095 -0.052523 0.016543 0.996158
1341839857.965946 0.588754 -2.717953 2.493934 -0.065780 -0.056625 0.015279 0.996109
1341839857.997930 0.630716 -2.690252 2.497040 -0.057872 -0.061336 0.023231 0.996167
1341839858.030063 0.623251 -2.711609 2.507827 -0.060665 -0.057009 0.023693 0.996247
1341839858.065790 0.636535 -2.737853 2.527349 -0.061545 -0.058107 0.023016 0.996146
1341839858.097903 0.627789 -2.760176 2.531830 -0.065130 -0.052660 0.019906 0.996287
1341839858.134029 0.611783 -2.782020 2.541817 -0.069364 -0.046343 0.021264 0.996287
1341839858.198009 0.610996 -2.811904 2.561220 -0.067148 -0.051396 0.028237 0.996018
1341839858.233911 0.653541 -2.826156 2.568498 -0.066217 -0.056933 0.029604 0.995740
1341839858.265831 0.645724 -2.823025 2.573796 -0.062208 -0.050756 0.029509 0.996335
1341839858.297894 0.613450 -2.845574 2.564990 -0.064228 -0.043258 0.029916 0.996548
1341839858.334040 0.608993 -2.864069 2.580322 -0.064995 -0.044414 0.031926 0.996385
1341839858.365902 0.611380 -2.872470 2.581084 -0.062695 -0.046702 0.036456 0.996273
1341839858.401915 0.617182 -2.866734 2.592966 -0.059587 -0.049897 0.038832 0.996219
1341839858.433884 0.654352 -2.889572 2.599866 -0.060987 -0.055884 0.038688 0.995822
1341839858.465923 0.668834 -2.888227 2.589682 -0.058981 -0.053866 0.037356 0.996105
1341839858.501898 0.631542 -2.882691 2.609576 -0.059703 -0.043755 0.038590 0.996510
1341839858.533842 0.612990 -2.906093 2.632255 -0.061914 -0.042901 0.042538 0.996251
1341839858.565881 0.593184 -2.912584 2.638133 -0.062661 -0.038445 0.040875 0.996456
1341839858.601865 0.651453 -2.901639 2.624891 -0.060853 -0.048603 0.046946 0.995857
1341839858.633984 0.671594 -2.912038 2.626019 -0.060609 -0.052301 0.049077 0.995582
1341839858.669940 0.637289 -2.953542 2.653707 -0.066370 -0.042643 0.049211 0.995668
1341839858.702025 0.631862 -2.958297 2.655631 -0.069341 -0.038919 0.048791 0.995639
1341839858.733908 0.640891 -2.953531 2.670659 -0.067938 -0.039941 0.050836 0.995593
1341839858.769859 0.646832 -2.981052 2.673700 -0.068433 -0.040931 0.053874 0.995359
1341839858.801885 0.660111 -2.963020 2.672269 -0.063622 -0.043815 0.053668 0.995566
1341839858.833866 0.670977 -2.981610 2.685427 -0.067946 -0.043756 0.052377 0.995352
1341839858.869844 0.656990 -2.999819 2.693008 -0.069111 -0.037946 0.053171 0.995468
1341839858.901863 0.639846 -2.992598 2.697004 -0.066193 -0.036250 0.055723 0.995590
1341839858.937959 0.652910 -3.003088 2.717050 -0.067327 -0.042348 0.055274 0.995298
1341839858.969922 0.676682 -3.001779 2.716679 -0.065636 -0.047186 0.055068 0.995205
1341839859.001906 0.682255 -3.008416 2.728702 -0.067867 -0.046585 0.053914 0.995147
1341839859.037871 0.686837 -3.032831 2.746618 -0.071091 -0.044339 0.053014 0.995073
1341839859.069857 0.685501 -3.021203 2.755697 -0.065832 -0.041025 0.052657 0.995595
1341839859.105853 0.686955 -3.038186 2.761507 -0.067497 -0.039064 0.052039 0.995595
1341839859.137820 0.695159 -3.061861 2.769339 -0.068890 -0.037260 0.051997 0.995571
1341839859.169829 0.686198 -3.063414 2.778854 -0.065574 -0.034157 0.052321 0.995889
1341839859.205812 0.684202 -3.065846 2.784520 -0.063153 -0.033815 0.053224 0.996010
1341839859.237948 0.677432 -3.073889 2.790979 -0.063666 -0.033512 0.055815 0.995846
1341839859.269941 0.702958 -3.083681 2.803359 -0.062866 -0.042324 0.052522 0.995740
1341839859.305936 0.749895 -3.072550 2.818555 -0.058243 -0.048838 0.046208 0.996036
1341839859.338106 0.747168 -3.079467 2.822464 -0.058934 -0.039296 0.042818 0.996569
1341839859.373933 0.722935 -3.136455 2.825366 -0.067172 -0.026111 0.039679 0.996610
1341839859.405964 0.699288 -3.121448 2.815161 -0.061058 -0.023071 0.039704 0.997077
1341839859.437999 0.683398 -3.105917 2.821002 -0.059994 -0.023646 0.039011 0.997156
1341839859.473899 0.696407 -3.141760 2.839031 -0.067765 -0.029960 0.038171 0.996521
1341839859.505881 0.713260 -3.144362 2.841750 -0.066598 -0.035779 0.036830 0.996458
1341839859.537923 0.723382 -3.148328 2.853177 -0.068010 -0.037936 0.034757 0.996357
1341839859.573971 0.719258 -3.183081 2.867550 -0.072976 -0.035341 0.033463 0.996145
1341839859.606042 0.702914 -3.182164 2.851958 -0.070158 -0.033362 0.035169 0.996357
1341839859.641861 0.690358 -3.176672 2.868948 -0.071242 -0.033363 0.034461 0.996305
1341839859.673839 0.717675 -3.204129 2.890755 -0.075039 -0.039072 0.034765 0.995808
1341839859.706001 0.745163 -3.193148 2.904634 -0.067254 -0.042273 0.037265 0.996143
1341839859.741952 0.768899 -3.196899 2.898986 -0.066079 -0.042100 0.035336 0.996299
1341839859.774014 0.753383 -3.181640 2.897453 -0.063916 -0.033682 0.032595 0.996854
1341839859.805853 0.712688 -3.178240 2.911852 -0.065575 -0.024836 0.034387 0.996946
1341839859.842082 0.727877 -3.201783 2.921770 -0.068691 -0.032532 0.036026 0.996456
1341839859.910357 0.802730 -3.127891 2.947163 -0.052923 -0.045723 0.040211 0.996741
1341839859.941846 0.793497 -3.191311 2.937308 -0.065461 -0.043683 0.039807 0.996103
1341839859.974055 0.796685 -3.168423 2.946088 -0.054416 -0.042750 0.039203 0.996832
1341839860.010232 0.820187 -3.129860 2.965278 -0.050041 -0.045521 0.039703 0.996919
1341839860.041967 0.798632 -3.165071 2.969930 -0.061412 -0.042176 0.038613 0.996473
1341839860.077894 0.781775 -3.188642 2.973529 -0.062178 -0.043530 0.041015 0.996271
1341839860.109987 0.813023 -3.167157 2.981978 -0.056916 -0.052836 0.039650 0.996191
1341839860.141917 0.831869 -3.183196 2.986558 -0.061471 -0.055126 0.035544 0.995951
1341839860.177902 0.817216 -3.186462 2.988645 -0.062339 -0.049230 0.033457 0.996279
1341839860.209829 0.801506 -3.183236 2.993941 -0.061270 -0.046538 0.033170 0.996484
1341839860.242114 0.800268 -3.177192 3.003753 -0.059144 -0.049276 0.032918 0.996489
1341839860.278013 0.814195 -3.176473 3.003659 -0.058838 -0.054685 0.032752 0.996230
1341839860.310067 0.820692 -3.177368 3.009676 -0.060109 -0.055690 0.031248 0.996147
1341839860.345859 0.801949 -3.190326 3.007089 -0.062515 -0.052204 0.030337 0.996216
1341839860.378795 0.802091 -3.184751 3.011633 -0.061092 -0.053493 0.030245 0.996239
1341839860.446011 0.812253 -3.187465 3.012991 -0.064202 -0.056948 0.029168 0.995884
1341839860.477890 0.798206 -3.194713 3.011960 -0.064531 -0.055525 0.028357 0.995966
1341839860.545831 0.808324 -3.200135 3.011094 -0.067911 -0.057035 0.027668 0.995675
1341839860.577976 0.813518 -3.199402 3.013414 -0.064692 -0.057032 0.026632 0.995918
1341839860.614165 0.803030 -3.181848 3.010186 -0.060553 -0.054292 0.027173 0.996317
1341839860.645895 0.806994 -3.194742 3.009213 -0.065228 -0.054826 0.025519 0.996036
1341839860.678150 0.799290 -3.216177 3.003190 -0.066111 -0.052925 0.025190 0.996089
1341839860.713931 0.805502 -3.184913 3.006803 -0.058014 -0.053495 0.025491 0.996555
1341839860.745925 0.807653 -3.177555 3.020959 -0.059583 -0.053184 0.024158 0.996513
1341839860.777879 0.795916 -3.219808 2.999544 -0.066810 -0.051706 0.022882 0.996162
1341839860.813880 0.818194 -3.176145 3.009222 -0.055405 -0.055784 0.023014 0.996639
1341839860.881962 0.832609 -3.183939 3.009612 -0.057665 -0.055773 0.021439 0.996546
1341839860.913833 0.823811 -3.172024 3.008504 -0.053099 -0.053540 0.022496 0.996899
1341839860.945899 0.831702 -3.144128 3.017478 -0.050715 -0.054663 0.021484 0.996985
1341839860.981862 0.823046 -3.166596 3.015145 -0.055415 -0.054920 0.021684 0.996716
1341839861.014122 0.819620 -3.182204 3.005320 -0.055072 -0.055944 0.024150 0.996621
1341839861.045923 0.833820 -3.153194 3.012611 -0.050119 -0.058084 0.024421 0.996754
1341839861.082003 0.830372 -3.163824 3.012820 -0.053900 -0.057520 0.024200 0.996594
