# timestamp tx ty tz qx qy qz qw
1305031102.175304 0.000000 0.000000 0.000000 0.000000 0.000000 0.000000 1.000000
1305031102.211214 -0.002046 0.007717 0.010433 -0.002120 -0.002971 -0.001681 0.999992
1305031102.243211 -0.003393 0.008613 0.023467 -0.007988 -0.005622 -0.001191 0.999952
1305031102.275326 -0.003713 0.010034 0.035642 -0.012545 -0.008477 -0.000935 0.999885
1305031102.311267 -0.003523 0.007352 0.049756 -0.017704 -0.010698 -0.000219 0.999786
1305031102.343233 -0.004737 0.008831 0.061018 -0.019355 -0.012273 0.001428 0.999736
1305031102.375329 -0.004646 0.010293 0.073275 -0.021174 -0.014338 0.001558 0.999672
1305031102.411258 -0.009267 0.013389 0.081906 -0.022431 -0.015555 0.000019 0.999627
1305031102.443271 -0.011011 0.021819 0.092602 -0.025427 -0.018446 -0.000250 0.999506
1305031102.475318 -0.007149 0.022213 0.108210 -0.032647 -0.022134 -0.000180 0.999222
1305031102.511219 -0.006919 0.022276 0.121286 -0.037577 -0.021293 -0.001875 0.999065
1305031102.543220 -0.008164 0.021584 0.134209 -0.042438 -0.019562 -0.003870 0.998900
1305031102.575286 -0.007061 0.015722 0.147406 -0.045920 -0.018545 -0.005161 0.998760
1305031102.611233 -0.008842 0.013351 0.159359 -0.043838 -0.015310 -0.004153 0.998913
1305031102.643265 -0.015017 0.021262 0.168205 -0.039951 -0.012587 -0.003577 0.999116
1305031102.675285 -0.014559 0.023747 0.181437 -0.041518 -0.014414 -0.002599 0.999030
1305031102.711263 -0.014910 0.023066 0.195070 -0.042830 -0.014762 -0.001370 0.998972
1305031102.743234 -0.014135 0.031285 0.206787 -0.042019 -0.015340 0.000353 0.998999
1305031102.775472 -0.010895 0.031369 0.221011 -0.044681 -0.014601 -0.000954 0.998894
1305031102.811232 -0.012483 0.035117 0.232693 -0.045349 -0.010996 -0.001968 0.998909
1305031102.843290 -0.011505 0.035462 0.246859 -0.047447 -0.008044 -0.002826 0.998837
1305031102.875363 -0.014843 0.038882 0.258499 -0.046179 -0.004148 -0.005345 0.998910
1305031102.911185 -0.015790 0.041712 0.269728 -0.045699 -0.002604 -0.006617 0.998930
1305031102.943229 -0.022641 0.043198 0.279265 -0.045941 -0.000228 -0.008341 0.998909
1305031102.975203 -0.030682 0.045587 0.286066 -0.046441 -0.003801 -0.009341 0.998870
1305031103.011215 -0.030557 0.048554 0.296991 -0.047588 -0.010046 -0.006217 0.998797
1305031103.043227 -0.031660 0.052010 0.308015 -0.049018 -0.015669 -0.003594 0.998669
1305031103.075319 -0.026644 0.050578 0.318682 -0.050166 -0.020411 -0.000930 0.998532
1305031103.111240 -0.027776 0.058815 0.325857 -0.047086 -0.019638 -0.000119 0.998698
1305031103.143318 -0.026583 0.060050 0.336083 -0.049313 -0.020236 0.001555 0.998577
1305031103.175452 -0.026736 0.066868 0.343373 -0.048413 -0.018847 0.001931 0.998648
1305031103.211220 -0.028400 0.074185 0.351947 -0.051472 -0.018321 0.002784 0.998502
1305031103.243216 -0.027914 0.077406 0.359347 -0.058223 -0.018426 0.006659 0.998111
1305031103.275370 -0.033241 0.080190 0.364407 -0.066736 -0.019217 0.010981 0.997525
1305031103.311210 -0.032584 0.073380 0.371713 -0.075812 -0.029196 0.010634 0.996638
1305031103.343223 -0.026947 0.075020 0.373383 -0.076048 -0.035127 0.010262 0.996432
1305031103.375327 -0.025412 0.074395 0.374088 -0.079512 -0.034118 0.012012 0.996177
1305031103.411260 -0.026435 0.068554 0.373154 -0.083132 -0.033250 0.013856 0.995887
1305031103.443280 -0.027907 0.067102 0.369177 -0.082895 -0.035071 0.013446 0.995850
1305031103.475274 -0.027540 0.062987 0.364587 -0.083091 -0.037861 0.011698 0.995754
1305031103.511333 -0.027524 0.058607 0.358619 -0.081125 -0.039368 0.009614 0.995880
1305031103.543444 -0.027716 0.049877 0.350362 -0.078910 -0.040299 0.006480 0.996046
1305031103.575474 -0.029479 0.049197 0.340515 -0.073443 -0.040980 0.006636 0.996435
1305031103.611223 -0.031669 0.043950 0.330557 -0.071669 -0.043134 0.007497 0.996467
1305031103.643445 -0.030844 0.039219 0.320225 -0.069341 -0.047376 0.008013 0.996435
1305031103.675523 -0.028380 0.035308 0.309558 -0.066829 -0.050576 0.008161 0.996448
1305031103.711610 -0.026469 0.031847 0.298425 -0.064417 -0.051952 0.007975 0.996538
1305031103.743326 -0.024870 0.025123 0.287033 -0.062892 -0.051974 0.006987 0.996642
1305031103.775342 -0.024211 0.023510 0.271731 -0.059167 -0.051409 0.003716 0.996917
1305031103.811242 -0.023453 0.022675 0.258120 -0.058781 -0.050363 0.000653 0.996999
1305031103.843251 -0.026994 0.023017 0.242314 -0.060939 -0.048725 -0.001989 0.996950
1305031103.875361 -0.027787 0.011433 0.232029 -0.069465 -0.051617 -0.004891 0.996236
1305031103.911221 -0.026515 0.002988 0.218941 -0.069815 -0.055857 -0.006336 0.995975
1305031103.943211 -0.024851 0.000374 0.204280 -0.067558 -0.058771 -0.007196 0.995957
1305031103.975373 -0.022444 -0.005853 0.191853 -0.066448 -0.061135 -0.008240 0.995881
1305031104.011232 -0.017606 -0.011198 0.181691 -0.062649 -0.062701 -0.009133 0.996022
1305031104.043249 -0.014587 -0.012739 0.165837 -0.054821 -0.059947 -0.011520 0.996628
1305031104.075425 -0.012034 -0.012305 0.151401 -0.050163 -0.055735 -0.014049 0.997086
1305031104.111235 -0.008733 -0.018829 0.140764 -0.048172 -0.050667 -0.015031 0.997440
1305031104.143230 -0.009524 -0.025050 0.125675 -0.044359 -0.044545 -0.016283 0.997889
1305031104.175424 -0.010415 -0.028280 0.110631 -0.040443 -0.040882 -0.017283 0.998196
1305031104.211283 -0.008994 -0.033527 0.098532 -0.037102 -0.038722 -0.016933 0.998417
1305031104.243196 -0.008259 -0.035966 0.085609 -0.032501 -0.036498 -0.017013 0.998660
1305031104.275546 -0.006956 -0.037494 0.073589 -0.027983 -0.034199 -0.017779 0.998865
1305031104.311219 -0.005829 -0.039241 0.061949 -0.024284 -0.031116 -0.017885 0.999061
1305031104.343342 -0.004399 -0.039112 0.050202 -0.020739 -0.027205 -0.018248 0.999248
1305031104.375837 -0.005103 -0.040033 0.039498 -0.018842 -0.022075 -0.017945 0.999418
1305031104.411509 -0.007812 -0.040991 0.028191 -0.017414 -0.017553 -0.017548 0.999540
1305031104.443288 -0.012599 -0.040667 0.016642 -0.016641 -0.014887 -0.017181 0.999603
1305031104.475456 -0.016377 -0.042025 0.007138 -0.017013 -0.015376 -0.016532 0.999600
1305031104.511329 -0.016863 -0.046121 -0.000803 -0.016908 -0.018044 -0.015048 0.999581
1305031104.543368 -0.014049 -0.048759 -0.009796 -0.013993 -0.020866 -0.014252 0.999583
1305031104.575343 -0.008731 -0.050682 -0.013742 -0.009543 -0.022285 -0.013201 0.999619
1305031104.611336 -0.003189 -0.056916 -0.022078 -0.000883 -0.018900 -0.011556 0.999754
1305031104.643243 -0.001503 -0.053772 -0.034166 0.012137 -0.011514 -0.011791 0.999791
1305031104.675525 0.000270 -0.057945 -0.043009 0.022877 -0.003719 -0.010333 0.999678
1305031104.711277 0.001503 -0.060545 -0.053265 0.035955 0.003377 -0.008028 0.999315
1305031104.743280 0.003788 -0.058900 -0.063928 0.049262 0.009991 -0.006303 0.998716
1305031104.775327 0.004706 -0.057897 -0.072872 0.061591 0.017011 -0.004358 0.997947
1305031104.811465 0.007163 -0.054734 -0.082603 0.072445 0.022955 -0.002420 0.997105
1305031104.843258 0.006481 -0.051289 -0.088960 0.081036 0.029678 -0.000002 0.996269
1305031104.875350 0.002364 -0.045621 -0.094755 0.087104 0.033467 0.001906 0.995635
1305031104.911534 0.004591 -0.045403 -0.096423 0.088610 0.033734 0.003677 0.995488
1305031104.943262 0.005265 -0.046364 -0.097482 0.088565 0.034291 0.003923 0.995472
1305031104.975202 0.001634 -0.035368 -0.093938 0.089920 0.034444 0.004561 0.995343
1305031105.011290 0.001255 -0.035501 -0.091911 0.084518 0.034346 0.004247 0.995821
1305031105.043373 0.002291 -0.030931 -0.083574 0.079832 0.033626 0.003760 0.996234
1305031105.075320 0.002961 -0.026764 -0.067732 0.073712 0.032168 0.002872 0.996756
1305031105.111299 -0.000382 -0.030018 -0.056827 0.066961 0.031885 0.001350 0.997245
1305031105.143106 -0.005157 -0.018602 -0.044033 0.063031 0.030021 -0.001023 0.997559
1305031105.175159 -0.008492 -0.011199 -0.030038 0.051382 0.027300 -0.004710 0.998295
1305031105.211268 -0.011748 -0.016601 -0.014443 0.038122 0.023568 -0.005528 0.998980
1305031105.243270 -0.017067 -0.013843 -0.000479 0.030104 0.018928 -0.007489 0.999339
1305031105.275288 -0.021771 -0.011551 0.013384 0.019939 0.013361 -0.009094 0.999671
1305031105.311290 -0.025075 -0.013184 0.027511 0.009152 0.006452 -0.009525 0.999892
1305031105.343302 -0.025772 -0.017031 0.042522 -0.000112 -0.000233 -0.009535 0.999955
1305031105.375338 -0.027430 -0.017871 0.055837 -0.003899 -0.005031 -0.009523 0.999934
1305031105.411286 -0.029984 -0.010381 0.068324 -0.007823 -0.009116 -0.010682 0.999871
1305031105.443316 -0.030668 -0.014052 0.083791 -0.015650 -0.013233 -0.011017 0.999729
1305031105.475280 -0.032534 -0.012919 0.096823 -0.019024 -0.016096 -0.011308 0.999625
1305031105.511332 -0.032734 -0.009513 0.110806 -0.022915 -0.018621 -0.011420 0.999499
1305031105.543282 -0.032276 -0.011438 0.126620 -0.027894 -0.019741 -0.010169 0.999364
1305031105.575449 -0.034432 -0.009338 0.139770 -0.030425 -0.020430 -0.010319 0.999275
1305031105.611378 -0.032899 -0.011581 0.156133 -0.034057 -0.021945 -0.009335 0.999135
1305031105.643273 -0.034741 -0.008698 0.169635 -0.034054 -0.021884 -0.006550 0.999159
1305031105.675166 -0.031559 -0.006362 0.184059 -0.035804 -0.023797 -0.005268 0.999062
1305031105.711309 -0.026803 -0.010205 0.199906 -0.036709 -0.022981 -0.005116 0.999049
1305031105.743312 -0.026755 -0.004160 0.211803 -0.034004 -0.018905 -0.005034 0.999230
1305031105.775339 -0.023427 -0.004869 0.228311 -0.035321 -0.015220 -0.004866 0.999248
1305031105.811283 -0.024556 -0.001476 0.242694 -0.033122 -0.009759 -0.004196 0.999395
1305031105.843271 -0.021732 0.000017 0.256466 -0.032038 -0.006879 -0.003098 0.999458
1305031105.875337 -0.020617 0.007159 0.268870 -0.030299 -0.001815 -0.000960 0.999539
1305031105.911262 -0.020284 0.011853 0.282938 -0.032345 0.002380 0.003640 0.999467
1305031105.943272 -0.019963 0.017626 0.295048 -0.034147 0.005730 0.006159 0.999381
1305031105.975329 -0.019802 0.022855 0.308071 -0.037872 0.007818 0.007618 0.999223
1305031106.011285 -0.018427 0.026902 0.320724 -0.041956 0.009672 0.009438 0.999028
1305031106.043355 -0.019972 0.030667 0.332868 -0.046370 0.012380 0.010518 0.998792
1305031106.075330 -0.021014 0.034902 0.344234 -0.050113 0.013416 0.012409 0.998576
1305031106.111327 -0.021736 0.041673 0.354730 -0.054334 0.013312 0.013636 0.998341
1305031106.143355 -0.023028 0.043102 0.366740 -0.061807 0.011785 0.016012 0.997890
1305031106.175534 -0.023992 0.045465 0.376882 -0.065711 0.010283 0.016874 0.997643
1305031106.211275 -0.024688 0.045225 0.386994 -0.069774 0.008683 0.017685 0.997368
1305031106.243267 -0.025740 0.048350 0.394160 -0.069534 0.007398 0.021056 0.997330
1305031106.276385 -0.027066 0.054620 0.399694 -0.069462 0.006085 0.021710 0.997330
1305031106.311238 -0.027262 0.058199 0.405177 -0.072724 0.004831 0.024813 0.997032
1305031106.343258 -0.029350 0.065332 0.407941 -0.076295 0.004343 0.025021 0.996762
1305031106.375388 -0.026233 0.065366 0.411302 -0.085904 0.003170 0.018220 0.996132
1305031106.411320 -0.025007 0.059661 0.413297 -0.093521 0.007742 0.013013 0.995502
1305031106.443278 -0.027549 0.056491 0.410251 -0.094913 0.012123 0.009399 0.995367
1305031106.475345 -0.029194 0.052904 0.404779 -0.095741 0.011649 0.008894 0.995298
1305031106.511129 -0.031207 0.049761 0.398773 -0.094120 0.009134 0.007906 0.995488
1305031106.543302 -0.032642 0.041829 0.392528 -0.093226 0.005390 0.006240 0.995611
1305031106.575282 -0.032624 0.039776 0.382110 -0.089946 0.003497 0.005163 0.995927
1305031106.611151 -0.033485 0.039009 0.370892 -0.089118 0.000344 0.002083 0.996019
1305031106.643207 -0.033985 0.030811 0.360409 -0.090958 -0.002177 0.000010 0.995852
1305031106.675279 -0.036384 0.030618 0.345971 -0.087441 -0.004599 -0.000654 0.996159
1305031106.711508 -0.039172 0.025682 0.334259 -0.089987 -0.009428 -0.001227 0.995898
1305031106.743341 -0.040276 0.022098 0.319502 -0.088399 -0.015592 -0.001262 0.995962
1305031106.775390 -0.038231 0.018362 0.304634 -0.087712 -0.022295 -0.001214 0.995896
1305031106.811289 -0.037898 0.018276 0.288527 -0.086856 -0.026315 -0.001799 0.995872
1305031106.843416 -0.038545 0.007650 0.275947 -0.089834 -0.029929 -0.003137 0.995502
1305031106.875905 -0.034663 0.001862 0.259832 -0.084834 -0.033836 -0.006466 0.995799
1305031106.911243 -0.034295 0.003167 0.241077 -0.079819 -0.033234 -0.010803 0.996197
1305031106.943439 -0.033687 -0.005102 0.227577 -0.079711 -0.032623 -0.014969 0.996172
1305031106.975547 -0.032928 -0.012678 0.212113 -0.074748 -0.030775 -0.018149 0.996562
1305031107.011576 -0.034576 -0.009036 0.188805 -0.066069 -0.027025 -0.022309 0.997199
1305031107.043281 -0.034554 -0.016207 0.175376 -0.067731 -0.024789 -0.024184 0.997102
1305031107.075432 -0.038204 -0.025910 0.159423 -0.065110 -0.022710 -0.024829 0.997311
1305031107.111229 -0.037215 -0.025501 0.142406 -0.059458 -0.023721 -0.025510 0.997623
1305031107.143260 -0.034346 -0.025674 0.127870 -0.057180 -0.023550 -0.025663 0.997756
1305031107.175399 -0.032314 -0.034061 0.117665 -0.056782 -0.022692 -0.025941 0.997792
1305031107.211358 -0.029536 -0.040069 0.105088 -0.051222 -0.021221 -0.027654 0.998079
1305031107.243378 -0.029432 -0.040252 0.089592 -0.044466 -0.017636 -0.028255 0.998455
1305031107.275398 -0.026378 -0.045388 0.078796 -0.039833 -0.015046 -0.028015 0.998700
1305031107.311226 -0.024413 -0.052887 0.068310 -0.034154 -0.011909 -0.028748 0.998932
1305031107.343509 -0.020730 -0.059371 0.057323 -0.024381 -0.009043 -0.028949 0.999243
1305031107.375413 -0.019644 -0.055648 0.044052 -0.014163 -0.003880 -0.029552 0.999455
1305031107.411271 -0.017685 -0.055994 0.036382 -0.007536 0.000654 -0.030394 0.999509
1305031107.443419 -0.015717 -0.052894 0.029034 -0.001232 0.005311 -0.030141 0.999531
1305031107.475377 -0.012850 -0.055797 0.024694 0.000887 0.009375 -0.029813 0.999511
1305031107.511352 -0.011062 -0.051046 0.019638 0.003470 0.012972 -0.029430 0.999477
1305031107.543605 -0.008700 -0.051089 0.020504 0.000990 0.015539 -0.027363 0.999504
1305031107.575454 -0.005871 -0.056275 0.022570 -0.000440 0.017194 -0.024570 0.999550
1305031107.611271 -0.003083 -0.047763 0.021914 0.002082 0.018246 -0.022882 0.999569
1305031107.643323 -0.002202 -0.047585 0.024083 -0.001469 0.019698 -0.021799 0.999567
1305031107.675568 -0.003282 -0.047404 0.025569 -0.002762 0.020635 -0.021362 0.999555
1305031107.711307 -0.003889 -0.042399 0.027878 -0.003071 0.020522 -0.020307 0.999578
1305031107.743538 -0.006417 -0.036880 0.029803 -0.005221 0.019879 -0.019546 0.999598
1305031107.775802 -0.006547 -0.039851 0.030193 -0.009142 0.017250 -0.021051 0.999588
1305031107.811596 -0.005716 -0.036135 0.033566 -0.010521 0.015222 -0.020994 0.999608
1305031107.843332 -0.003450 -0.035591 0.035918 -0.013160 0.014463 -0.021393 0.999580
1305031107.875358 0.001925 -0.039470 0.038637 -0.014945 0.014455 -0.024830 0.999475
1305031107.911541 0.005135 -0.038973 0.041121 -0.013811 0.017200 -0.027352 0.999382
1305031107.943122 0.011312 -0.040054 0.044088 -0.012044 0.019836 -0.027671 0.999348
1305031107.975807 0.018568 -0.040645 0.046670 -0.009636 0.023653 -0.027352 0.999300
1305031108.011320 0.029178 -0.040483 0.048862 -0.005774 0.027306 -0.029292 0.999181
1305031108.043418 0.039891 -0.039537 0.048559 -0.003460 0.033687 -0.027145 0.999058
1305031108.075352 0.051980 -0.040552 0.055059 -0.002273 0.042142 -0.021929 0.998868
1305031108.111378 0.059392 -0.041528 0.055869 0.000210 0.048027 -0.022171 0.998600
1305031108.143334 0.071834 -0.039429 0.058798 0.002691 0.051083 -0.021227 0.998465
1305031108.176058 0.082376 -0.037127 0.055314 0.001165 0.054482 -0.018137 0.998349
1305031108.211475 0.093149 -0.040067 0.059828 -0.004550 0.055878 -0.018763 0.998251
1305031108.243347 0.111357 -0.045776 0.066442 -0.006694 0.057114 -0.020224 0.998140
1305031108.275358 0.119986 -0.041430 0.064005 -0.005541 0.062086 -0.020106 0.997853
1305031108.311332 0.127736 -0.037331 0.065793 -0.008645 0.063653 -0.019032 0.997753
1305031108.343278 0.137768 -0.032917 0.072114 -0.013083 0.062500 -0.016778 0.997818
1305031108.375410 0.146349 -0.030811 0.075669 -0.018030 0.060346 -0.011608 0.997947
1305031108.411361 0.160203 -0.031294 0.079662 -0.023166 0.055866 -0.005360 0.998155
1305031108.443610 0.173764 -0.029814 0.082704 -0.027220 0.054198 0.001262 0.998158
1305031108.475471 0.187272 -0.033771 0.085474 -0.031187 0.053215 0.008376 0.998061
1305031108.511378 0.208195 -0.035920 0.090920 -0.031081 0.053753 0.013627 0.997977
1305031108.543737 0.220192 -0.037014 0.091734 -0.026973 0.060547 0.012630 0.997721
1305031108.575414 0.225446 -0.032554 0.083900 -0.022615 0.067140 0.010533 0.997432
1305031108.611407 0.244110 -0.032827 0.087326 -0.023271 0.070426 0.011355 0.997181
1305031108.643303 0.254527 -0.029934 0.084619 -0.022540 0.075622 0.013011 0.996797
1305031108.675375 0.269565 -0.026614 0.084536 -0.024721 0.079813 0.017214 0.996355
1305031108.711411 0.279341 -0.027249 0.088355 -0.028889 0.087364 0.020969 0.995537
1305031108.743502 0.286817 -0.028624 0.090878 -0.030642 0.092587 0.021770 0.994995
1305031108.775493 0.294360 -0.027273 0.090052 -0.031397 0.096345 0.024227 0.994558
1305031108.811244 0.297462 -0.028558 0.091785 -0.033316 0.100345 0.028978 0.993972
1305031108.843264 0.297460 -0.031319 0.092580 -0.033082 0.101408 0.034302 0.993703
1305031108.876515 0.297745 -0.032155 0.089844 -0.031269 0.098867 0.040109 0.993800
1305031108.911364 0.303008 -0.034401 0.086316 -0.028678 0.093765 0.046510 0.994094
1305031108.943243 0.299491 -0.035911 0.085783 -0.023685 0.090814 0.046799 0.994486
1305031108.975268 0.303105 -0.030530 0.077969 -0.018754 0.083394 0.045573 0.995297
1305031109.011269 0.304999 -0.029139 0.073842 -0.019095 0.078223 0.044365 0.995765
1305031109.043277 0.298446 -0.030639 0.071486 -0.018452 0.077643 0.042163 0.995918
1305031109.075410 0.279585 -0.028889 0.066304 -0.020008 0.078233 0.036051 0.996082
1305031109.111282 0.266510 -0.031702 0.071778 -0.024756 0.078107 0.032217 0.996117
1305031109.143334 0.256679 -0.031751 0.071656 -0.024716 0.073838 0.028332 0.996561
1305031109.175464 0.244226 -0.028225 0.066755 -0.024134 0.067942 0.025150 0.997080
1305031109.211379 0.240297 -0.018791 0.065412 -0.026545 0.061014 0.027970 0.997392
1305031109.243290 0.225780 -0.015356 0.070432 -0.034072 0.059378 0.034355 0.997062
1305031109.275308 0.212901 -0.026779 0.068839 -0.039001 0.055439 0.037359 0.997000
1305031109.311329 0.193333 -0.023863 0.066944 -0.036157 0.048436 0.038573 0.997426
1305031109.343248 0.175768 -0.018189 0.064789 -0.037413 0.040786 0.037674 0.997756
1305031109.375397 0.165723 -0.023202 0.067144 -0.041657 0.031616 0.036986 0.997946
1305031109.411329 0.156863 -0.021404 0.063259 -0.041787 0.023181 0.033600 0.998292
1305031109.443302 0.141854 -0.018437 0.061789 -0.044599 0.019184 0.028458 0.998415
1305031109.475363 0.128512 -0.020588 0.062988 -0.047867 0.016955 0.025005 0.998397
1305031109.511273 0.114220 -0.024350 0.062060 -0.048709 0.015270 0.020852 0.998479
1305031109.543294 0.100887 -0.024580 0.059353 -0.046275 0.013865 0.018294 0.998665
1305031109.575362 0.086647 -0.022563 0.055695 -0.045543 0.014011 0.018086 0.998700
1305031109.611310 0.073852 -0.021734 0.053437 -0.045595 0.012244 0.015745 0.998761
1305031109.643229 0.062794 -0.020942 0.051582 -0.046269 0.010791 0.015140 0.998756
1305031109.675263 0.047364 -0.019213 0.049058 -0.048353 0.011156 0.017243 0.998619
1305031109.711312 0.034337 -0.015269 0.047544 -0.050079 0.007934 0.016131 0.998583
1305031109.743274 0.021734 -0.014999 0.048952 -0.054708 0.004979 0.015576 0.998368
1305031109.775277 0.011215 -0.015968 0.051101 -0.058101 0.002646 0.015859 0.998181
1305031109.811371 -0.002881 -0.013166 0.051020 -0.059676 0.001986 0.014984 0.998103
1305031109.843296 -0.016320 -0.012510 0.052790 -0.063077 -0.000379 0.014307 0.997906
1305031109.875306 -0.032800 -0.010971 0.055501 -0.066447 -0.002979 0.012437 0.997708
1305031109.911265 -0.045168 -0.013581 0.060875 -0.068597 -0.009262 0.007810 0.997571
1305031109.943299 -0.057229 -0.006884 0.058432 -0.068667 -0.012368 0.003299 0.997557
1305031109.975258 -0.072026 -0.006803 0.064642 -0.073229 -0.014241 -0.001332 0.997213
1305031110.011256 -0.084234 -0.005206 0.067674 -0.075251 -0.017033 -0.008182 0.996986
1305031110.043299 -0.096631 -0.004030 0.071185 -0.077521 -0.018200 -0.014862 0.996714
1305031110.075319 -0.111267 -0.002645 0.071635 -0.079566 -0.017823 -0.020311 0.996463
1305031110.111325 -0.126449 -0.001268 0.075636 -0.083934 -0.018835 -0.024725 0.995986
1305031110.143432 -0.140932 -0.006698 0.078849 -0.086859 -0.021769 -0.028625 0.995571
1305031110.175641 -0.150586 0.001215 0.078125 -0.086254 -0.025665 -0.030003 0.995490
1305031110.211637 -0.163884 -0.001371 0.082129 -0.090910 -0.028143 -0.031537 0.994962
1305031110.243323 -0.175315 -0.004941 0.083442 -0.092471 -0.032025 -0.031255 0.994709
1305031110.279321 -0.182811 -0.004949 0.085350 -0.090861 -0.036764 -0.031883 0.994674
1305031110.311404 -0.196952 -0.005074 0.083095 -0.088449 -0.038705 -0.033833 0.994753
1305031110.343355 -0.207438 -0.002503 0.081830 -0.087043 -0.043415 -0.034751 0.994651
1305031110.379281 -0.220027 -0.002485 0.081323 -0.086296 -0.048500 -0.038442 0.994345
1305031110.411469 -0.232625 0.003359 0.077237 -0.084746 -0.054207 -0.041081 0.994078
1305031110.443260 -0.243531 0.007289 0.078192 -0.088234 -0.060048 -0.044417 0.993296
1305031110.479331 -0.257716 0.004567 0.080732 -0.091812 -0.066077 -0.050449 0.992300
