# timestamp tx ty tz qx qy qz qw
1341845820.887882 0.000000 0.000000 0.000000 0.000000 0.000000 0.000000 1.000000
1341845820.920082 -0.001945 0.003640 -0.001402 -0.000428 0.000015 -0.000702 1.000000
1341845820.955790 -0.002025 0.002278 -0.001765 -0.001913 -0.000937 -0.000864 0.999997
1341845820.987817 -0.000796 0.001050 -0.001677 -0.002799 -0.001320 -0.001032 0.999995
1341845821.019783 -0.001898 0.000111 -0.001383 -0.002949 -0.001405 -0.001242 0.999994
1341845821.055706 -0.003446 0.000003 -0.001588 -0.002314 -0.001711 0.000044 0.999996
1341845821.087831 -0.002375 -0.001952 -0.001120 -0.001525 -0.003389 0.002695 0.999989
1341845821.119871 0.005097 -0.000850 -0.001043 0.000589 -0.003229 0.004892 0.999983
1341845821.155881 0.003727 0.002154 -0.001686 0.000807 -0.000076 0.005752 0.999983
1341845821.188556 0.001457 -0.001502 0.000557 0.000372 0.001977 0.007829 0.999967
1341845821.223751 0.002971 -0.004971 0.000777 0.003141 0.002167 0.010036 0.999942
1341845821.256005 0.006389 0.002456 -0.004059 0.004645 0.003266 0.009538 0.999938
1341845821.287883 0.007351 -0.000067 -0.001958 0.002600 0.005722 0.008215 0.999946
1341845821.323879 0.010037 -0.003743 -0.001530 0.002507 0.007593 0.006897 0.999944
1341845821.355690 0.007404 -0.001024 -0.001026 0.003580 0.010185 0.007021 0.999917
1341845821.388161 0.006384 -0.003245 -0.000804 0.003363 0.010834 0.008694 0.999898
1341845821.424470 0.012686 -0.006037 -0.000823 0.004835 0.011450 0.009441 0.999878
1341845821.455778 0.009114 -0.001724 -0.000975 0.005555 0.014447 0.008333 0.999845
1341845821.488014 0.006420 -0.005410 0.000948 0.005014 0.015674 0.008507 0.999828
1341845821.524370 0.009425 -0.007987 0.001025 0.006584 0.016018 0.009310 0.999807
1341845821.555644 0.006782 -0.005932 0.000536 0.008397 0.017691 0.008830 0.999769
1341845821.587677 0.003092 -0.002853 -0.001405 0.008652 0.017845 0.007915 0.999772
1341845821.623761 0.004509 -0.004927 -0.001447 0.007906 0.016918 0.007225 0.999800
1341845821.655725 0.005741 -0.003486 -0.002788 0.007948 0.016756 0.006160 0.999809
1341845821.691884 0.003994 -0.003052 -0.003326 0.006920 0.016955 0.005192 0.999819
1341845821.724228 0.002134 -0.006976 -0.002187 0.006458 0.016297 0.005464 0.999831
1341845821.755681 0.001618 -0.006383 -0.002014 0.007441 0.015195 0.006415 0.999836
1341845821.791636 0.003801 -0.007918 -0.001010 0.008248 0.014363 0.006769 0.999840
1341845821.823697 0.004422 -0.004981 -0.002680 0.009172 0.014941 0.005349 0.999832
1341845821.855574 0.002264 -0.005898 -0.002381 0.008098 0.015966 0.003705 0.999833
1341845821.891741 0.000913 -0.010147 -0.001567 0.008230 0.015812 0.003616 0.999835
1341845821.923730 0.003179 -0.009453 -0.002180 0.009861 0.015583 0.004371 0.999820
1341845821.955750 0.001392 -0.007252 -0.003722 0.010769 0.016171 0.004265 0.999802
1341845821.991786 0.001942 -0.006373 -0.003407 0.010257 0.016472 0.003508 0.999806
1341845822.023863 -0.001721 -0.009406 -0.002027 0.009897 0.017386 0.003179 0.999795
1341845822.059759 -0.003639 -0.006624 -0.002466 0.010131 0.017505 0.003221 0.999790
1341845822.091719 -0.002616 -0.012480 -0.001056 0.009471 0.017566 0.003334 0.999795
1341845822.123689 -0.002969 -0.012462 -0.001800 0.011328 0.018502 0.002978 0.999760
1341845822.185916 -0.013599 -0.012893 -0.002024 0.010407 0.019388 0.003506 0.999752
1341845822.221838 -0.014225 -0.012726 -0.002362 0.012170 0.017660 0.004500 0.999760
1341845822.254004 -0.016766 -0.007828 -0.002906 0.012130 0.017130 0.004132 0.999771
1341845822.289876 -0.020347 -0.013463 -0.000386 0.010743 0.016679 0.003091 0.999798
1341845822.321804 -0.021623 -0.013890 0.000628 0.011723 0.016204 0.002047 0.999798
1341845822.353784 -0.024598 -0.013863 0.000883 0.012398 0.016408 0.001671 0.999787
1341845822.391662 -0.028389 -0.015138 0.001516 0.013162 0.017077 0.001621 0.999766
1341845822.428074 -0.035865 -0.013690 -0.001169 0.013776 0.017382 0.001376 0.999753
1341845822.459970 -0.038959 -0.013147 0.000050 0.013202 0.016826 0.001432 0.999770
1341845822.495728 -0.042886 -0.015690 0.001989 0.013020 0.016511 0.001598 0.999778
1341845822.527724 -0.048808 -0.013905 0.000064 0.013285 0.016222 0.001462 0.999779
1341845822.559648 -0.053031 -0.013051 0.000674 0.012262 0.015451 0.002250 0.999803
1341845822.595852 -0.053377 -0.015132 0.003558 0.011907 0.015101 0.002624 0.999812
1341845822.627724 -0.061560 -0.012064 0.001202 0.011477 0.016078 0.002291 0.999802
1341845822.663716 -0.071769 -0.020427 0.005818 0.010633 0.015564 0.005640 0.999806
1341845822.695601 -0.070126 -0.022976 0.004537 0.014706 0.012384 0.009304 0.999772
1341845822.731816 -0.071933 -0.018350 0.003626 0.017298 0.012064 0.010123 0.999726
1341845822.789911 -0.078812 -0.018559 0.003363 0.018185 0.013030 0.009887 0.999701
1341845822.825897 -0.086160 -0.019301 0.004317 0.017251 0.014629 0.009774 0.999696
1341845822.859721 -0.093752 -0.025403 0.006286 0.017692 0.014395 0.011739 0.999671
1341845822.889712 -0.097058 -0.025742 0.005197 0.019992 0.012814 0.013345 0.999629
1341845822.925900 -0.096994 -0.024166 0.004622 0.021041 0.011620 0.012859 0.999628
1341845822.957708 -0.097760 -0.025626 0.005348 0.021137 0.012126 0.011258 0.999640
1341845822.989939 -0.103970 -0.027851 0.006047 0.022163 0.012931 0.010671 0.999614
1341845823.025889 -0.104846 -0.028239 0.006427 0.024196 0.012491 0.011036 0.999568
1341845823.057775 -0.102955 -0.027777 0.006332 0.025649 0.013671 0.010916 0.999518
1341845823.093671 -0.109478 -0.027574 0.006431 0.026974 0.016609 0.010674 0.999441
1341845823.125951 -0.113317 -0.026426 0.005577 0.027860 0.017599 0.011672 0.999389
1341845823.157773 -0.116355 -0.028756 0.006254 0.028305 0.018994 0.011815 0.999349
1341845823.193885 -0.124710 -0.023155 0.004404 0.029134 0.019887 0.011030 0.999317
1341845823.225800 -0.128909 -0.023810 0.005427 0.027173 0.018524 0.010781 0.999401
1341845823.261842 -0.129290 -0.025894 0.006062 0.026695 0.017073 0.010285 0.999445
1341845823.293622 -0.131986 -0.018910 0.003749 0.026061 0.017313 0.009108 0.999469
1341845823.325746 -0.130970 -0.022043 0.004783 0.022259 0.019115 0.009109 0.999528
1341845823.361852 -0.133488 -0.028685 0.007688 0.022200 0.022642 0.010230 0.999445
1341845823.394013 -0.139900 -0.028375 0.007540 0.024633 0.025830 0.013182 0.999276
1341845823.426028 -0.150964 -0.029701 0.007368 0.025734 0.028034 0.015871 0.999150
1341845823.461869 -0.154664 -0.031620 0.005624 0.026301 0.027282 0.017030 0.999137
1341845823.493758 -0.153390 -0.032182 0.004740 0.026519 0.027815 0.017275 0.999112
1341845823.529780 -0.162620 -0.034016 0.004866 0.026447 0.030334 0.017538 0.999036
1341845823.561916 -0.173329 -0.036493 0.004354 0.026542 0.029802 0.018176 0.999038
1341845823.593678 -0.176380 -0.036563 0.005090 0.026942 0.026674 0.019840 0.999084
1341845823.629815 -0.173326 -0.036180 0.005522 0.026706 0.026268 0.020186 0.999094
1341845823.661750 -0.184074 -0.038989 0.007019 0.025933 0.028166 0.019503 0.999076
1341845823.695523 -0.197508 -0.049822 0.013065 0.026709 0.027005 0.020556 0.999067
1341845823.729635 -0.196770 -0.049107 0.010385 0.030860 0.023601 0.022409 0.998994
1341845823.761810 -0.199935 -0.046029 0.007057 0.033493 0.021804 0.023206 0.998932
1341845823.797871 -0.205797 -0.043955 0.004038 0.033901 0.018979 0.022524 0.998991
1341845823.829660 -0.208920 -0.047184 0.008486 0.033100 0.015145 0.020293 0.999131
1341845823.861808 -0.215487 -0.050290 0.007289 0.033705 0.012382 0.018192 0.999190
1341845823.929826 -0.219720 -0.052434 0.002863 0.033699 0.005072 0.014859 0.999309
1341845823.961797 -0.224935 -0.050769 0.000200 0.032497 0.004494 0.011149 0.999400
1341845823.998070 -0.234036 -0.056192 0.010286 0.030889 0.004602 0.009027 0.999471
1341845824.029656 -0.239300 -0.055994 0.009295 0.031826 0.004555 0.009908 0.999434
1341845824.065768 -0.235818 -0.055976 0.006897 0.031775 0.005688 0.012407 0.999402
1341845824.097956 -0.209363 -0.048567 -0.002012 0.030958 0.008354 0.012190 0.999411
1341845824.130299 -0.215648 -0.046717 -0.003202 0.025944 0.025702 0.011567 0.999266
1341845824.165751 -0.227996 -0.048147 -0.007772 0.020679 0.037419 0.011578 0.999019
1341845824.197930 -0.258753 -0.061869 0.016773 0.017026 0.044739 0.012621 0.998774
1341845824.229907 -0.266865 -0.064674 0.013383 0.021354 0.045344 0.013105 0.998657
1341845824.265800 -0.288615 -0.064785 0.009598 0.024003 0.043528 0.013358 0.998674
1341845824.298080 -0.287909 -0.066047 0.010598 0.025050 0.035151 0.013474 0.998977
1341845824.333783 -0.284528 -0.071750 0.017873 0.027167 0.030996 0.013139 0.999064
1341845824.365821 -0.289535 -0.068635 0.002968 0.029828 0.031480 0.012359 0.998983
1341845824.398039 -0.298483 -0.068221 -0.000862 0.029092 0.031228 0.010790 0.999031
1341845824.433843 -0.310321 -0.071705 0.005118 0.028555 0.029085 0.011213 0.999106
1341845824.465921 -0.319071 -0.074032 0.003007 0.029805 0.026168 0.015742 0.999089
1341845824.501802 -0.323888 -0.068612 0.000339 0.030070 0.024301 0.020689 0.999038
1341845824.533723 -0.330423 -0.069430 -0.000853 0.028008 0.022103 0.024764 0.999056
1341845824.565735 -0.335228 -0.071793 0.001964 0.025775 0.019319 0.027993 0.999089
1341845824.601758 -0.340442 -0.073323 0.003571 0.025451 0.017514 0.031674 0.999021
1341845824.633861 -0.346361 -0.072406 0.001205 0.024979 0.015910 0.035544 0.998929
1341845824.665789 -0.351207 -0.075018 0.001544 0.024455 0.013907 0.038725 0.998854
1341845824.701769 -0.359378 -0.076060 0.003999 0.025021 0.011490 0.040946 0.998782
1341845824.733585 -0.360772 -0.075834 0.001482 0.026445 0.008746 0.042318 0.998716
1341845824.769643 -0.365775 -0.066149 -0.014619 0.025802 0.007733 0.043122 0.998707
1341845824.801632 -0.374664 -0.073435 0.000442 0.021104 0.004499 0.042781 0.998851
1341845824.833654 -0.377320 -0.085124 0.006640 0.021614 0.002130 0.041460 0.998904
1341845824.869926 -0.380481 -0.077641 0.000220 0.026286 0.002073 0.043314 0.998713
1341845824.902071 -0.387476 -0.075345 -0.005465 0.025358 0.001595 0.042837 0.998759
1341845824.933752 -0.388788 -0.083209 -0.001807 0.024855 0.001078 0.040023 0.998889
1341845824.969855 -0.390968 -0.077879 -0.006498 0.025806 0.002641 0.038208 0.998933
1341845825.001907 -0.394886 -0.078669 -0.005831 0.024080 0.005772 0.038063 0.998968
1341845825.037975 -0.404182 -0.083491 -0.001794 0.023175 0.009351 0.036836 0.999009
1341845825.075793 -0.414196 -0.094938 -0.002005 0.024724 0.009047 0.037693 0.998942
1341845825.107881 -0.411563 -0.092264 0.002939 0.030495 0.008480 0.039288 0.998726
1341845825.143675 -0.413289 -0.089754 -0.000507 0.033964 0.010396 0.038469 0.998628
1341845825.175707 -0.419798 -0.093581 -0.002793 0.034078 0.011943 0.035168 0.998729
1341845825.211865 -0.427114 -0.091509 -0.007163 0.035542 0.012620 0.034305 0.998699
1341845825.243814 -0.425084 -0.098712 -0.003861 0.036722 0.013926 0.036153 0.998574
1341845825.275795 -0.438109 -0.094324 -0.012556 0.039760 0.016202 0.035902 0.998433
1341845825.311665 -0.451925 -0.098135 -0.021039 0.039842 0.015493 0.036638 0.998414
1341845825.343650 -0.452359 -0.092510 -0.027322 0.040257 0.013570 0.037966 0.998376
1341845825.379771 -0.458083 -0.097401 -0.020001 0.037387 0.013729 0.039026 0.998444
1341845825.411924 -0.463041 -0.095800 -0.025380 0.038631 0.012443 0.040554 0.998353
1341845825.443786 -0.470564 -0.089324 -0.024379 0.035030 0.010305 0.041307 0.998479
1341845825.480278 -0.477116 -0.096027 -0.025243 0.031485 0.006587 0.044059 0.998511
1341845825.511636 -0.479549 -0.092427 -0.026409 0.030554 0.002842 0.045471 0.998494
1341845825.547911 -0.484004 -0.092345 -0.024696 0.028258 0.000690 0.046866 0.998501
1341845825.579744 -0.483565 -0.094555 -0.016822 0.027523 -0.000879 0.051068 0.998315
1341845825.611784 -0.490227 -0.096109 -0.015714 0.029087 -0.001820 0.053808 0.998126
1341845825.648004 -0.484439 -0.094016 -0.014179 0.030181 -0.002775 0.052487 0.998162
1341845825.679708 -0.494066 -0.095843 -0.015836 0.031561 0.000480 0.051551 0.998171
1341845825.711937 -0.503352 -0.092691 -0.018013 0.032160 -0.002005 0.051122 0.998172
1341845825.747617 -0.501112 -0.089945 -0.021960 0.030915 -0.004826 0.049274 0.998295
1341845825.779688 -0.509125 -0.090313 -0.019329 0.027966 -0.006646 0.046282 0.998515
1341845825.815954 -0.511861 -0.091163 -0.017984 0.025419 -0.009075 0.043515 0.998688
1341845825.847829 -0.519532 -0.091610 -0.016752 0.023784 -0.009622 0.041434 0.998812
1341845825.879767 -0.524878 -0.094390 -0.011993 0.023155 -0.012388 0.042544 0.998749
1341845825.915646 -0.523855 -0.092653 -0.016326 0.023402 -0.013858 0.043552 0.998681
1341845825.947881 -0.530277 -0.091612 -0.017518 0.022670 -0.013332 0.044376 0.998669
1341845825.979700 -0.534117 -0.093328 -0.015081 0.022145 -0.014801 0.047609 0.998511
1341845826.015845 -0.535627 -0.091646 -0.020343 0.022055 -0.016013 0.048547 0.998449
1341845826.047945 -0.536434 -0.094740 -0.014067 0.021525 -0.016392 0.048287 0.998467
1341845826.079731 -0.544425 -0.091705 -0.017883 0.023131 -0.016665 0.050170 0.998334
1341845826.115655 -0.541206 -0.094194 -0.013711 0.022613 -0.019496 0.051068 0.998249
1341845826.147949 -0.540382 -0.091853 -0.020840 0.023223 -0.018787 0.046153 0.998488
1341845826.183767 -0.544778 -0.090729 -0.022150 0.021930 -0.018367 0.041334 0.998736
1341845826.215780 -0.547361 -0.091167 -0.019498 0.020776 -0.019427 0.041147 0.998748
1341845826.247732 -0.550442 -0.090111 -0.021463 0.020740 -0.019967 0.045898 0.998531
1341845826.283763 -0.556047 -0.090942 -0.019391 0.019775 -0.022193 0.050494 0.998282
1341845826.315658 -0.552162 -0.091675 -0.019028 0.019519 -0.026074 0.052168 0.998107
1341845826.347773 -0.555815 -0.090999 -0.023412 0.018488 -0.027447 0.051976 0.998100
1341845826.383718 -0.557820 -0.094398 -0.020776 0.017071 -0.030200 0.053087 0.997987
1341845826.415712 -0.560082 -0.097392 -0.017872 0.016953 -0.032686 0.054817 0.997817
1341845826.447806 -0.559617 -0.097657 -0.020525 0.018030 -0.034982 0.054098 0.997760
1341845826.483677 -0.560548 -0.095764 -0.023629 0.017876 -0.035422 0.054780 0.997710
1341845826.515677 -0.563280 -0.097937 -0.023937 0.017425 -0.036605 0.057932 0.997497
1341845826.551684 -0.561306 -0.097875 -0.028644 0.015795 -0.037178 0.055950 0.997616
1341845826.583716 -0.565197 -0.097044 -0.026573 0.014496 -0.036116 0.054141 0.997775
1341845826.615875 -0.567191 -0.096861 -0.023724 0.013509 -0.039014 0.057740 0.997478
1341845826.651722 -0.564010 -0.096592 -0.027800 0.013464 -0.039710 0.061281 0.997239
1341845826.683753 -0.567281 -0.092886 -0.029970 0.010298 -0.039975 0.057245 0.997506
1341845826.715643 -0.566240 -0.091892 -0.030051 0.006670 -0.041115 0.055211 0.997606
1341845826.751884 -0.569118 -0.087822 -0.028343 0.003689 -0.040248 0.057534 0.997525
1341845826.783713 -0.569182 -0.087673 -0.026582 0.000520 -0.041846 0.058602 0.997404
1341845826.819713 -0.559760 -0.084476 -0.029216 -0.003670 -0.040630 0.055904 0.997602
1341845826.851701 -0.568554 -0.082026 -0.022063 -0.007799 -0.036667 0.056162 0.997718
1341845826.884460 -0.569937 -0.082365 -0.019491 -0.008751 -0.038506 0.061403 0.997332
1341845826.945792 -0.566596 -0.071533 -0.021706 -0.019997 -0.031096 0.051591 0.997984
1341845826.981873 -0.572868 -0.074481 -0.015435 -0.022827 -0.032131 0.056872 0.997603
1341845827.013745 -0.565092 -0.064691 -0.016574 -0.023058 -0.033746 0.064321 0.997092
1341845827.045694 -0.559515 -0.056093 -0.023677 -0.029467 -0.029381 0.063636 0.997105
1341845827.082458 -0.565141 -0.068614 -0.028412 -0.037498 -0.026380 0.060866 0.997092
1341845827.113645 -0.566837 -0.071739 -0.022502 -0.037295 -0.029207 0.064955 0.996763
1341845827.145773 -0.559306 -0.054349 -0.016153 -0.037790 -0.028233 0.063484 0.996867
1341845827.182474 -0.559572 -0.055112 -0.020603 -0.043008 -0.024485 0.057521 0.997117
1341845827.213974 -0.560380 -0.066771 -0.018933 -0.042435 -0.024843 0.059048 0.997043
1341845827.251751 -0.559003 -0.060381 -0.013290 -0.038362 -0.024515 0.063116 0.996967
1341845827.313888 -0.562851 -0.066366 -0.006432 -0.048078 -0.017486 0.060001 0.996886
1341845827.349700 -0.560751 -0.067069 -0.011268 -0.043447 -0.020306 0.065736 0.996684
1341845827.381963 -0.555355 -0.058475 -0.005694 -0.042621 -0.020409 0.064405 0.996804
1341845827.413850 -0.555039 -0.062494 -0.006232 -0.044687 -0.018050 0.059687 0.997053
1341845827.449725 -0.553642 -0.065854 -0.012919 -0.043310 -0.018170 0.059225 0.997139
1341845827.488394 -0.557590 -0.070558 -0.001023 -0.040439 -0.019729 0.060264 0.997168
1341845827.555964 -0.552880 -0.068128 -0.005107 -0.038223 -0.018119 0.057968 0.997422
1341845827.623688 -0.545397 -0.068699 -0.003681 -0.034172 -0.019113 0.063196 0.997233
1341845827.656212 -0.543337 -0.062160 -0.003023 -0.035903 -0.017864 0.057312 0.997551
1341845827.687624 -0.537592 -0.067791 -0.000661 -0.039905 -0.015898 0.051783 0.997734
1341845827.723697 -0.537118 -0.073484 0.003891 -0.038903 -0.013678 0.055093 0.997629
1341845827.755778 -0.534225 -0.070998 -0.000241 -0.037003 -0.012975 0.058568 0.997513
1341845827.791657 -0.525892 -0.070904 -0.000749 -0.037237 -0.010413 0.057227 0.997612
1341845827.823845 -0.527878 -0.073065 0.004820 -0.037668 -0.006378 0.056209 0.997688
1341845827.855606 -0.522763 -0.076788 0.007681 -0.035854 -0.005699 0.058802 0.997609
1341845827.891685 -0.514596 -0.075542 0.005571 -0.033205 -0.002971 0.060312 0.997623
1341845827.923824 -0.512646 -0.072490 0.003106 -0.032244 0.001571 0.058833 0.997746
1341845827.959777 -0.510241 -0.073887 0.009296 -0.032057 0.004138 0.059808 0.997686
1341845827.991672 -0.501919 -0.071547 0.003470 -0.030412 0.005996 0.061345 0.997635
1341845828.023726 -0.496705 -0.067646 0.006467 -0.031739 0.009942 0.060548 0.997611
1341845828.059622 -0.493163 -0.069848 0.009476 -0.032704 0.013219 0.060729 0.997531
1341845828.091720 -0.492266 -0.070550 0.008300 -0.032538 0.015347 0.061197 0.997477
1341845828.127612 -0.490138 -0.067883 0.004166 -0.032614 0.016897 0.061940 0.997404
1341845828.159638 -0.480420 -0.066732 0.011061 -0.033776 0.018566 0.061688 0.997351
1341845828.191711 -0.478105 -0.070218 0.014820 -0.033868 0.020987 0.059650 0.997424
1341845828.227644 -0.473100 -0.065083 0.013662 -0.032120 0.022352 0.059835 0.997441
1341845828.259785 -0.470803 -0.064467 0.017553 -0.031770 0.025109 0.062702 0.997210
1341845828.291687 -0.462619 -0.065544 0.021243 -0.030403 0.026099 0.065318 0.997060
1341845828.327803 -0.459396 -0.061836 0.015737 -0.029449 0.027938 0.064651 0.997082
1341845828.359694 -0.454702 -0.060421 0.017218 -0.030460 0.029588 0.064588 0.997008
1341845828.395928 -0.449173 -0.061574 0.019765 -0.030281 0.031994 0.065990 0.996847
1341845828.427803 -0.446853 -0.060248 0.020679 -0.030213 0.033494 0.065808 0.996812
1341845828.459660 -0.438615 -0.060145 0.023396 -0.029930 0.034252 0.065905 0.996789
1341845828.495761 -0.435666 -0.056568 0.017708 -0.028633 0.036352 0.067396 0.996653
1341845828.527686 -0.432480 -0.053044 0.020296 -0.030449 0.037865 0.066235 0.996620
1341845828.595750 -0.423072 -0.054517 0.022980 -0.030886 0.040170 0.065894 0.996539
1341845828.654055 -0.409743 -0.052710 0.028675 -0.032924 0.043049 0.066269 0.996329
1341845828.689681 -0.409467 -0.052116 0.026240 -0.031556 0.044672 0.066563 0.996282
1341845828.721870 -0.406949 -0.048554 0.024201 -0.031946 0.044922 0.067117 0.996221
1341845828.757706 -0.400222 -0.049566 0.025240 -0.032484 0.045487 0.069382 0.996023
1341845828.789650 -0.403053 -0.050703 0.025630 -0.031775 0.046319 0.072462 0.995788
1341845828.821914 -0.396688 -0.047158 0.023605 -0.031299 0.044667 0.074022 0.995764
1341845828.857781 -0.390350 -0.046320 0.024312 -0.032151 0.043926 0.074900 0.995704
1341845828.889770 -0.386947 -0.047101 0.025309 -0.032289 0.043824 0.075701 0.995644
1341845828.931671 -0.386865 -0.046343 0.025117 -0.032205 0.043056 0.075049 0.995729
1341845828.989696 -0.373724 -0.046132 0.025328 -0.030217 0.039504 0.074181 0.996004
1341845829.025626 -0.367390 -0.041063 0.021613 -0.029686 0.038032 0.072681 0.996188
1341845829.063840 -0.360227 -0.040982 0.024808 -0.030683 0.037678 0.070691 0.996314
1341845829.089737 -0.356845 -0.039884 0.021019 -0.030629 0.038489 0.071074 0.996257
1341845829.125754 -0.350211 -0.040121 0.022225 -0.031102 0.037737 0.071234 0.996260
1341845829.158048 -0.340066 -0.039315 0.027814 -0.030410 0.038443 0.070724 0.996291
1341845829.193669 -0.338432 -0.043196 0.029454 -0.028733 0.040298 0.072939 0.996108
1341845829.225742 -0.333060 -0.043662 0.027391 -0.025248 0.039906 0.074563 0.996098
1341845829.257763 -0.328225 -0.042216 0.025862 -0.022508 0.039331 0.074519 0.996189
1341845829.293851 -0.321388 -0.041874 0.023405 -0.020146 0.038541 0.073308 0.996361
1341845829.325861 -0.320254 -0.045762 0.023587 -0.018272 0.037910 0.072543 0.996477
1341845829.357901 -0.314240 -0.045457 0.021895 -0.015103 0.034856 0.072140 0.996671
1341845829.393704 -0.305071 -0.041094 0.018906 -0.012956 0.033092 0.070220 0.996898
1341845829.425831 -0.301994 -0.037735 0.016191 -0.012755 0.031925 0.067966 0.997095
1341845829.461720 -0.299733 -0.047744 0.025843 -0.013547 0.030270 0.068284 0.997115
1341845829.493662 -0.292252 -0.047068 0.017387 -0.007762 0.027707 0.071916 0.996996
1341845829.525846 -0.282850 -0.034926 0.008572 -0.005924 0.025019 0.070200 0.997202
1341845829.561864 -0.276068 -0.034995 0.010116 -0.008907 0.025172 0.066780 0.997410
1341845829.593763 -0.274960 -0.048449 0.015844 -0.011212 0.026489 0.066507 0.997371
1341845829.625785 -0.271292 -0.048442 0.009846 -0.005589 0.024900 0.069478 0.997257
1341845829.661787 -0.262176 -0.035042 0.007618 -0.002283 0.022119 0.069186 0.997356
1341845829.693835 -0.249347 -0.030555 0.003797 -0.005472 0.022950 0.064049 0.997668
1341845829.729747 -0.255524 -0.042720 0.011731 -0.008989 0.025377 0.060319 0.997816
1341845829.761817 -0.263325 -0.045260 0.011959 -0.004669 0.021115 0.060676 0.997923
1341845829.793840 -0.242795 -0.037240 0.010014 -0.001341 0.014310 0.060071 0.998091
1341845829.829803 -0.233491 -0.032793 0.007396 -0.000546 0.014883 0.056318 0.998302
