# timestamp tx ty tz qx qy qz qw
1341846313.654184 0.000000 0.000000 0.000000 0.000000 0.000000 0.000000 1.000000
1341846313.686156 0.009160 0.001215 0.004049 0.001242 -0.002681 0.000038 0.999996
1341846313.721918 0.014159 0.003246 0.003322 0.001233 -0.003649 0.000821 0.999992
1341846313.753994 0.024850 0.000989 0.002306 0.000405 -0.004882 0.002664 0.999984
1341846313.789969 0.031916 0.000169 0.002352 0.001432 -0.005626 0.001130 0.999983
1341846313.822075 0.028602 0.002368 -0.000342 0.001689 -0.003043 0.000397 0.999994
1341846313.853928 0.023962 0.002477 0.003575 0.001090 0.000978 -0.000434 0.999999
1341846313.890011 0.020917 0.002350 0.001643 0.000914 0.003681 -0.000876 0.999992
1341846313.922055 0.000214 0.005361 0.002832 -0.001014 0.008673 0.000757 0.999962
1341846313.957927 -0.004243 0.004301 0.011421 -0.003041 0.014439 0.002345 0.999888
1341846313.990058 -0.015081 0.004499 0.010722 -0.004067 0.022219 0.002794 0.999741
1341846314.022042 -0.026758 0.008406 0.014354 -0.005782 0.026146 0.002939 0.999637
1341846314.057816 -0.029366 0.010787 0.028711 -0.008554 0.029672 0.004431 0.999513
1341846314.089801 -0.000908 0.009936 -0.012334 -0.007470 0.034742 0.004184 0.999360
1341846314.122037 -0.014203 0.018379 -0.014782 -0.007356 0.040576 0.005878 0.999132
1341846314.157989 -0.014663 0.017431 -0.001914 -0.009515 0.044475 0.007160 0.998940
1341846314.190094 -0.025692 0.019343 -0.003233 -0.008901 0.050478 0.007705 0.998656
1341846314.225969 -0.047531 0.023942 -0.012527 -0.010769 0.056800 0.010226 0.998275
1341846314.257923 -0.044230 0.024510 -0.000906 -0.012163 0.059070 0.010637 0.998123
1341846314.290052 -0.048902 0.031028 -0.000677 -0.009665 0.061467 0.008330 0.998028
1341846314.325981 -0.069842 0.036511 -0.007736 -0.009973 0.067074 0.007201 0.997672
1341846314.357905 -0.063102 0.036632 0.006397 -0.010604 0.070076 0.006951 0.997461
1341846314.389899 -0.063648 0.038368 0.010335 -0.008674 0.073355 0.006184 0.997249
1341846314.427905 -0.065569 0.043815 0.005178 -0.008250 0.075880 0.004597 0.997072
1341846314.493987 -0.055586 0.042003 0.017688 -0.006990 0.085478 -0.002994 0.996311
1341846314.526085 -0.060825 0.044736 0.009013 -0.006614 0.088659 -0.004699 0.996029
1341846314.558292 -0.067814 0.043556 0.010376 -0.008049 0.094263 -0.003112 0.995510
1341846314.594085 -0.062723 0.040776 0.014489 -0.006718 0.099117 -0.002568 0.995050
1341846314.626096 -0.029075 0.038983 0.000861 -0.006939 0.098090 -0.003981 0.995145
1341846314.658455 -0.025905 0.039971 0.000156 -0.008906 0.100202 -0.004481 0.994917
1341846314.694004 -0.011997 0.034570 0.009637 -0.008853 0.103086 -0.003973 0.994625
1341846314.725910 -0.015386 0.037866 0.023594 -0.003874 0.107348 -0.002387 0.994211
1341846314.761942 -0.015780 0.040553 0.017808 0.000154 0.107896 0.001462 0.994161
1341846314.794030 -0.006417 0.044129 0.012929 0.003837 0.109296 0.003028 0.993997
1341846314.826092 -0.012240 0.045872 -0.001762 0.006040 0.114187 0.003307 0.993435
1341846314.862145 -0.013596 0.046912 -0.010174 0.006208 0.118387 0.004333 0.992939
1341846314.894072 -0.003719 0.046224 -0.008885 0.005970 0.121666 0.005961 0.992535
1341846314.925969 -0.009496 0.045987 -0.019366 0.006125 0.125152 0.008932 0.992078
1341846314.961937 -0.021212 0.048838 -0.033425 0.003460 0.127800 0.013385 0.991704
1341846314.994564 -0.013506 0.047567 -0.032681 -0.000052 0.128140 0.013835 0.991660
1341846315.029900 0.031402 0.050999 -0.011784 0.000125 0.127142 0.010769 0.991826
1341846315.061965 0.021472 0.051734 -0.020119 0.000052 0.130714 0.012691 0.991339
1341846315.094388 0.031148 0.050557 -0.011825 0.000095 0.129030 0.014288 0.991538
1341846315.129851 0.039514 0.053455 -0.013314 0.002483 0.128696 0.013059 0.991595
1341846315.161941 0.022318 0.065724 -0.026162 0.000973 0.131489 0.017677 0.991159
1341846315.197984 0.027545 0.073208 -0.024345 -0.004647 0.129099 0.015259 0.991503
1341846315.230076 0.031316 0.074607 -0.024175 -0.007612 0.128242 0.012125 0.991640
1341846315.262069 0.028129 0.074548 -0.029950 -0.010360 0.126324 0.013863 0.991838
1341846315.298000 0.039502 0.072127 -0.024995 -0.012174 0.121614 0.017736 0.992344
1341846315.329931 0.045212 0.084876 -0.020414 -0.005924 0.120274 0.018017 0.992559
1341846315.361981 0.045270 0.087985 -0.021986 -0.000320 0.120090 0.019576 0.992570
1341846315.397962 0.046645 0.099638 -0.022065 0.004119 0.120679 0.021805 0.992443
1341846315.429923 0.049786 0.103115 -0.022013 0.007189 0.122406 0.022935 0.992189
1341846315.466047 0.078269 0.077748 -0.028456 0.004121 0.122900 0.028657 0.991997
1341846315.497883 0.073750 0.078767 -0.028937 0.003571 0.126518 0.032318 0.991431
1341846315.530008 0.076432 0.078220 -0.026152 0.003537 0.127800 0.033283 0.991235
1341846315.566108 0.073662 0.081468 -0.026273 0.003245 0.129842 0.033910 0.990949
1341846315.597986 0.081392 0.079020 -0.024964 0.002714 0.130366 0.034150 0.990874
1341846315.630109 0.079616 0.079675 -0.025938 0.002894 0.131968 0.033054 0.990699
1341846315.666042 0.076349 0.083454 -0.031508 0.002488 0.134019 0.031686 0.990469
1341846315.698114 0.073640 0.089890 -0.033485 -0.001895 0.137934 0.029893 0.989988
1341846315.733985 0.079250 0.077643 -0.023891 -0.005832 0.140090 0.030576 0.989649
1341846315.766041 0.068791 0.077942 -0.034001 -0.005422 0.138668 0.031384 0.989827
1341846315.798188 0.080921 0.078544 -0.031600 -0.006458 0.136488 0.031722 0.990113
1341846315.834140 0.081798 0.074498 -0.023346 -0.005796 0.138581 0.031009 0.989848
1341846315.866751 0.071783 0.076954 -0.023170 -0.002991 0.141174 0.029709 0.989534
1341846315.898492 0.052875 0.075573 -0.016076 -0.001910 0.145061 0.029325 0.988986
1341846315.936901 0.049102 0.072851 -0.010677 0.000627 0.146925 0.028489 0.988737
1341846315.966572 0.042407 0.072016 -0.017057 0.004055 0.148512 0.027214 0.988528
1341846316.034204 0.031673 0.073132 -0.019683 0.008020 0.148663 0.025922 0.988516
1341846316.066113 0.024080 0.073251 -0.015453 0.010572 0.148989 0.026158 0.988436
1341846316.101867 0.007042 0.075920 -0.020528 0.012253 0.148978 0.025869 0.988426
1341846316.134066 0.000052 0.077880 -0.016798 0.011452 0.146205 0.023570 0.988907
1341846316.202049 -0.015129 0.064288 -0.009529 0.009635 0.142761 0.018570 0.989536
1341846316.233979 -0.014383 0.066171 -0.010144 0.010224 0.140832 0.017798 0.989821
1341846316.270052 -0.016522 0.064917 -0.009018 0.008595 0.141569 0.015621 0.989768
1341846316.301915 -0.032057 0.060614 -0.012850 0.008663 0.144197 0.013113 0.989424
1341846316.334208 -0.040136 0.060737 -0.012368 0.010557 0.143524 0.014672 0.989482
1341846316.370006 -0.039570 0.059297 -0.011516 0.012562 0.141490 0.016164 0.989728
1341846316.401994 -0.043189 0.062217 -0.013798 0.014860 0.140553 0.018270 0.989793
1341846316.438069 -0.042718 0.057050 -0.009918 0.016817 0.139481 0.021493 0.989849
1341846316.470076 -0.031033 0.058091 -0.015214 0.021947 0.135698 0.024142 0.990213
1341846316.502034 0.001189 0.074746 -0.039039 0.025564 0.125896 0.027737 0.991326
1341846316.537975 -0.018122 0.038630 -0.004574 0.016077 0.126692 0.018876 0.991632
1341846316.570121 -0.011343 0.031602 0.009876 0.015278 0.125516 0.016949 0.991829
1341846316.601885 -0.015724 0.031579 0.009956 0.017714 0.124623 0.016218 0.991913
1341846316.638009 -0.066088 0.054785 -0.021908 0.025284 0.128502 0.024130 0.991093
1341846316.669925 -0.061947 0.053712 -0.017054 0.027722 0.126771 0.024910 0.991232
1341846316.705941 -0.073035 0.050329 -0.022273 0.031838 0.127242 0.025073 0.991043
1341846316.738062 -0.086753 0.053084 -0.030865 0.034334 0.126976 0.027705 0.990924
1341846316.770433 -0.093325 0.053465 -0.023385 0.033168 0.126522 0.027758 0.991020
1341846316.805932 -0.093612 0.046199 -0.016619 0.033213 0.126098 0.027535 0.991079
1341846316.838029 -0.111103 0.050840 -0.025024 0.035181 0.125517 0.028637 0.991054
1341846316.870034 -0.114967 0.047494 -0.013955 0.035514 0.122091 0.030101 0.991426
1341846316.906344 -0.117259 0.047201 -0.018413 0.036439 0.118242 0.029919 0.991865
1341846316.937940 -0.121408 0.048542 -0.020432 0.036251 0.116728 0.027193 0.992129
1341846316.973994 -0.134615 0.049934 -0.021290 0.035712 0.115491 0.026496 0.992313
1341846317.005913 -0.144698 0.046648 -0.015719 0.034346 0.113109 0.027030 0.992621
1341846317.037936 -0.151709 0.042327 -0.008628 0.034399 0.111025 0.026589 0.992866
1341846317.073972 -0.158257 0.041546 -0.005129 0.035732 0.109243 0.026958 0.993007
1341846317.106113 -0.174916 0.037040 0.007258 0.038036 0.108659 0.030179 0.992893
1341846317.137887 -0.186871 0.038290 0.000673 0.041483 0.102635 0.033362 0.993294
1341846317.173970 -0.172270 0.057130 -0.003443 0.045314 0.093318 0.037008 0.993916
1341846317.205887 -0.179704 0.053252 -0.000724 0.044958 0.090822 0.038244 0.994116
1341846317.248131 -0.193095 0.049468 0.002123 0.045915 0.088910 0.039443 0.994199
1341846317.306289 -0.196223 0.054143 0.001142 0.048326 0.081480 0.044354 0.994514
1341846317.348137 -0.204660 0.048579 -0.001152 0.048881 0.082982 0.044603 0.994352
1341846317.410120 -0.228054 0.051248 -0.000594 0.051040 0.083262 0.050312 0.993947
1341846317.442569 -0.235399 0.039677 -0.003060 0.052636 0.083705 0.051899 0.993745
1341846317.474010 -0.245369 0.041272 -0.005835 0.058768 0.084170 0.055113 0.993189
1341846317.509927 -0.254690 0.048329 -0.010433 0.062800 0.082136 0.059166 0.992879
1341846317.542282 -0.256256 0.049599 -0.016335 0.062012 0.078657 0.060534 0.993128
1341846317.573943 -0.256747 0.042833 -0.006220 0.061222 0.079354 0.059369 0.993192
1341846317.610159 -0.265768 0.040073 -0.003239 0.063916 0.081584 0.059745 0.992819
1341846317.643553 -0.275468 0.046563 -0.003946 0.067045 0.081221 0.062111 0.992497
1341846317.677993 -0.293503 0.040393 0.004463 0.067031 0.079361 0.063405 0.992567
1341846317.709996 -0.291969 0.040484 0.001267 0.069600 0.075998 0.062970 0.992681
1341846317.741834 -0.294948 0.048006 -0.012016 0.070271 0.074345 0.063705 0.992712
1341846317.777923 -0.296362 0.047659 -0.008233 0.068597 0.072685 0.063293 0.992978
1341846317.810021 -0.291526 0.047440 -0.005775 0.068339 0.068820 0.061366 0.993392
1341846317.841886 -0.281145 0.054842 -0.014263 0.068334 0.064606 0.060115 0.993752
1341846317.878017 -0.285258 0.054232 -0.009283 0.065631 0.064107 0.056224 0.994194
1341846317.909910 -0.284361 0.051086 -0.004369 0.064598 0.064834 0.053074 0.994388
1341846317.946031 -0.293158 0.048905 -0.006544 0.066207 0.065671 0.055544 0.994092
1341846317.978041 -0.269165 0.050021 -0.008840 0.068422 0.059035 0.055411 0.994366
1341846318.009897 -0.269137 0.052401 -0.011582 0.070919 0.058494 0.053858 0.994308
1341846318.045949 -0.314428 0.052326 -0.008711 0.070915 0.065658 0.052403 0.993939
1341846318.078074 -0.321031 0.051431 -0.003201 0.070049 0.064414 0.050618 0.994174
1341846318.109894 -0.318610 0.053663 -0.003195 0.070073 0.059208 0.049014 0.994576
1341846318.145957 -0.266602 0.052199 -0.026086 0.068494 0.048045 0.047593 0.995357
1341846318.178001 -0.269501 0.051715 -0.018092 0.067972 0.048291 0.044869 0.995507
1341846318.214074 -0.282882 0.048670 -0.007702 0.068728 0.047380 0.043525 0.995559
1341846318.245970 -0.285170 0.043774 0.000066 0.071448 0.041646 0.044224 0.995593
1341846318.278018 -0.392732 0.028472 -0.024629 0.073510 0.049161 0.042887 0.995158
1341846318.313937 -0.392801 0.031567 -0.029499 0.075501 0.042303 0.042337 0.995348
1341846318.345989 -0.392635 0.029588 -0.023795 0.076920 0.033050 0.041045 0.995644
1341846318.382046 -0.393073 0.031291 -0.024710 0.079097 0.025781 0.040065 0.995728
1341846318.414072 -0.398576 0.029819 -0.027539 0.080678 0.018895 0.040737 0.995728
1341846318.446035 -0.401122 0.028213 -0.024830 0.082665 0.012867 0.040959 0.995652
1341846318.482196 -0.398679 0.031930 -0.035079 0.084352 0.009428 0.040987 0.995548
1341846318.514144 -0.405584 0.030599 -0.033029 0.084439 0.008069 0.041969 0.995512
1341846318.546259 -0.413674 0.024141 -0.034652 0.085404 0.007007 0.041669 0.995450
1341846318.582042 -0.419706 0.029213 -0.040645 0.087114 0.007059 0.041891 0.995292
1341846318.614115 -0.428344 0.028420 -0.040768 0.086618 0.006659 0.041608 0.995350
1341846318.650038 -0.438307 0.027351 -0.040965 0.085923 0.006403 0.038092 0.995553
1341846318.682350 -0.450112 0.027612 -0.042669 0.085438 0.006212 0.036134 0.995669
1341846318.714063 -0.462336 0.026252 -0.040468 0.084753 0.005927 0.034390 0.995791
1341846318.749905 -0.474567 0.020973 -0.042139 0.085385 0.006220 0.035664 0.995690
1341846318.782036 -0.492834 0.022694 -0.048394 0.087265 0.006550 0.037203 0.995469
1341846318.814121 -0.499482 0.024857 -0.031587 0.087481 0.000694 0.036535 0.995496
1341846318.850072 -0.515326 0.021394 -0.025470 0.087796 -0.004588 0.033677 0.995558
1341846318.883516 -0.539911 0.019156 -0.015960 0.091138 -0.010379 0.030612 0.995314
1341846318.918047 -0.567318 0.019037 -0.019460 0.093460 -0.018342 0.030094 0.994999
1341846318.950044 -0.571118 0.017209 -0.014986 0.095481 -0.028570 0.026887 0.994658
1341846318.982028 -0.579750 0.017584 -0.023752 0.096695 -0.032206 0.024272 0.994497
1341846319.018123 -0.607887 0.016012 -0.021016 0.096087 -0.035630 0.023822 0.994450
1341846319.050745 -0.632730 0.007079 0.005597 0.097713 -0.040151 0.021527 0.994171
1341846319.081905 -0.652175 0.006922 0.007295 0.103030 -0.038649 0.018062 0.993763
1341846319.117976 -0.676132 0.008158 0.002598 0.105084 -0.037000 0.023855 0.993488
1341846319.150093 -0.702284 0.004791 0.008128 0.107220 -0.039938 0.029871 0.992984
1341846319.186069 -0.730048 0.006365 -0.005388 0.108424 -0.039849 0.032644 0.992769
1341846319.218149 -0.762213 0.007542 -0.006717 0.104868 -0.032853 0.032645 0.993407
1341846319.250034 -0.790539 0.002361 0.004386 0.099028 -0.025734 0.031377 0.994257
1341846319.286594 -0.808071 -0.001052 0.020325 0.097907 -0.022695 0.033626 0.994368
1341846319.318034 -0.812873 -0.002148 0.022184 0.098652 -0.022298 0.037212 0.994176
1341846319.350268 -0.823784 -0.003724 0.025766 0.099721 -0.021740 0.043013 0.993848
1341846319.386163 -0.854509 -0.005352 0.027618 0.102147 -0.023699 0.048443 0.993306
1341846319.418386 -0.779979 -0.010774 -0.043616 0.100985 -0.039349 0.059169 0.992347
1341846319.453961 -0.781636 -0.009020 -0.045854 0.101217 -0.041104 0.056014 0.992435
1341846319.486271 -0.795704 -0.009422 -0.047938 0.100029 -0.040790 0.055256 0.992611
1341846319.554083 -0.776999 -0.010665 -0.041972 0.094787 -0.049035 0.054198 0.992811
1341846319.586296 -0.800966 -0.011898 -0.040472 0.095093 -0.047263 0.049700 0.993103
1341846319.622031 -0.831213 -0.013625 -0.046606 0.093102 -0.048684 0.046647 0.993371
1341846319.653962 -0.878532 -0.017601 -0.014550 0.093233 -0.049404 0.043232 0.993478
1341846319.686352 -0.879782 -0.017547 -0.016399 0.095124 -0.053746 0.044818 0.993003
1341846319.721992 -0.888409 -0.014492 -0.032186 0.095711 -0.057444 0.046167 0.992677
1341846319.754063 -0.889038 -0.004241 -0.023786 0.093003 -0.060052 0.046955 0.992743
1341846319.786397 -0.894626 -0.010738 -0.021384 0.088465 -0.059936 0.050843 0.992974
1341846319.822008 -0.902094 -0.008180 -0.022865 0.085556 -0.060661 0.055283 0.992947
1341846319.853917 -0.904153 -0.008070 -0.019352 0.080721 -0.061882 0.059496 0.993033
1341846319.889942 -0.911515 -0.018217 -0.019396 0.077610 -0.062165 0.063207 0.993034
1341846319.922039 -0.924154 -0.020115 -0.021136 0.077670 -0.065764 0.063215 0.992797
1341846319.953946 -0.902367 -0.008506 -0.004742 0.079947 -0.076323 0.062989 0.991875
1341846319.990054 -0.903476 -0.008742 -0.004695 0.082265 -0.078806 0.056483 0.991883
1341846320.028122 -0.911403 -0.010304 -0.000388 0.084270 -0.082116 0.054340 0.991566
1341846320.090047 -0.897487 -0.013909 -0.013841 0.088443 -0.088655 0.053115 0.990705
1341846320.122011 -0.890880 -0.011493 -0.012012 0.089279 -0.086338 0.054487 0.990760
1341846320.157952 -0.881911 -0.013763 -0.008371 0.089311 -0.083926 0.054970 0.990938
1341846320.190003 -0.874487 -0.016502 -0.007234 0.092035 -0.080458 0.057983 0.990805
1341846320.221941 -0.869854 -0.016433 -0.007866 0.096033 -0.077257 0.058712 0.990637
1341846320.258015 -0.861003 -0.021786 -0.011779 0.099749 -0.076402 0.060881 0.990205
1341846320.289887 -0.849917 -0.032134 -0.016840 0.104827 -0.077434 0.060497 0.989624
1341846320.321954 -0.837475 -0.037495 -0.014003 0.112923 -0.078771 0.058914 0.988723
1341846320.357890 -0.815574 -0.026211 -0.019797 0.118273 -0.078833 0.062616 0.987864
1341846320.390064 -0.785907 -0.027572 -0.023842 0.119328 -0.075937 0.063694 0.987896
1341846320.426544 -0.758291 -0.027918 -0.029524 0.121592 -0.069143 0.059917 0.988355
1341846320.458122 -0.755399 -0.027956 -0.023977 0.122491 -0.061616 0.057627 0.988877
1341846320.490186 -0.740866 -0.034752 -0.015320 0.125245 -0.055287 0.057409 0.988919
1341846320.525911 -0.730303 -0.033189 -0.031548 0.128189 -0.047366 0.056346 0.989014
1341846320.558091 -0.704412 -0.028965 -0.042485 0.129204 -0.045036 0.053109 0.989170
1341846320.594093 -0.690628 -0.031496 -0.030464 0.130253 -0.039905 0.048516 0.989489
1341846320.631955 -0.679994 -0.028329 -0.039703 0.132540 -0.032554 0.047695 0.989494
1341846320.664916 -0.663249 -0.023826 -0.049730 0.132800 -0.030954 0.046364 0.989574
1341846320.699927 -0.638844 -0.024841 -0.036776 0.132897 -0.028369 0.044434 0.989727
1341846320.731822 -0.623515 -0.020351 -0.047579 0.134924 -0.022377 0.043291 0.989657
1341846320.763877 -0.609386 -0.003358 -0.095309 0.132825 -0.021617 0.044953 0.989884
1341846320.799999 -0.571812 -0.011541 -0.067815 0.126339 -0.024979 0.040047 0.990864
1341846320.831871 -0.520210 -0.021065 -0.048617 0.126470 -0.019390 0.038344 0.991039
1341846320.863887 -0.481225 0.002359 -0.121672 0.125757 -0.014288 0.041162 0.991104
1341846320.900014 -0.450598 -0.006153 -0.098033 0.119767 -0.021515 0.045292 0.991535
1341846320.931889 -0.413157 -0.014183 -0.086660 0.120192 -0.023209 0.044852 0.991465
1341846320.967866 -0.379569 0.009326 -0.136854 0.120472 -0.019575 0.042739 0.991603
1341846321.000017 -0.354799 0.003210 -0.123147 0.114003 -0.021358 0.043062 0.992317
1341846321.031860 -0.324891 -0.000266 -0.104771 0.112265 -0.022002 0.041326 0.992575
1341846321.068047 -0.301652 0.005610 -0.122110 0.112379 -0.019029 0.039269 0.992707
1341846321.099840 -0.290890 0.005306 -0.112961 0.109966 -0.018527 0.039942 0.992960
1341846321.131821 -0.265352 -0.000920 -0.083260 0.110197 -0.017873 0.041313 0.992890
1341846321.167887 -0.235087 0.007090 -0.089595 0.113149 -0.014986 0.041588 0.992594
1341846321.200042 -0.206345 0.014523 -0.094464 0.113745 -0.013831 0.041387 0.992551
1341846321.231950 -0.192129 0.013685 -0.075335 0.113442 -0.013518 0.039590 0.992663
1341846321.267939 -0.170290 0.020443 -0.082618 0.114037 -0.011908 0.034888 0.992792
1341846321.299948 -0.157088 0.018534 -0.070055 0.112613 -0.007684 0.029607 0.993168
1341846321.331858 -0.132503 0.019640 -0.061793 0.113060 -0.006146 0.025292 0.993247
1341846321.367913 -0.108497 0.017335 -0.053743 0.114594 -0.004760 0.022106 0.993155
1341846321.399897 -0.106427 0.020384 -0.056417 0.116415 0.001283 0.021001 0.992978
1341846321.435994 -0.095348 0.020197 -0.046409 0.118254 0.003984 0.020601 0.992762
1341846321.467946 -0.085121 0.023195 -0.044904 0.120358 0.006502 0.021172 0.992483
1341846321.499882 -0.063080 0.026452 -0.042714 0.121993 0.008440 0.021395 0.992264
1341846321.536109 -0.025503 0.035232 -0.058777 0.121697 0.010984 0.018759 0.992329
1341846321.568960 -0.001524 0.040968 -0.059782 0.118457 0.014791 0.017315 0.992698
1341846321.603938 0.010370 0.042600 -0.046739 0.115907 0.016792 0.017170 0.992970
1341846321.637163 0.043549 0.049934 -0.055192 0.113648 0.019955 0.017309 0.993170
1341846321.668306 0.049088 0.051778 -0.054523 0.109133 0.028224 0.020720 0.993410
1341846321.704411 0.050446 0.052169 -0.043678 0.106505 0.027819 0.028919 0.993502
1341846321.736861 0.059426 0.053195 -0.048955 0.105490 0.024992 0.036901 0.993421
1341846321.771881 0.077836 0.062404 -0.051901 0.102588 0.023873 0.042901 0.993512
1341846321.804114 0.083749 0.062140 -0.045978 0.098688 0.026257 0.044868 0.993760
1341846321.836152 0.082024 0.064373 -0.041818 0.095444 0.028842 0.044471 0.994023
1341846321.871882 0.083970 0.072042 -0.038622 0.090422 0.030148 0.040600 0.994619
1341846321.904074 0.091379 0.066560 -0.034756 0.083720 0.031188 0.038071 0.995273
1341846321.939847 0.094959 0.069233 -0.032064 0.079946 0.034332 0.034667 0.995604
1341846322.004094 0.092811 0.059006 -0.032169 0.072945 0.031924 0.036055 0.996173
1341846322.066178 0.110716 0.052954 -0.035477 0.067912 0.036294 0.033326 0.996474
1341846322.107979 0.109060 0.038696 -0.032709 0.065274 0.038144 0.032119 0.996621
1341846322.166164 0.108990 0.021599 -0.033821 0.069090 0.037995 0.032934 0.996342
1341846322.202932 0.114404 0.017665 -0.037785 0.070395 0.035191 0.032804 0.996358
1341846322.234093 0.114111 0.013134 -0.040562 0.069246 0.033813 0.030862 0.996549
1341846322.265941 0.115346 0.003811 -0.040015 0.066898 0.030711 0.032258 0.996765
1341846322.301996 0.123397 -0.009925 -0.039155 0.064870 0.028611 0.033018 0.996937
1341846322.333949 0.114483 -0.022581 -0.033138 0.064104 0.027237 0.031707 0.997067
1341846322.369871 0.133514 -0.033977 -0.023473 0.065345 0.020672 0.029063 0.997225
1341846322.402292 0.142690 -0.047633 -0.024654 0.067148 0.022516 0.022689 0.997231
1341846322.433955 0.135063 -0.064836 -0.022561 0.072723 0.024212 0.021055 0.996836
1341846322.470030 0.136379 -0.069894 -0.020480 0.081076 0.019712 0.024863 0.996203
1341846322.502433 0.142304 -0.086081 -0.015056 0.086684 0.017066 0.026458 0.995738
1341846322.534002 0.149196 -0.107145 -0.002039 0.094832 0.016275 0.030099 0.994905
1341846322.570196 0.150015 -0.112751 -0.001066 0.104336 0.016127 0.032633 0.993876
1341846322.601920 0.144593 -0.127620 -0.010380 0.108687 0.013591 0.036747 0.993304
