# timestamp tx ty tz qx qy qz qw
1305031910.765238 0.000000 0.000000 0.000000 0.000000 0.000000 0.000000 1.000000
1305031910.797230 -0.013120 0.001972 0.001608 0.005371 -0.001627 -0.008433 0.999949
1305031910.835208 -0.021162 -0.003128 0.005897 0.005426 -0.007154 -0.014571 0.999854
1305031910.865025 -0.030149 -0.005149 0.009309 0.007129 -0.013491 -0.022733 0.999625
1305031910.897222 -0.034906 -0.009452 0.016584 0.006594 -0.023316 -0.031566 0.999208
1305031910.935211 -0.032798 -0.020015 0.024595 0.007155 -0.031580 -0.037053 0.998789
1305031910.965249 -0.049081 -0.019469 0.026630 0.014039 -0.033653 -0.042293 0.998440
1305031910.997325 -0.063234 -0.015166 0.025037 0.016230 -0.040694 -0.050544 0.997760
1305031911.035050 -0.075054 -0.022109 0.032070 0.012568 -0.051051 -0.060066 0.996809
1305031911.065269 -0.092603 -0.022246 0.032684 0.012802 -0.064864 -0.070406 0.995325
1305031911.097196 -0.095071 -0.026655 0.042247 0.010659 -0.086179 -0.082373 0.992811
1305031911.135664 -0.095057 -0.032044 0.048601 0.012799 -0.102372 -0.093403 0.990269
1305031911.165177 -0.105828 -0.033402 0.044701 0.016566 -0.113759 -0.101300 0.988192
1305031911.197213 -0.111729 -0.032996 0.045687 0.019075 -0.125623 -0.108049 0.985992
1305031911.235651 -0.124966 -0.036488 0.050565 0.020724 -0.134573 -0.114803 0.984013
1305031911.265104 -0.127870 -0.036045 0.049678 0.022758 -0.146370 -0.123303 0.981251
1305031911.297334 -0.137495 -0.039644 0.056209 0.022700 -0.155225 -0.130758 0.978924
1305031911.333191 -0.142779 -0.043486 0.057093 0.024201 -0.165152 -0.136710 0.976447
1305031911.365235 -0.140678 -0.046393 0.064629 0.027280 -0.175360 -0.142846 0.973704
1305031911.397333 -0.154824 -0.048160 0.068225 0.031435 -0.177435 -0.147472 0.972513
1305031911.433256 -0.164319 -0.045314 0.068260 0.036441 -0.182903 -0.149697 0.970984
1305031911.465250 -0.176175 -0.044996 0.069972 0.038260 -0.189446 -0.149929 0.969622
1305031911.497291 -0.185651 -0.048076 0.070468 0.039425 -0.199926 -0.150476 0.967384
1305031911.533251 -0.189384 -0.049309 0.075343 0.041443 -0.212010 -0.151121 0.964623
1305031911.565335 -0.194760 -0.052958 0.078729 0.043164 -0.221904 -0.150344 0.962441
1305031911.597302 -0.201187 -0.054203 0.080171 0.048594 -0.234511 -0.152202 0.958894
1305031911.633337 -0.200639 -0.049105 0.089853 0.054101 -0.247639 -0.159275 0.954138
1305031911.665124 -0.197393 -0.043187 0.099671 0.058990 -0.259717 -0.166238 0.949438
1305031911.697167 -0.200979 -0.041151 0.104021 0.060432 -0.269044 -0.174251 0.945304
1305031911.733203 -0.203718 -0.037724 0.108485 0.061619 -0.276942 -0.183180 0.941250
1305031911.765284 -0.210181 -0.033267 0.109349 0.061570 -0.281896 -0.192068 0.938005
1305031911.797297 -0.213225 -0.030669 0.113021 0.060542 -0.286808 -0.199598 0.935006
1305031911.833338 -0.219879 -0.027997 0.115861 0.057360 -0.291750 -0.207387 0.931977
1305031911.865269 -0.224805 -0.023081 0.117620 0.053569 -0.299432 -0.213263 0.928434
1305031911.897159 -0.231508 -0.021689 0.117313 0.047692 -0.307103 -0.218176 0.925101
1305031911.933063 -0.235153 -0.023237 0.115010 0.040376 -0.317502 -0.224271 0.920470
1305031911.965140 -0.239479 -0.019127 0.120220 0.033964 -0.333061 -0.230599 0.913642
1305031911.997252 -0.238115 -0.015072 0.125906 0.026767 -0.351045 -0.235897 0.905761
1305031912.033135 -0.238840 -0.018642 0.123933 0.015458 -0.363379 -0.240056 0.900050
1305031912.065365 -0.235669 -0.022648 0.129530 0.008024 -0.374722 -0.242181 0.894912
1305031912.096953 -0.235833 -0.022511 0.143379 0.004073 -0.384548 -0.247099 0.889409
1305031912.133282 -0.237457 -0.031619 0.147990 0.000772 -0.390652 -0.256582 0.884057
1305031912.165138 -0.234837 -0.031679 0.149919 0.005464 -0.396810 -0.268073 0.877866
1305031912.197357 -0.233279 -0.032135 0.153577 0.009093 -0.400783 -0.280632 0.872087
1305031912.233265 -0.232276 -0.033150 0.154175 0.013586 -0.402721 -0.291580 0.867532
1305031912.265090 -0.234702 -0.042780 0.154668 0.015761 -0.404305 -0.300187 0.863815
1305031912.297250 -0.236762 -0.048026 0.152177 0.026270 -0.406946 -0.304649 0.860752
1305031912.333274 -0.231515 -0.043677 0.151507 0.038455 -0.411641 -0.304658 0.858054
1305031912.365250 -0.229393 -0.042864 0.151633 0.044411 -0.415303 -0.304885 0.855918
1305031912.397198 -0.225521 -0.037948 0.149564 0.050703 -0.421632 -0.306709 0.851813
1305031912.433290 -0.222944 -0.035419 0.148956 0.053033 -0.428163 -0.313380 0.845965
1305031912.465142 -0.220040 -0.035636 0.149000 0.054332 -0.435313 -0.319902 0.839770
1305031912.497123 -0.214356 -0.034309 0.149848 0.052787 -0.440823 -0.325844 0.834694
1305031912.533113 -0.214337 -0.038795 0.152667 0.047642 -0.444774 -0.330166 0.831202
1305031912.565146 -0.211864 -0.039074 0.152272 0.043847 -0.450065 -0.331679 0.827954
1305031912.597090 -0.208695 -0.044922 0.155481 0.037610 -0.455569 -0.332139 0.825061
1305031912.633132 -0.206697 -0.047378 0.158868 0.035035 -0.459892 -0.333702 0.822140
1305031912.665220 -0.205306 -0.046743 0.159009 0.033095 -0.464119 -0.338448 0.817894
1305031912.697182 -0.205467 -0.047937 0.161309 0.030426 -0.470795 -0.344392 0.811677
1305031912.733125 -0.203962 -0.049027 0.160810 0.028046 -0.477759 -0.351538 0.804600
1305031912.765193 -0.200671 -0.054619 0.164714 0.026341 -0.483184 -0.357395 0.798817
1305031912.797155 -0.196164 -0.053507 0.165924 0.026782 -0.483726 -0.360641 0.797013
1305031912.833077 -0.195733 -0.056126 0.167683 0.025652 -0.481504 -0.363103 0.797278
1305031912.865153 -0.196424 -0.060589 0.171473 0.025711 -0.478878 -0.365053 0.797967
1305031912.897198 -0.195277 -0.059821 0.173431 0.028644 -0.474884 -0.364547 0.800481
1305031912.933115 -0.194137 -0.062753 0.173641 0.029544 -0.469876 -0.362733 0.804219
1305031912.965034 -0.195607 -0.071532 0.176716 0.032023 -0.468285 -0.364306 0.804341
1305031912.997049 -0.190362 -0.068523 0.174134 0.040283 -0.464315 -0.363704 0.806541
1305031913.033133 -0.187506 -0.069237 0.171900 0.043776 -0.461383 -0.361161 0.809180
1305031913.065209 -0.184936 -0.068437 0.173939 0.046503 -0.460234 -0.355981 0.811973
1305031913.097038 -0.181238 -0.066756 0.174832 0.048484 -0.456297 -0.346920 0.817979
1305031913.133146 -0.179922 -0.068441 0.175529 0.049183 -0.448540 -0.336587 0.826500
1305031913.165211 -0.179537 -0.061425 0.177600 0.052927 -0.437488 -0.322918 0.837572
1305031913.197113 -0.174381 -0.065896 0.180038 0.052166 -0.428701 -0.309622 0.847130
1305031913.233126 -0.172470 -0.065310 0.182250 0.052609 -0.418115 -0.294479 0.857726
1305031913.265022 -0.170292 -0.057998 0.187274 0.054647 -0.407316 -0.276019 0.868862
1305031913.297160 -0.164828 -0.059742 0.192146 0.054572 -0.395676 -0.259596 0.879245
1305031913.333122 -0.161479 -0.056253 0.194496 0.056602 -0.381238 -0.244237 0.889833
1305031913.365070 -0.157557 -0.058111 0.196568 0.056992 -0.369215 -0.232924 0.897875
1305031913.397099 -0.150757 -0.059293 0.199424 0.058629 -0.356509 -0.222326 0.905558
1305031913.433081 -0.144851 -0.063836 0.200787 0.060248 -0.340747 -0.211103 0.914165
1305031913.465231 -0.127938 -0.070347 0.204923 0.061698 -0.323784 -0.197172 0.923299
1305031913.497227 -0.123242 -0.068212 0.204977 0.062454 -0.297477 -0.179138 0.935691
1305031913.533297 -0.115261 -0.065002 0.201245 0.063279 -0.273155 -0.162688 0.945999
1305031913.565261 -0.111505 -0.066463 0.200588 0.062507 -0.248603 -0.148501 0.955111
1305031913.597139 -0.106702 -0.068696 0.197030 0.064732 -0.226121 -0.134981 0.962528
1305031913.633293 -0.095605 -0.058037 0.188148 0.069177 -0.203871 -0.121466 0.968967
1305031913.665421 -0.092811 -0.051186 0.181270 0.066717 -0.178449 -0.105253 0.976026
1305031913.697243 -0.085470 -0.050473 0.177031 0.060714 -0.156044 -0.086925 0.982043
1305031913.733097 -0.075606 -0.050651 0.163407 0.053612 -0.133425 -0.073027 0.986910
1305031913.765028 -0.070114 -0.047473 0.157480 0.046600 -0.110874 -0.059030 0.990985
1305031913.797106 -0.067132 -0.045159 0.147613 0.037833 -0.089643 -0.043894 0.994287
1305031913.833143 -0.059307 -0.045962 0.145881 0.029706 -0.072650 -0.029310 0.996484
1305031913.865063 -0.051139 -0.045803 0.136680 0.024887 -0.054836 -0.012480 0.998107
1305031913.897116 -0.042404 -0.040619 0.129764 0.021035 -0.038196 0.004534 0.999039
1305031913.933123 -0.032913 -0.041136 0.125002 0.016990 -0.023889 0.021300 0.999343
1305031913.965134 -0.022983 -0.037906 0.115536 0.017083 -0.012310 0.032447 0.999252
1305031913.997116 -0.013599 -0.032547 0.107944 0.014940 0.001196 0.046721 0.998796
1305031914.033441 0.003013 -0.030360 0.104079 0.014601 0.011261 0.063475 0.997813
1305031914.065072 0.016022 -0.019876 0.093283 0.016930 0.022531 0.075239 0.996767
1305031914.097126 0.031352 -0.015684 0.086663 0.014864 0.033411 0.085225 0.995690
1305031914.133245 0.043517 -0.010358 0.080395 0.014827 0.045151 0.095847 0.994261
1305031914.165013 0.062751 -0.005618 0.072058 0.015398 0.053527 0.105891 0.992817
1305031914.197110 0.078425 0.002317 0.064229 0.017707 0.063771 0.112085 0.991492
1305031914.233108 0.102576 0.002022 0.059360 0.019249 0.073712 0.119706 0.989882
1305031914.265074 0.122910 0.010306 0.047918 0.028293 0.085737 0.121774 0.988443
1305031914.297165 0.137221 0.015684 0.028217 0.032512 0.095285 0.120902 0.987546
1305031914.333148 0.130937 0.019424 0.015666 0.029679 0.110655 0.118349 0.986341
1305031914.365058 0.139382 0.027364 0.009785 0.023873 0.115782 0.116439 0.986137
1305031914.397215 0.158734 0.035671 -0.000327 0.017858 0.112532 0.115777 0.986718
1305031914.433060 0.179638 0.043439 -0.009486 0.013288 0.110362 0.115171 0.987107
1305031914.465054 0.201583 0.053082 -0.017625 0.010088 0.108513 0.114036 0.987481
1305031914.497127 0.223675 0.062897 -0.028776 0.006974 0.108666 0.110360 0.987909
1305031914.533107 0.242523 0.070364 -0.040784 0.002196 0.110660 0.105906 0.988197
1305031914.565001 0.259557 0.075884 -0.051953 -0.000991 0.111277 0.102655 0.988473
1305031914.597122 0.274443 0.084140 -0.065442 -0.004781 0.113295 0.098290 0.988676
1305031914.633055 0.289315 0.091524 -0.074688 -0.011437 0.117240 0.093392 0.988636
1305031914.665019 0.305009 0.096733 -0.082945 -0.018379 0.122218 0.091724 0.988085
1305031914.697129 0.323851 0.098999 -0.091891 -0.023606 0.126405 0.090975 0.987516
1305031914.733078 0.338724 0.105545 -0.099180 -0.024037 0.130996 0.087456 0.987225
1305031914.764901 0.351188 0.116905 -0.109477 -0.026021 0.134935 0.086036 0.986769
1305031914.797119 0.363848 0.120512 -0.113840 -0.031543 0.136034 0.086190 0.986444
1305031914.833133 0.378586 0.120087 -0.119858 -0.035336 0.134098 0.084957 0.986687
1305031914.865128 0.392852 0.124926 -0.127692 -0.035464 0.130370 0.081135 0.987503
1305031914.897188 0.409474 0.128713 -0.133831 -0.035806 0.125122 0.079494 0.988303
1305031914.933099 0.421679 0.122911 -0.142041 -0.036102 0.120305 0.078598 0.988962
1305031914.964978 0.443434 0.132376 -0.150853 -0.030194 0.111117 0.073868 0.990598
1305031914.997078 0.463618 0.142031 -0.158322 -0.027381 0.106123 0.071779 0.991381
1305031915.033152 0.477969 0.142000 -0.164157 -0.028020 0.103227 0.071832 0.991665
1305031915.065009 0.499257 0.148972 -0.171425 -0.025591 0.097794 0.070788 0.992356
1305031915.097024 0.516580 0.150121 -0.177346 -0.025364 0.094963 0.067162 0.992889
1305031915.133208 0.535279 0.150023 -0.183901 -0.023318 0.091687 0.058805 0.993776
1305031915.165021 0.552719 0.150902 -0.189786 -0.019223 0.089935 0.048282 0.994591
1305031915.197108 0.568605 0.152432 -0.196606 -0.012825 0.086370 0.036414 0.995515
1305031915.233111 0.587584 0.164034 -0.202587 -0.005735 0.081040 0.026207 0.996350
1305031915.264979 0.602827 0.163792 -0.207019 -0.005945 0.076529 0.018433 0.996879
1305031915.297152 0.615498 0.166359 -0.210478 -0.004255 0.069358 0.011725 0.997514
1305031915.333207 0.634687 0.167512 -0.214252 -0.003894 0.056999 0.005601 0.998351
1305031915.365050 0.654378 0.166436 -0.218358 -0.004086 0.044710 -0.001859 0.998990
1305031915.397167 0.674735 0.167208 -0.222480 -0.004361 0.032531 -0.009597 0.999415
1305031915.432960 0.694250 0.161435 -0.225018 -0.005876 0.020578 -0.019398 0.999583
1305031915.464920 0.712575 0.162174 -0.229960 -0.003848 0.008553 -0.035483 0.999326
1305031915.497121 0.728435 0.164579 -0.234844 -0.004818 -0.004338 -0.051043 0.998675
1305031915.533058 0.749375 0.158373 -0.237408 -0.009414 -0.018607 -0.061731 0.997875
1305031915.564985 0.775398 0.153110 -0.243050 -0.009613 -0.030678 -0.073769 0.996757
1305031915.601161 0.798481 0.149607 -0.247061 -0.009522 -0.035644 -0.087411 0.995489
1305031915.633062 0.818923 0.144295 -0.249191 -0.010183 -0.035810 -0.096489 0.994638
1305031915.665003 0.833961 0.138789 -0.249416 -0.008781 -0.034676 -0.102201 0.994120
1305031915.701106 0.847196 0.140762 -0.250778 -0.004090 -0.035971 -0.107491 0.993547
1305031915.733046 0.854409 0.145060 -0.250528 -0.002277 -0.041021 -0.110894 0.992983
1305031915.765010 0.869286 0.148796 -0.248099 -0.004640 -0.056174 -0.115286 0.991732
1305031915.801243 0.883573 0.141857 -0.242650 -0.009633 -0.072382 -0.120516 0.990022
1305031915.833049 0.907641 0.134769 -0.244787 -0.010097 -0.092322 -0.129284 0.987249
1305031915.865069 0.926497 0.138679 -0.243750 -0.010756 -0.107304 -0.139374 0.984350
1305031915.901234 0.944819 0.135835 -0.240010 -0.014060 -0.121570 -0.149397 0.981175
1305031915.933056 0.965025 0.134514 -0.236531 -0.017883 -0.133491 -0.158535 0.978124
1305031915.965061 0.982927 0.120776 -0.232394 -0.022906 -0.142830 -0.164235 0.975757
1305031916.001234 1.003870 0.122663 -0.229960 -0.021064 -0.150068 -0.171800 0.973407
1305031916.033043 1.019675 0.114005 -0.224431 -0.025348 -0.155344 -0.182093 0.970602
1305031916.065060 1.031695 0.085875 -0.222418 -0.024707 -0.161709 -0.190726 0.967917
1305031916.101115 1.041976 0.074072 -0.225907 -0.008274 -0.169763 -0.195903 0.965782
1305031916.133093 1.048949 0.063214 -0.230613 0.011010 -0.181768 -0.199608 0.962806
1305031916.165155 1.077473 0.086508 -0.228665 0.041639 -0.201518 -0.200625 0.957813
1305031916.201031 1.100930 0.092501 -0.231868 0.053024 -0.221340 -0.203032 0.952352
1305031916.233050 1.120597 0.076971 -0.226172 0.058924 -0.239711 -0.207746 0.946524
