# timestamp tx ty tz qx qy qz qw
1341845948.911866 0.000000 0.000000 0.000000 0.000000 0.000000 0.000000 1.000000
1341845948.947808 -0.002257 -0.006875 -0.000704 -0.005549 0.000878 0.000886 0.999984
1341845948.979787 -0.001492 -0.008624 0.005860 -0.011121 0.001487 -0.000251 0.999937
1341845949.011787 0.003965 -0.013607 0.010351 -0.017401 0.003526 -0.000355 0.999842
1341845949.047774 0.002931 -0.025000 0.014538 -0.022105 0.005279 0.002362 0.999739
1341845949.079745 0.005287 -0.031009 0.021069 -0.022273 0.004756 0.007454 0.999713
1341845949.115941 0.007195 -0.034495 0.021280 -0.022815 0.006418 0.009529 0.999674
1341845949.147691 0.008904 -0.039980 0.025435 -0.025270 0.009722 0.010842 0.999575
1341845949.179815 0.006404 -0.050031 0.029972 -0.028188 0.013348 0.013413 0.999424
1341845949.215795 0.010702 -0.057207 0.032405 -0.029762 0.014662 0.014507 0.999344
1341845949.247763 0.015713 -0.059531 0.037837 -0.032591 0.017376 0.015067 0.999204
1341845949.283892 0.019553 -0.068006 0.049526 -0.036435 0.021651 0.015323 0.998984
1341845949.315792 0.024695 -0.075742 0.058066 -0.036848 0.024969 0.016363 0.998875
1341845949.347811 0.022742 -0.085800 0.055459 -0.036313 0.028545 0.015418 0.998814
1341845949.383752 0.020371 -0.090449 0.053997 -0.036622 0.032802 0.012649 0.998711
1341845949.415733 0.016939 -0.093381 0.055718 -0.038018 0.035179 0.011594 0.998590
1341845949.451907 0.015020 -0.099131 0.058555 -0.040652 0.035618 0.010730 0.998481
1341845949.483823 0.019272 -0.102779 0.065201 -0.044834 0.035791 0.009056 0.998312
1341845949.515817 0.025737 -0.110167 0.079400 -0.053200 0.034982 0.009918 0.997922
1341845949.551896 0.026857 -0.113042 0.085234 -0.059199 0.032383 0.008311 0.997686
1341845949.583736 0.030904 -0.112455 0.089371 -0.062818 0.030317 0.006693 0.997542
1341845949.619753 0.032041 -0.119179 0.093528 -0.068919 0.030479 0.005252 0.997143
1341845949.651764 0.035379 -0.126077 0.101962 -0.071410 0.027847 0.006404 0.997038
1341845949.683707 0.031887 -0.127442 0.099015 -0.070605 0.024930 0.003657 0.997186
1341845949.719890 0.030070 -0.118412 0.101341 -0.073684 0.026173 -0.000830 0.996938
1341845949.751778 0.033047 -0.127648 0.108095 -0.083214 0.025906 0.001238 0.996194
1341845949.787857 0.029093 -0.131256 0.112953 -0.088285 0.024274 0.003809 0.995792
1341845949.819784 0.030758 -0.136699 0.117740 -0.095731 0.020860 0.002899 0.995184
1341845949.851908 0.028738 -0.130607 0.117191 -0.105119 0.021235 -0.000084 0.994233
1341845949.887758 0.029542 -0.138635 0.127183 -0.116326 0.018621 0.001002 0.993036
1341845949.920013 0.028348 -0.140775 0.131124 -0.120433 0.014336 0.000853 0.992618
1341845949.955673 0.026108 -0.144591 0.130858 -0.124182 0.013414 0.000557 0.992169
1341845949.987737 0.017110 -0.150854 0.129578 -0.128672 0.015014 -0.002718 0.991570
1341845950.019789 0.013809 -0.156617 0.133459 -0.131781 0.013118 -0.004228 0.991183
1341845950.055847 0.011073 -0.160850 0.135045 -0.134331 0.011738 -0.006059 0.990848
1341845950.087728 0.011458 -0.161673 0.140308 -0.138661 0.011960 -0.009191 0.990225
1341845950.124078 0.010429 -0.168585 0.143683 -0.144583 0.012086 -0.009254 0.989376
1341845950.155757 0.012845 -0.169985 0.153094 -0.146709 0.010474 -0.010623 0.989067
1341845950.187677 0.016756 -0.168416 0.159707 -0.148638 0.010654 -0.013142 0.988747
1341845950.223782 0.013689 -0.178332 0.161447 -0.155749 0.014435 -0.016047 0.987561
1341845950.255885 0.010517 -0.184821 0.166820 -0.159280 0.014419 -0.017032 0.986981
1341845950.287784 0.011636 -0.184447 0.168802 -0.159541 0.013838 -0.017477 0.986940
1341845950.323864 0.015259 -0.182479 0.173639 -0.167515 0.015845 -0.019024 0.985559
1341845950.355780 0.013301 -0.186224 0.179987 -0.180776 0.017638 -0.022646 0.983105
1341845950.387911 0.012091 -0.193655 0.183255 -0.187879 0.016658 -0.024176 0.981753
1341845950.424265 0.017965 -0.202500 0.192449 -0.191374 0.015296 -0.024778 0.981085
1341845950.455762 0.016273 -0.214267 0.194119 -0.189828 0.016595 -0.024679 0.981367
1341845950.487870 0.014244 -0.220088 0.195981 -0.188498 0.015762 -0.026079 0.981601
1341845950.523880 0.015134 -0.222275 0.192841 -0.188924 0.015299 -0.026527 0.981514
1341845950.555793 0.013277 -0.216912 0.191118 -0.195302 0.018228 -0.031957 0.980053
1341845950.587742 0.011888 -0.220651 0.192928 -0.208763 0.018623 -0.031419 0.977284
1341845950.623823 0.012929 -0.235201 0.197011 -0.222118 0.017465 -0.031963 0.974339
1341845950.655770 0.009186 -0.241877 0.198767 -0.230132 0.017636 -0.032578 0.972454
1341845950.691815 0.007647 -0.256285 0.200479 -0.237916 0.016410 -0.031828 0.970625
1341845950.756034 0.007472 -0.270690 0.206690 -0.241835 0.018048 -0.029876 0.969690
1341845950.817895 0.009276 -0.287332 0.215814 -0.247077 0.019408 -0.028923 0.968370
1341845950.853851 0.008687 -0.294347 0.217153 -0.248426 0.021092 -0.029851 0.967961
1341845950.885881 0.010784 -0.302901 0.224872 -0.250961 0.022321 -0.032402 0.967197
1341845950.917771 0.013457 -0.312765 0.233673 -0.251546 0.023028 -0.032225 0.967035
1341845950.953822 0.012728 -0.318192 0.238682 -0.249723 0.025776 -0.031496 0.967462
1341845950.985908 0.012390 -0.321061 0.242212 -0.248266 0.027942 -0.033610 0.967705
1341845951.017817 0.012108 -0.325787 0.245601 -0.250228 0.029074 -0.036456 0.967063
1341845951.053777 0.012756 -0.327588 0.250827 -0.252712 0.030419 -0.035854 0.966398
1341845951.085819 0.013977 -0.335029 0.258710 -0.255653 0.032485 -0.032139 0.965688
1341845951.121819 0.015029 -0.340372 0.263541 -0.259274 0.032653 -0.029026 0.964815
1341845951.153788 0.018098 -0.346899 0.274583 -0.262005 0.032549 -0.026163 0.964163
1341845951.185690 0.015288 -0.359964 0.278461 -0.263819 0.032568 -0.022771 0.963753
1341845951.221846 0.015162 -0.365756 0.283519 -0.263071 0.030075 -0.019892 0.964102
1341845951.253677 0.016090 -0.373410 0.287528 -0.262468 0.025842 -0.017397 0.964438
1341845951.289833 0.016537 -0.370434 0.295629 -0.255276 0.021383 -0.014951 0.966516
1341845951.321746 0.021232 -0.379541 0.293907 -0.252217 0.020261 -0.011045 0.967396
1341845951.353781 0.022680 -0.390485 0.299537 -0.256222 0.019515 -0.007364 0.966393
1341845951.389710 0.022461 -0.405341 0.311629 -0.257633 0.016803 -0.004723 0.966085
1341845951.421759 0.026154 -0.410499 0.313716 -0.252013 0.013530 -0.003753 0.967622
1341845951.453714 0.030192 -0.410858 0.317441 -0.247491 0.011949 -0.000015 0.968816
1341845951.489750 0.028959 -0.416940 0.320451 -0.246938 0.011001 0.001441 0.968968
1341845951.521791 0.036245 -0.417126 0.326641 -0.245474 0.008705 -0.000103 0.969364
1341845951.557734 0.033227 -0.420725 0.328854 -0.246612 0.011251 -0.001861 0.969047
1341845951.621927 0.030546 -0.434845 0.339454 -0.248631 0.005847 -0.002242 0.968578
1341845951.657740 0.031465 -0.423116 0.343472 -0.246669 0.003234 -0.004632 0.969083
1341845951.689997 0.025092 -0.421890 0.350786 -0.246888 0.002120 -0.008725 0.969002
1341845951.721802 0.023241 -0.429871 0.357748 -0.245077 -0.001441 -0.008117 0.969468
1341845951.757837 0.033355 -0.422872 0.354674 -0.241565 -0.006739 -0.007736 0.970330
1341845951.789992 0.034914 -0.426692 0.360269 -0.248892 -0.005946 -0.011067 0.968450
1341845951.825880 0.034823 -0.436653 0.365398 -0.254319 -0.006237 -0.010353 0.967045
1341845951.857655 0.041307 -0.436897 0.370939 -0.254824 -0.009361 -0.011086 0.966879
1341845951.889934 0.040474 -0.434734 0.373485 -0.256234 -0.008973 -0.011420 0.966506
1341845951.925973 0.042336 -0.437063 0.381188 -0.261772 -0.011527 -0.010686 0.965002
1341845951.957775 0.044399 -0.438536 0.383692 -0.264064 -0.013695 -0.009126 0.964365
1341845951.989866 0.040449 -0.436764 0.383055 -0.268556 -0.014393 -0.012743 0.963072
1341845952.026044 0.043405 -0.443902 0.396663 -0.277138 -0.018012 -0.011004 0.960598
1341845952.057894 0.043902 -0.446711 0.400183 -0.278653 -0.020767 -0.010948 0.960105
1341845952.125827 0.043447 -0.459009 0.408364 -0.282528 -0.022684 -0.013388 0.958897
1341845952.157796 0.045624 -0.460131 0.412678 -0.281552 -0.024198 -0.013323 0.959148
1341845952.193712 0.045250 -0.463588 0.411712 -0.281440 -0.024152 -0.014022 0.959172
1341845952.225758 0.047790 -0.465409 0.417267 -0.281792 -0.024651 -0.014604 0.959048
1341845952.261888 0.047227 -0.468594 0.418141 -0.279639 -0.022997 -0.014046 0.959727
1341845952.293773 0.049205 -0.469045 0.416196 -0.276297 -0.021420 -0.014016 0.960731
1341845952.325830 0.044681 -0.469246 0.408289 -0.276777 -0.016498 -0.016010 0.960659
1341845952.361889 0.052167 -0.471349 0.417360 -0.279467 -0.016814 -0.017921 0.959841
1341845952.393746 0.058466 -0.473213 0.416963 -0.280104 -0.014731 -0.019035 0.959668
1341845952.425943 0.049828 -0.478108 0.412760 -0.282423 -0.008301 -0.022321 0.958994
1341845952.461990 0.050470 -0.478118 0.418225 -0.283094 -0.007916 -0.024170 0.958755
1341845952.493879 0.051206 -0.475351 0.415382 -0.283080 -0.006862 -0.025004 0.958746
1341845952.529859 0.054502 -0.472486 0.420213 -0.284600 -0.004923 -0.026026 0.958280
1341845952.561728 0.044387 -0.477614 0.413075 -0.285486 0.000754 -0.028046 0.957972
1341845952.593773 0.045704 -0.475046 0.410958 -0.287159 0.001541 -0.026891 0.957504
1341845952.629782 0.044306 -0.474542 0.410754 -0.289493 0.004464 -0.027122 0.956785
1341845952.661822 0.044060 -0.476187 0.414665 -0.290914 0.004969 -0.026092 0.956380
1341845952.694133 0.043271 -0.473847 0.411697 -0.289425 0.003533 -0.023268 0.956911
1341845952.729992 0.048955 -0.468070 0.415148 -0.290834 0.000396 -0.022321 0.956513
1341845952.761932 0.054803 -0.472300 0.423529 -0.291065 -0.001312 -0.021150 0.956469
1341845952.835955 0.049305 -0.458427 0.408279 -0.281835 0.003136 -0.023851 0.959161
1341845952.897807 0.040182 -0.457702 0.406736 -0.281568 0.007837 -0.030347 0.959029
1341845952.929858 0.037882 -0.451492 0.402159 -0.277795 0.007762 -0.030295 0.960131
1341845952.962152 0.035500 -0.444489 0.396763 -0.274573 0.008078 -0.033335 0.960954
1341845952.997732 0.030416 -0.438098 0.391037 -0.274017 0.008544 -0.034804 0.961057
1341845953.029881 0.028445 -0.432880 0.392873 -0.274998 0.006846 -0.032272 0.960878
1341845953.065883 0.027927 -0.434090 0.393612 -0.273777 0.004901 -0.029898 0.961316
1341845953.097744 0.022592 -0.419829 0.383199 -0.268597 0.004618 -0.030394 0.962762
1341845953.130426 0.022986 -0.410173 0.384902 -0.269945 0.000797 -0.027590 0.962480
1341845953.165700 0.023551 -0.416984 0.383672 -0.269697 -0.001092 -0.025176 0.962615
1341845953.197916 0.019720 -0.403322 0.375901 -0.261719 -0.001630 -0.027352 0.964755
1341845953.230076 0.022516 -0.389770 0.369969 -0.260792 -0.001389 -0.028975 0.964959
1341845953.265747 0.017381 -0.389435 0.370004 -0.264107 0.002486 -0.031208 0.963985
1341845953.297823 0.011890 -0.389287 0.370151 -0.263337 0.003302 -0.031413 0.964187
1341845953.333820 0.014075 -0.390071 0.367861 -0.259739 0.002457 -0.034173 0.965071
1341845953.398118 0.010168 -0.369427 0.361017 -0.249336 0.007920 -0.041590 0.967491
1341845953.433817 0.010451 -0.367294 0.361603 -0.241808 0.010233 -0.042147 0.969354
1341845953.465793 0.011224 -0.368993 0.364021 -0.234813 0.010224 -0.040444 0.971145
1341845953.501850 0.008871 -0.352881 0.352637 -0.222926 0.011309 -0.043706 0.973790
1341845953.533841 0.016026 -0.358133 0.355033 -0.217733 0.013127 -0.042368 0.975000
1341845953.565884 0.009904 -0.349410 0.349665 -0.204173 0.017716 -0.043730 0.977797
1341845953.601851 0.006611 -0.336817 0.335274 -0.192961 0.020486 -0.044558 0.979980
1341845953.633727 0.006777 -0.334184 0.331355 -0.186227 0.024429 -0.043555 0.981237
1341845953.665877 0.003161 -0.328325 0.325815 -0.177549 0.028836 -0.042268 0.982781
1341845953.701988 -0.006393 -0.315784 0.313588 -0.169634 0.032246 -0.041738 0.984095
1341845953.733959 -0.008263 -0.309869 0.307258 -0.169600 0.032530 -0.042876 0.984042
1341845953.769755 -0.005312 -0.302715 0.306891 -0.170157 0.032648 -0.044618 0.983865
1341845953.801776 -0.008428 -0.300494 0.304856 -0.169160 0.034967 -0.043703 0.983998
1341845953.833838 -0.015159 -0.295345 0.297602 -0.167491 0.035502 -0.045637 0.984177
1341845953.869932 -0.015775 -0.290509 0.295392 -0.165419 0.034423 -0.049307 0.984388
1341845953.901831 -0.020051 -0.285790 0.291752 -0.164834 0.035009 -0.051598 0.984348
1341845953.933922 -0.025774 -0.280919 0.295848 -0.162974 0.034045 -0.053313 0.984601
1341845953.969955 -0.024894 -0.278231 0.295140 -0.156788 0.029819 -0.054276 0.985689
1341845954.001752 -0.031359 -0.262530 0.286033 -0.149669 0.029585 -0.058705 0.986548
1341845954.037754 -0.034168 -0.257747 0.284977 -0.152327 0.028794 -0.059727 0.986103
1341845954.069971 -0.042252 -0.250645 0.284384 -0.152300 0.027803 -0.061232 0.986044
1341845954.101821 -0.046557 -0.243109 0.284777 -0.151132 0.024619 -0.057295 0.986545
1341845954.137723 -0.051603 -0.239552 0.280715 -0.153230 0.021180 -0.054437 0.986463
1341845954.169776 -0.053789 -0.234799 0.281082 -0.155376 0.018494 -0.053168 0.986250
1341845954.201769 -0.057519 -0.233187 0.281985 -0.156075 0.017417 -0.050336 0.986308
1341845954.237931 -0.058307 -0.231333 0.279586 -0.156392 0.014866 -0.048004 0.986416
1341845954.269821 -0.059646 -0.229002 0.277597 -0.155746 0.013648 -0.047694 0.986551
1341845954.305896 -0.058672 -0.225421 0.278907 -0.155399 0.013447 -0.047401 0.986622
1341845954.337899 -0.068062 -0.221062 0.272347 -0.155688 0.015179 -0.049337 0.986457
1341845954.370323 -0.064537 -0.212742 0.278355 -0.154975 0.011734 -0.048557 0.986655
1341845954.405781 -0.069543 -0.215892 0.270012 -0.155117 0.012157 -0.047899 0.986659
1341845954.437770 -0.081190 -0.209022 0.262870 -0.154918 0.012674 -0.046259 0.986762
1341845954.473700 -0.076504 -0.209048 0.268146 -0.155922 0.005705 -0.043504 0.986794
1341845954.505685 -0.071778 -0.201609 0.271498 -0.148816 0.002600 -0.039787 0.988061
1341845954.537884 -0.079679 -0.197832 0.256147 -0.146631 0.003494 -0.040450 0.988358
1341845954.574129 -0.082879 -0.190436 0.255041 -0.149265 0.001177 -0.037895 0.988070
1341845954.605772 -0.074463 -0.196329 0.261433 -0.147865 -0.003450 -0.032931 0.988453
1341845954.637774 -0.077769 -0.178999 0.256361 -0.136149 -0.003573 -0.034798 0.990071
1341845954.673990 -0.085344 -0.180037 0.244841 -0.135608 -0.002488 -0.032166 0.990237
1341845954.705864 -0.076232 -0.175825 0.249784 -0.133736 -0.005491 -0.032354 0.990473
1341845954.741959 -0.073147 -0.174356 0.253642 -0.129182 -0.005363 -0.033998 0.991023
1341845954.779824 -0.079455 -0.174157 0.246034 -0.126165 -0.003256 -0.034633 0.991399
1341845954.815761 -0.068127 -0.167604 0.255787 -0.122997 -0.007276 -0.035087 0.991760
1341845954.847702 -0.081252 -0.169195 0.251226 -0.117902 -0.002833 -0.036134 0.992364
1341845954.879857 -0.089388 -0.171783 0.247694 -0.115062 -0.000733 -0.033839 0.992781
1341845954.915883 -0.095519 -0.170651 0.241732 -0.115494 -0.000858 -0.033063 0.992757
1341845954.947742 -0.094106 -0.169309 0.245288 -0.116825 -0.001553 -0.031614 0.992648
1341845954.979793 -0.099827 -0.169006 0.245908 -0.113841 0.001447 -0.029770 0.993052
1341845955.015775 -0.095697 -0.164184 0.246615 -0.108922 -0.001119 -0.026147 0.993706
1341845955.047748 -0.093815 -0.159375 0.248724 -0.104009 -0.003933 -0.023416 0.994293
1341845955.079963 -0.088196 -0.153813 0.246855 -0.099325 -0.004643 -0.024219 0.994749
1341845955.115765 -0.096105 -0.152174 0.241121 -0.098824 0.000105 -0.023794 0.994820
1341845955.147819 -0.095288 -0.150219 0.243641 -0.098702 0.000953 -0.024171 0.994823
1341845955.179771 -0.094353 -0.149769 0.244202 -0.096777 0.000575 -0.023936 0.995018
1341845955.215834 -0.092239 -0.144260 0.241326 -0.093930 0.001258 -0.023187 0.995308
1341845955.247700 -0.096133 -0.144569 0.240933 -0.093306 0.002554 -0.022295 0.995385
1341845955.283796 -0.094545 -0.143940 0.244016 -0.091378 0.002148 -0.023146 0.995545
1341845955.315766 -0.097486 -0.139966 0.238282 -0.088431 0.003398 -0.024031 0.995787
1341845955.347689 -0.094462 -0.135288 0.241862 -0.087401 0.004222 -0.025521 0.995837
1341845955.383825 -0.095494 -0.135004 0.240754 -0.085567 0.005550 -0.026082 0.995975
1341845955.415689 -0.101595 -0.134932 0.236194 -0.083153 0.006868 -0.025889 0.996177
1341845955.447780 -0.092923 -0.132834 0.240596 -0.079798 0.004219 -0.028535 0.996394
1341845955.483775 -0.099975 -0.130446 0.233644 -0.075192 0.009253 -0.030523 0.996659
1341845955.515995 -0.101167 -0.129822 0.235053 -0.072189 0.009917 -0.030402 0.996878
1341845955.547652 -0.100621 -0.126500 0.235770 -0.067590 0.008741 -0.032563 0.997143
1341845955.583803 -0.101910 -0.121795 0.230409 -0.063061 0.008876 -0.034189 0.997384
1341845955.645874 -0.102333 -0.115643 0.232085 -0.060405 0.008458 -0.035749 0.997498
1341845955.677690 -0.101396 -0.114641 0.232076 -0.056484 0.008448 -0.035869 0.997723
1341845955.713997 -0.108663 -0.109567 0.228755 -0.052088 0.010466 -0.036665 0.997914
1341845955.745913 -0.109306 -0.106806 0.230300 -0.050400 0.008192 -0.035482 0.998065
1341845955.777825 -0.104007 -0.102859 0.231701 -0.047641 0.005881 -0.033499 0.998285
1341845955.814143 -0.104840 -0.098981 0.230649 -0.044516 0.007873 -0.032216 0.998458
1341845955.845690 -0.112403 -0.093293 0.228889 -0.041856 0.008861 -0.029490 0.998649
1341845955.877977 -0.102232 -0.092713 0.235111 -0.038993 0.004816 -0.026011 0.998889
1341845955.913787 -0.100118 -0.088221 0.233469 -0.029948 0.006597 -0.023616 0.999251
1341845955.945707 -0.102413 -0.083038 0.231201 -0.023648 0.008594 -0.021948 0.999442
1341845955.981865 -0.101450 -0.076112 0.231192 -0.018668 0.008340 -0.021658 0.999556
1341845956.013788 -0.098469 -0.067621 0.227019 -0.015716 0.009805 -0.022517 0.999575
1341845956.045763 -0.102820 -0.059716 0.221732 -0.015802 0.013002 -0.022411 0.999539
1341845956.081817 -0.100250 -0.057594 0.227171 -0.016793 0.013498 -0.020024 0.999567
1341845956.113872 -0.093902 -0.054216 0.231046 -0.013017 0.013123 -0.014013 0.999731
1341845956.145853 -0.099222 -0.044179 0.223076 -0.009492 0.015627 -0.011240 0.999770
1341845956.181712 -0.098625 -0.037010 0.221951 -0.010704 0.017795 -0.007926 0.999753
1341845956.213966 -0.096455 -0.035390 0.227296 -0.010531 0.019667 -0.005664 0.999735
1341845956.249720 -0.099823 -0.028521 0.221361 -0.007926 0.021917 -0.003701 0.999722
1341845956.281792 -0.106852 -0.017071 0.216965 -0.009085 0.023163 -0.003276 0.999685
1341845956.313799 -0.106752 -0.013816 0.217800 -0.013549 0.023501 -0.003399 0.999626
1341845956.349790 -0.106324 -0.008335 0.219943 -0.016497 0.022863 -0.003078 0.999598
1341845956.381671 -0.108729 0.004551 0.225636 -0.017592 0.020980 0.000293 0.999625
1341845956.414041 -0.107989 0.009258 0.228918 -0.020812 0.017723 0.000981 0.999626
1341845956.449886 -0.106150 0.013818 0.233054 -0.021632 0.016699 0.000296 0.999626
1341845956.481751 -0.109051 0.014876 0.236498 -0.021220 0.015721 0.002024 0.999649
1341845956.517751 -0.111560 0.022538 0.239044 -0.019969 0.013379 0.003813 0.999704
1341845956.550178 -0.114126 0.026126 0.237432 -0.020451 0.012314 0.003342 0.999709
1341845956.581882 -0.108766 0.030463 0.255029 -0.016835 0.010743 0.004809 0.999789
1341845956.617921 -0.109943 0.034767 0.257704 -0.010459 0.009745 0.007325 0.999871
1341845956.649823 -0.110266 0.042060 0.260843 -0.003481 0.010049 0.008241 0.999909
1341845956.686207 -0.115730 0.047018 0.258772 0.000461 0.012318 0.005975 0.999906
1341845956.717815 -0.125175 0.053066 0.256643 0.001502 0.013832 0.000298 0.999903
1341845956.749871 -0.119863 0.056155 0.266489 0.003457 0.009643 -0.000497 0.999947
1341845956.785882 -0.117535 0.060509 0.271884 0.009142 0.008871 -0.002884 0.999915
1341845956.817915 -0.119097 0.068796 0.274299 0.013550 0.009233 -0.003459 0.999860
1341845956.849925 -0.123315 0.071837 0.274134 0.015572 0.008223 -0.001692 0.999844
1341845956.885848 -0.119187 0.075213 0.279474 0.021159 0.006964 0.000234 0.999752
1341845956.953936 -0.126969 0.092636 0.279124 0.027450 0.008877 0.006120 0.999565
1341845956.985677 -0.123083 0.100530 0.283466 0.026780 0.008844 0.005091 0.999589
1341845957.017739 -0.127570 0.107031 0.283674 0.023148 0.011560 0.004551 0.999655
1341845957.053817 -0.126852 0.105895 0.289470 0.022152 0.010588 0.010776 0.999640
1341845957.085894 -0.121452 0.111799 0.299094 0.025310 0.010790 0.013304 0.999533
1341845957.118069 -0.124539 0.117921 0.296046 0.026123 0.014467 0.014082 0.999455
1341845957.153924 -0.122303 0.117054 0.304109 0.027372 0.015613 0.017811 0.999345
1341845957.185730 -0.119318 0.123927 0.305781 0.033862 0.017539 0.018152 0.999108
1341845957.222219 -0.124299 0.134126 0.303517 0.036138 0.021846 0.017655 0.998952
1341845957.253784 -0.122582 0.139220 0.306306 0.034926 0.023097 0.015103 0.999009
1341845957.285979 -0.121455 0.140974 0.308781 0.036621 0.024767 0.013232 0.998935
1341845957.321826 -0.124596 0.147020 0.306796 0.037702 0.027287 0.013241 0.998829
1341845957.353642 -0.122347 0.149763 0.310397 0.037972 0.027771 0.013157 0.998806
1341845957.385918 -0.115677 0.153134 0.316533 0.039669 0.029561 0.011364 0.998711
1341845957.421801 -0.119815 0.153636 0.314887 0.042686 0.032539 0.013171 0.998472
1341845957.453856 -0.120797 0.161245 0.316078 0.048273 0.031212 0.013822 0.998251
1341845957.490017 -0.119494 0.167356 0.317745 0.052231 0.031662 0.009711 0.998086
1341845957.521783 -0.124893 0.171576 0.313702 0.053851 0.033707 0.004484 0.997970
1341845957.553863 -0.129725 0.172922 0.315556 0.054541 0.032463 0.001003 0.997983
1341845957.589817 -0.122555 0.176613 0.322262 0.058322 0.028476 -0.003396 0.997886
1341845957.621927 -0.125753 0.183070 0.321718 0.061995 0.030681 -0.008389 0.997570
1341845957.690210 -0.119528 0.186706 0.331000 0.067641 0.025955 -0.007941 0.997340
1341845957.721718 -0.122560 0.197264 0.329362 0.074769 0.027998 -0.011062 0.996746
1341845957.757797 -0.118949 0.203374 0.333003 0.076656 0.029003 -0.012383 0.996559
1341845957.790095 -0.118577 0.207930 0.336287 0.079687 0.029331 -0.010944 0.996328
1341845957.821762 -0.113670 0.212052 0.341395 0.088563 0.027369 -0.006963 0.995670
1341845957.858271 -0.111731 0.223458 0.343795 0.098308 0.028170 -0.004191 0.994748
1341845957.890302 -0.110453 0.230022 0.345583 0.106138 0.029091 -0.001471 0.993925
