# timestamp tx ty tz qx qy qz qw
1341845820.887882 0.000000 0.000000 0.000000 0.000000 0.000000 0.000000 1.000000
1341845820.920082 -0.002074 0.002225 -0.002783 -0.000551 0.000027 -0.001106 0.999999
1341845820.955790 -0.002880 0.001058 -0.003422 -0.002054 -0.000871 -0.001215 0.999997
1341845820.987817 -0.000878 -0.000553 -0.003584 -0.002985 -0.001305 -0.001453 0.999994
1341845821.019783 -0.001749 -0.000996 -0.001317 -0.003086 -0.001380 -0.001681 0.999993
1341845821.055706 -0.002494 -0.001692 0.002401 -0.002604 -0.001633 -0.001168 0.999995
1341845821.087831 -0.002519 -0.003894 0.001233 -0.001880 -0.003216 0.001562 0.999992
1341845821.119871 0.001789 -0.001373 0.006813 0.000440 -0.002933 0.004024 0.999988
1341845821.155881 0.005389 0.001221 0.000254 0.000737 -0.000402 0.005031 0.999987
1341845821.188556 0.000236 -0.002628 0.007219 0.000156 0.002190 0.006660 0.999975
1341845821.223751 0.004349 -0.008722 0.001676 0.002470 0.002040 0.009580 0.999949
1341845821.256005 0.005797 0.002251 -0.001289 0.004652 0.003263 0.009201 0.999942
1341845821.287883 0.007210 -0.000174 -0.001966 0.002564 0.005704 0.008135 0.999947
1341845821.323879 0.010260 -0.003138 0.002138 0.002509 0.007556 0.006816 0.999945
1341845821.355690 0.006101 -0.001558 0.004134 0.003487 0.010264 0.006244 0.999922
1341845821.388161 0.003482 -0.003510 0.004728 0.003205 0.011175 0.007710 0.999903
1341845821.424470 0.009595 -0.006619 0.007912 0.004643 0.011780 0.008799 0.999881
1341845821.455778 0.007632 -0.001358 0.004951 0.005626 0.014500 0.007948 0.999847
1341845821.488014 0.005278 -0.005402 0.007892 0.004977 0.015799 0.007967 0.999831
1341845821.524370 0.006786 -0.008159 0.008329 0.006446 0.016261 0.008688 0.999809
1341845821.555644 0.006209 -0.005869 0.007380 0.008444 0.017716 0.008529 0.999771
1341845821.587677 0.002853 -0.002144 0.001045 0.008801 0.017810 0.007816 0.999772
1341845821.623761 0.001963 -0.002772 0.003778 0.008176 0.017056 0.007169 0.999795
1341845821.655725 0.003122 -0.001744 0.003062 0.008189 0.016916 0.005968 0.999806
1341845821.691884 0.001384 -0.001507 0.002264 0.007147 0.017145 0.004810 0.999816
1341845821.724228 0.001017 -0.006281 0.002051 0.006489 0.016437 0.004988 0.999831
1341845821.755681 0.000650 -0.005449 0.002125 0.007526 0.015319 0.005752 0.999838
1341845821.791636 0.001778 -0.006516 0.004253 0.008374 0.014551 0.006562 0.999838
1341845821.823697 0.002771 -0.003654 0.002659 0.009421 0.015039 0.005450 0.999828
1341845821.855574 0.001517 -0.004071 0.002148 0.008344 0.015960 0.003503 0.999832
1341845821.891741 -0.000926 -0.009166 0.004249 0.008303 0.016031 0.003156 0.999832
1341845821.923730 0.000637 -0.010120 0.005262 0.009807 0.015860 0.003648 0.999819
1341845821.955750 -0.000504 -0.006982 0.001297 0.010823 0.016327 0.003847 0.999801
1341845821.991786 -0.000014 -0.006252 -0.000782 0.010300 0.016608 0.003093 0.999804
1341845822.023863 -0.002473 -0.009237 -0.000120 0.009914 0.017435 0.002905 0.999795
1341845822.059759 -0.004244 -0.006998 -0.001903 0.010126 0.017521 0.002737 0.999791
1341845822.091719 -0.004242 -0.012614 0.003561 0.009460 0.017718 0.003053 0.999794
1341845822.123689 -0.004688 -0.012546 0.003808 0.011311 0.018667 0.002640 0.999758
1341845822.185916 -0.015919 -0.013324 0.000286 0.010342 0.019620 0.002903 0.999750
1341845822.221838 -0.016039 -0.013413 0.000263 0.012023 0.017847 0.003886 0.999761
1341845822.254004 -0.017292 -0.008358 -0.004213 0.012136 0.017137 0.003756 0.999772
1341845822.289876 -0.021403 -0.013831 0.000905 0.010717 0.016765 0.003008 0.999798
1341845822.321804 -0.023449 -0.013625 0.001812 0.011720 0.016315 0.002007 0.999796
1341845822.353784 -0.026270 -0.013721 0.002924 0.012372 0.016561 0.001300 0.999785
1341845822.391662 -0.029772 -0.015406 0.004604 0.013075 0.017213 0.001240 0.999766
1341845822.428074 -0.035160 -0.014110 -0.001595 0.013725 0.017341 0.001239 0.999755
1341845822.459970 -0.038602 -0.014082 -0.002789 0.013038 0.016881 0.001190 0.999772
1341845822.495728 -0.044163 -0.015944 0.003674 0.012937 0.016674 0.001292 0.999776
1341845822.527724 -0.047561 -0.014849 -0.003399 0.013142 0.016162 0.001286 0.999782
1341845822.559648 -0.050910 -0.014146 -0.001885 0.012181 0.015335 0.002158 0.999806
1341845822.595852 -0.052350 -0.016368 0.000762 0.011739 0.015030 0.002587 0.999815
1341845822.627724 -0.059332 -0.015145 -0.004272 0.011090 0.015887 0.002168 0.999810
1341845822.663716 -0.068624 -0.021221 0.007844 0.010380 0.015477 0.005268 0.999812
1341845822.695601 -0.067227 -0.028703 -0.003718 0.013744 0.012281 0.009383 0.999786
1341845822.731816 -0.070316 -0.022121 -0.002316 0.016694 0.011940 0.009977 0.999740
1341845822.789911 -0.075312 -0.021967 -0.004476 0.017704 0.012780 0.010306 0.999708
1341845822.825897 -0.084652 -0.022629 -0.001445 0.016763 0.014540 0.009710 0.999707
1341845822.859721 -0.091116 -0.031423 -0.005152 0.016902 0.014228 0.011852 0.999686
1341845822.889712 -0.093204 -0.031463 -0.007915 0.019278 0.012527 0.013768 0.999641
1341845822.925900 -0.093539 -0.030039 -0.009766 0.020396 0.011397 0.013646 0.999634
1341845822.957708 -0.092060 -0.031583 -0.010766 0.020427 0.011749 0.012019 0.999650
1341845822.989939 -0.100726 -0.035013 -0.010102 0.021280 0.012726 0.011150 0.999630
1341845823.025889 -0.101817 -0.035753 -0.011287 0.023255 0.012378 0.011509 0.999587
1341845823.057775 -0.096789 -0.035820 -0.013674 0.024687 0.013263 0.011645 0.999539
1341845823.093671 -0.105099 -0.036376 -0.011310 0.025957 0.016381 0.011029 0.999468
1341845823.125951 -0.110114 -0.033997 -0.013078 0.026911 0.017396 0.011819 0.999417
1341845823.157773 -0.113007 -0.037856 -0.011578 0.027236 0.018871 0.012198 0.999376
1341845823.193885 -0.120754 -0.033176 -0.018888 0.028044 0.019597 0.011488 0.999349
1341845823.225800 -0.125216 -0.034264 -0.020101 0.026021 0.018295 0.011291 0.999430
1341845823.261842 -0.126556 -0.036498 -0.016509 0.025417 0.017038 0.010487 0.999477
1341845823.293622 -0.127363 -0.033785 -0.032237 0.024435 0.017012 0.009319 0.999513
1341845823.325746 -0.125984 -0.035257 -0.023084 0.020638 0.018881 0.008688 0.999571
1341845823.361852 -0.131533 -0.041318 -0.004910 0.020501 0.022799 0.009533 0.999484
1341845823.394013 -0.139469 -0.041282 -0.007985 0.022840 0.026138 0.011784 0.999328
1341845823.426028 -0.150105 -0.040902 -0.011409 0.024294 0.028195 0.015226 0.999191
1341845823.461869 -0.152306 -0.041934 -0.012404 0.025053 0.027403 0.016885 0.999168
1341845823.493758 -0.150606 -0.041272 -0.011918 0.025423 0.028010 0.017102 0.999138
1341845823.529780 -0.159775 -0.044656 -0.018198 0.025194 0.030348 0.017456 0.999069
1341845823.561916 -0.175062 -0.046873 -0.016251 0.025272 0.030502 0.018015 0.999053
1341845823.593678 -0.176696 -0.047272 -0.017290 0.025680 0.027181 0.019533 0.999110
1341845823.629815 -0.170864 -0.047065 -0.017792 0.025411 0.026394 0.020302 0.999122
1341845823.661750 -0.182588 -0.050102 -0.015111 0.024591 0.028266 0.019430 0.999109
1341845823.695523 -0.194516 -0.061022 -0.006654 0.025380 0.027054 0.020818 0.999095
1341845823.729635 -0.194413 -0.062865 -0.014058 0.029235 0.023672 0.022817 0.999032
1341845823.761810 -0.198770 -0.059594 -0.018328 0.031938 0.021934 0.023464 0.998974
1341845823.797871 -0.209429 -0.058950 -0.024038 0.032218 0.019714 0.023028 0.999021
1341845823.829660 -0.209661 -0.059455 -0.012791 0.031677 0.015550 0.020496 0.999167
1341845823.861808 -0.215779 -0.063880 -0.017923 0.032074 0.012612 0.018120 0.999242
1341845823.929826 -0.220318 -0.065763 -0.021864 0.032102 0.005302 0.014849 0.999360
1341845823.961797 -0.227771 -0.064545 -0.025986 0.030869 0.004785 0.011127 0.999450
1341845823.998070 -0.233426 -0.069773 -0.015953 0.029247 0.004759 0.008983 0.999521
1341845824.029656 -0.238888 -0.070203 -0.020310 0.029996 0.004649 0.009443 0.999495
1341845824.065768 -0.234194 -0.068530 -0.019718 0.030158 0.005610 0.011899 0.999459
1341845824.097956 -0.214918 -0.061540 -0.029999 0.029231 0.008622 0.011645 0.999468
1341845824.130299 -0.213512 -0.059702 -0.036315 0.024407 0.024508 0.011157 0.999339
1341845824.165751 -0.233963 -0.040213 0.015612 0.020947 0.038712 0.009767 0.998983
1341845824.197930 -0.241078 -0.056497 0.018822 0.018317 0.041822 0.012076 0.998884
1341845824.229907 -0.248754 -0.065688 0.006268 0.021654 0.042089 0.011985 0.998807
1341845824.265800 -0.263142 -0.063318 -0.003412 0.024356 0.039780 0.013045 0.998826
1341845824.298080 -0.267617 -0.064716 -0.006345 0.025808 0.030861 0.013192 0.999103
1341845824.333783 -0.259628 -0.071093 0.000221 0.027974 0.026233 0.012724 0.999183
1341845824.365821 -0.263380 -0.066471 -0.011911 0.030674 0.027322 0.011728 0.999087
1341845824.398039 -0.273787 -0.066209 -0.020263 0.029870 0.027129 0.010697 0.999128
1341845824.433843 -0.283896 -0.068232 -0.011601 0.029539 0.024305 0.010592 0.999212
1341845824.465921 -0.285638 -0.070424 -0.015311 0.030722 0.019877 0.014604 0.999224
1341845824.501802 -0.289510 -0.068613 -0.028583 0.030622 0.017807 0.019724 0.999178
1341845824.533723 -0.297338 -0.069145 -0.027998 0.028575 0.015813 0.023777 0.999184
1341845824.565735 -0.303175 -0.068817 -0.020531 0.026666 0.013291 0.027101 0.999189
1341845824.601758 -0.308530 -0.073627 -0.022886 0.025832 0.011313 0.030528 0.999136
1341845824.633861 -0.317158 -0.072727 -0.028901 0.025341 0.009819 0.034096 0.999049
1341845824.665789 -0.321213 -0.074899 -0.024462 0.024854 0.007858 0.037733 0.998948
1341845824.701769 -0.327194 -0.076247 -0.019756 0.025339 0.005255 0.040053 0.998862
1341845824.733585 -0.329896 -0.075660 -0.021203 0.026777 0.002691 0.041922 0.998758
1341845824.769643 -0.343316 -0.068741 -0.044046 0.025813 0.002343 0.041593 0.998798
1341845824.801632 -0.347013 -0.072295 -0.032419 0.021800 -0.001291 0.042266 0.998868
1341845824.833654 -0.343189 -0.087757 -0.028848 0.021952 -0.004282 0.042482 0.998847
1341845824.869926 -0.352730 -0.077377 -0.033744 0.026489 -0.003726 0.042700 0.998730
1341845824.902071 -0.360159 -0.073955 -0.037445 0.025863 -0.004203 0.042416 0.998756
1341845824.933752 -0.359537 -0.082947 -0.034582 0.025204 -0.004815 0.039552 0.998888
1341845824.969855 -0.362517 -0.072718 -0.030399 0.026562 -0.003121 0.037323 0.998945
1341845825.001907 -0.365512 -0.074939 -0.034072 0.024675 -0.000340 0.037423 0.998995
1341845825.037975 -0.376359 -0.080513 -0.032912 0.024026 0.003506 0.036084 0.999054
1341845825.075793 -0.386361 -0.090611 -0.038538 0.025980 0.002982 0.038021 0.998935
1341845825.107881 -0.381436 -0.090231 -0.030519 0.031592 0.002115 0.040532 0.998676
1341845825.143675 -0.386085 -0.085282 -0.036774 0.034969 0.004342 0.038271 0.998646
1341845825.175707 -0.393931 -0.090252 -0.039503 0.034976 0.006095 0.035076 0.998754
1341845825.211865 -0.398693 -0.087499 -0.038228 0.036608 0.006569 0.034457 0.998714
1341845825.243814 -0.396732 -0.096344 -0.036822 0.037760 0.007796 0.036293 0.998597
1341845825.275795 -0.410029 -0.092235 -0.043674 0.040812 0.010229 0.036111 0.998462
1341845825.311665 -0.419653 -0.093440 -0.045421 0.041218 0.009230 0.037015 0.998422
1341845825.343650 -0.422132 -0.088246 -0.054202 0.041629 0.007297 0.038268 0.998373
1341845825.379771 -0.425622 -0.092195 -0.042998 0.038797 0.007360 0.039154 0.998453
1341845825.411924 -0.432865 -0.092110 -0.048873 0.039860 0.006194 0.040762 0.998354
1341845825.443786 -0.443975 -0.079400 -0.057822 0.037720 0.004464 0.040088 0.998474
1341845825.480278 -0.448685 -0.087757 -0.054440 0.033834 0.000560 0.044429 0.998439
1341845825.511636 -0.450239 -0.082722 -0.058835 0.033232 -0.003227 0.044693 0.998443
1341845825.547911 -0.451974 -0.090811 -0.059366 0.029553 -0.005765 0.047526 0.998416
1341845825.579744 -0.447645 -0.093786 -0.047102 0.028421 -0.007668 0.052767 0.998173
1341845825.611784 -0.452171 -0.100748 -0.055165 0.029434 -0.008751 0.056464 0.997932
1341845825.648004 -0.448715 -0.086575 -0.051058 0.032628 -0.009224 0.051654 0.998089
1341845825.679708 -0.460259 -0.087947 -0.046541 0.033833 -0.006189 0.052018 0.998054
1341845825.711937 -0.476518 -0.089614 -0.065844 0.034290 -0.007625 0.050794 0.998091
1341845825.747617 -0.474245 -0.086801 -0.072958 0.032979 -0.010749 0.048647 0.998214
1341845825.779688 -0.487617 -0.088996 -0.070025 0.029932 -0.011675 0.046129 0.998419
1341845825.815954 -0.483664 -0.088292 -0.066778 0.027474 -0.014838 0.043181 0.998579
1341845825.847829 -0.493541 -0.088422 -0.066763 0.025947 -0.015218 0.041071 0.998703
1341845825.879767 -0.497165 -0.088046 -0.059316 0.025668 -0.018008 0.042154 0.998619
1341845825.915646 -0.494038 -0.085624 -0.061840 0.025851 -0.019710 0.043107 0.998541
1341845825.947881 -0.505097 -0.087153 -0.068250 0.024907 -0.018866 0.044090 0.998539
1341845825.979700 -0.505851 -0.088217 -0.068214 0.024484 -0.020600 0.047223 0.998372
1341845826.015845 -0.507728 -0.088162 -0.070805 0.024204 -0.021862 0.048485 0.998291
1341845826.047945 -0.505671 -0.091279 -0.065372 0.023579 -0.022376 0.048326 0.998303
1341845826.079731 -0.518523 -0.089684 -0.073705 0.025023 -0.022360 0.050028 0.998184
1341845826.115655 -0.508632 -0.091535 -0.062613 0.024613 -0.025571 0.051222 0.998056
1341845826.147949 -0.507267 -0.091039 -0.067623 0.025136 -0.024971 0.046725 0.998279
1341845826.183767 -0.517539 -0.090098 -0.072871 0.023849 -0.024082 0.041528 0.998562
1341845826.215780 -0.520904 -0.088432 -0.075777 0.022769 -0.025072 0.040665 0.998599
1341845826.247732 -0.527186 -0.088570 -0.084133 0.022604 -0.025430 0.045343 0.998392
1341845826.283763 -0.529803 -0.088187 -0.072832 0.021652 -0.027928 0.050045 0.998122
1341845826.315658 -0.523960 -0.091406 -0.074375 0.021226 -0.031869 0.052261 0.997899
1341845826.347773 -0.530523 -0.089111 -0.077308 0.020373 -0.033051 0.051760 0.997905
1341845826.383718 -0.531231 -0.092988 -0.077416 0.018888 -0.035825 0.053080 0.997769
1341845826.415712 -0.532728 -0.099348 -0.077811 0.018451 -0.038286 0.055058 0.997578
1341845826.447806 -0.528112 -0.098660 -0.073534 0.019478 -0.040975 0.054704 0.997471
1341845826.483677 -0.534465 -0.093712 -0.079604 0.019675 -0.040985 0.054369 0.997485
1341845826.515677 -0.536292 -0.096725 -0.078935 0.019150 -0.042258 0.057738 0.997253
1341845826.551684 -0.527573 -0.092691 -0.077091 0.018170 -0.043412 0.056368 0.997300
1341845826.583716 -0.539652 -0.095920 -0.082477 0.016377 -0.041732 0.054007 0.997534
1341845826.615875 -0.544357 -0.096628 -0.083869 0.015089 -0.044380 0.057594 0.997239
1341845826.651722 -0.535309 -0.091396 -0.077850 0.015618 -0.045499 0.060701 0.996996
1341845826.683753 -0.537922 -0.090927 -0.082550 0.012567 -0.045908 0.058754 0.997137
1341845826.715643 -0.537785 -0.084364 -0.075378 0.009165 -0.046905 0.054635 0.997362
1341845826.751884 -0.544897 -0.081348 -0.080479 0.005975 -0.045767 0.056959 0.997309
1341845826.783713 -0.539658 -0.083404 -0.074152 0.002606 -0.047695 0.058733 0.997130
1341845826.819713 -0.518161 -0.064722 -0.053880 0.000636 -0.047794 0.055678 0.997304
1341845826.851701 -0.542469 -0.068119 -0.062056 -0.004564 -0.042493 0.054155 0.997618
1341845826.884460 -0.540953 -0.079245 -0.068205 -0.006841 -0.044574 0.061084 0.997113
1341845826.945792 -0.531248 -0.062100 -0.058884 -0.016808 -0.037858 0.052949 0.997738
1341845826.981873 -0.547901 -0.068260 -0.063035 -0.020597 -0.038115 0.056173 0.997481
1341845827.013745 -0.528983 -0.049222 -0.042786 -0.020175 -0.040363 0.063421 0.996966
1341845827.045694 -0.516804 -0.041482 -0.045220 -0.025514 -0.037022 0.064475 0.996906
1341845827.082458 -0.546608 -0.065240 -0.072384 -0.036281 -0.030911 0.058232 0.997165
1341845827.113645 -0.544380 -0.069926 -0.069399 -0.036287 -0.034233 0.063255 0.996750
1341845827.145773 -0.535496 -0.054768 -0.059815 -0.036530 -0.033658 0.062941 0.996780
1341845827.182474 -0.536152 -0.060447 -0.055394 -0.041904 -0.029771 0.056815 0.997061
1341845827.213974 -0.536661 -0.068743 -0.054852 -0.041563 -0.029996 0.057377 0.997036
1341845827.251751 -0.530149 -0.057485 -0.047612 -0.036962 -0.030146 0.061601 0.996961
1341845827.313888 -0.528356 -0.060663 -0.042119 -0.046978 -0.023531 0.058251 0.996918
1341845827.349700 -0.528944 -0.064948 -0.046270 -0.042176 -0.026323 0.065253 0.996629
1341845827.381963 -0.523269 -0.055688 -0.043988 -0.041093 -0.026480 0.064751 0.996703
1341845827.413850 -0.519359 -0.058988 -0.036040 -0.042824 -0.024426 0.060288 0.996963
1341845827.449725 -0.522002 -0.063835 -0.037529 -0.041976 -0.024033 0.057949 0.997147
1341845827.488394 -0.519242 -0.063549 -0.034835 -0.038836 -0.026281 0.060446 0.997069
1341845827.555964 -0.518870 -0.059480 -0.036825 -0.036530 -0.024223 0.057208 0.997400
1341845827.623688 -0.511693 -0.058948 -0.029521 -0.032704 -0.025172 0.061381 0.997261
1341845827.656212 -0.509941 -0.055777 -0.039942 -0.033160 -0.024360 0.059246 0.997395
1341845827.687624 -0.504794 -0.055312 -0.030912 -0.037410 -0.022081 0.050940 0.997756
1341845827.723697 -0.501006 -0.060192 -0.024374 -0.036603 -0.019945 0.053277 0.997709
1341845827.755778 -0.501764 -0.058174 -0.032189 -0.034533 -0.019123 0.057462 0.997567
1341845827.791657 -0.490661 -0.056591 -0.024967 -0.034591 -0.016903 0.056479 0.997661
1341845827.823845 -0.491144 -0.058045 -0.022236 -0.034975 -0.012853 0.055043 0.997788
1341845827.855606 -0.487644 -0.061969 -0.018515 -0.033326 -0.011996 0.057263 0.997731
1341845827.891685 -0.480640 -0.061350 -0.018721 -0.030776 -0.009456 0.058984 0.997740
1341845827.923824 -0.480780 -0.058637 -0.022340 -0.029717 -0.004739 0.057866 0.997871
1341845827.959777 -0.475738 -0.060174 -0.018290 -0.029711 -0.002198 0.058149 0.997863
1341845827.991672 -0.474435 -0.059700 -0.021343 -0.028074 -0.000051 0.060009 0.997803
1341845828.023726 -0.475867 -0.059468 -0.021252 -0.029625 0.004106 0.059755 0.997765
1341845828.059622 -0.467388 -0.059431 -0.016817 -0.030441 0.007336 0.059670 0.997727
1341845828.091720 -0.470891 -0.058871 -0.013696 -0.030188 0.009593 0.059871 0.997703
1341845828.127612 -0.462421 -0.056934 -0.019537 -0.030331 0.010862 0.060712 0.997635
1341845828.159638 -0.462663 -0.056666 -0.010823 -0.031418 0.012952 0.061041 0.997557
1341845828.191711 -0.443978 -0.059154 -0.015009 -0.031762 0.014539 0.058626 0.997669
1341845828.227644 -0.440159 -0.056264 -0.015243 -0.030130 0.016038 0.058700 0.997692
1341845828.259785 -0.438639 -0.054326 -0.015999 -0.029756 0.018733 0.061675 0.997477
1341845828.291687 -0.432318 -0.056786 -0.013289 -0.028569 0.019990 0.064220 0.997326
1341845828.327803 -0.428854 -0.053409 -0.012777 -0.027437 0.021741 0.063742 0.997352
1341845828.359694 -0.428098 -0.051994 -0.016526 -0.028600 0.023574 0.063449 0.997297
1341845828.395928 -0.417769 -0.051706 -0.011585 -0.028249 0.025704 0.064989 0.997155
1341845828.427803 -0.414483 -0.050292 -0.008454 -0.028134 0.027142 0.064756 0.997135
1341845828.459660 -0.411199 -0.049589 -0.003189 -0.027845 0.028263 0.064776 0.997111
1341845828.495761 -0.406062 -0.050133 0.003501 -0.026662 0.030326 0.066248 0.996986
1341845828.527686 -0.412353 -0.051048 -0.005316 -0.028715 0.032310 0.066223 0.996868
1341845828.595750 -0.408594 -0.048754 0.002229 -0.028954 0.034805 0.065074 0.996853
1341845828.654055 -0.404115 -0.047815 0.010283 -0.030937 0.038153 0.065702 0.996630
1341845828.689681 -0.376396 0.044964 0.017801 -0.023857 0.037971 0.065645 0.996835
1341845828.721870 -0.362629 0.112498 0.030512 -0.019773 0.037180 0.065808 0.996943
1341845828.757706 -0.361316 0.163038 0.048796 -0.016925 0.037735 0.067624 0.996853
1341845828.789650 -0.388138 0.317977 0.081778 -0.006037 0.039569 0.070444 0.996712
1341845828.821914 -0.387277 0.467855 0.111869 0.004401 0.037466 0.073138 0.996608
1341845828.857781 -0.394778 0.465864 0.112567 0.003312 0.037567 0.074076 0.996539
1341845828.889770 -0.371427 0.465296 0.114126 0.003210 0.036175 0.074817 0.996536
1341845828.931671 -0.342639 0.467758 0.114476 0.003336 0.033655 0.074071 0.996679
1341845828.989696 -0.343400 0.468084 0.113310 0.005305 0.030905 0.073331 0.996815
1341845829.025626 -0.345147 0.469483 0.112435 0.005677 0.030109 0.072033 0.996932
1341845829.063840 -0.343311 0.468995 0.118126 0.004741 0.029998 0.070056 0.997081
1341845829.089737 -0.342902 0.469398 0.119935 0.004910 0.031070 0.070415 0.997022
1341845829.125754 -0.344735 0.469524 0.121878 0.004412 0.030873 0.070745 0.997007
1341845829.158048 -0.333947 0.467775 0.132286 0.005064 0.031553 0.070534 0.996997
1341845829.193669 -0.335551 0.467371 0.137284 0.006956 0.033475 0.072454 0.996786
1341845829.225742 -0.330647 0.434163 0.115442 0.007980 0.033344 0.074951 0.996598
1341845829.257763 -0.329604 0.436017 0.114393 0.010822 0.032770 0.075167 0.996574
1341845829.293851 -0.328228 0.436143 0.116041 0.013271 0.032224 0.074187 0.996635
1341845829.325861 -0.329051 0.435288 0.118799 0.015429 0.031858 0.072716 0.996724
1341845829.357901 -0.328501 0.433960 0.118871 0.018614 0.029058 0.072390 0.996779
1341845829.393704 -0.327829 0.434602 0.121667 0.020575 0.028027 0.070613 0.996898
1341845829.425831 -0.344814 0.435188 0.107863 0.020598 0.028211 0.068760 0.997022
1341845829.461720 -0.330078 0.432703 0.125621 0.020365 0.025869 0.068723 0.997092
1341845829.493662 -0.326022 0.430155 0.123052 0.025922 0.023323 0.072661 0.996747
1341845829.525846 -0.334850 0.437398 0.115467 0.027712 0.021807 0.070932 0.996858
1341845829.561864 -0.325346 0.433521 0.127595 0.024843 0.021803 0.068287 0.997118
1341845829.593763 -0.323407 0.430931 0.128692 0.023032 0.023143 0.067378 0.997193
1341845829.625785 -0.325517 0.428424 0.118293 0.027900 0.021750 0.070470 0.996886
1341845829.661787 -0.324644 0.434192 0.112812 0.031142 0.019409 0.070017 0.996871
1341845829.693835 -0.325090 0.432557 0.125400 0.028661 0.020941 0.068333 0.997031
1341845829.729747 -0.324308 0.431108 0.130677 0.025110 0.023548 0.062305 0.997463
1341845829.761817 -0.313068 0.440791 0.106984 0.029642 0.017232 0.061318 0.997529
1341845829.793840 -0.326463 0.432054 0.124443 0.032312 0.013413 0.061431 0.997498
1341845829.829803 -0.325966 0.430458 0.130832 0.032841 0.014670 0.058042 0.997666
