# timestamp tx ty tz qx qy qz qw
1341845948.911866 0.000000 0.000000 0.000000 0.000000 0.000000 0.000000 1.000000
1341845948.947808 -0.000406 -0.006197 -0.003708 -0.005206 0.001214 0.000083 0.999986
1341845948.979787 -0.000067 -0.007058 0.006494 -0.010803 0.001437 -0.000063 0.999941
1341845949.011787 0.003531 -0.009948 0.018531 -0.016985 0.003445 -0.000108 0.999850
1341845949.047774 0.003993 -0.031536 0.013825 -0.022968 0.006000 0.000829 0.999718
1341845949.079745 0.002637 -0.039600 0.020091 -0.023732 0.005827 0.005673 0.999685
1341845949.115941 0.001072 -0.043878 0.022646 -0.024354 0.007470 0.007990 0.999644
1341845949.147691 -0.000244 -0.047771 0.029414 -0.026571 0.010910 0.009713 0.999540
1341845949.179815 0.004465 -0.060420 0.029377 -0.029695 0.014108 0.011251 0.999396
1341845949.215795 0.004658 -0.065942 0.031479 -0.031090 0.016131 0.012712 0.999306
1341845949.247763 0.004236 -0.064600 0.033567 -0.033342 0.019197 0.014234 0.999158
1341845949.283892 0.011668 -0.067821 0.048388 -0.036598 0.022932 0.015327 0.998949
1341845949.315792 0.017766 -0.090127 0.045819 -0.039341 0.027589 0.013746 0.998750
1341845949.347811 0.018880 -0.094545 0.049745 -0.037982 0.030333 0.013795 0.998723
1341845949.383752 0.012583 -0.096883 0.044215 -0.038017 0.034382 0.011954 0.998614
1341845949.415733 0.022306 -0.111016 0.044497 -0.040431 0.036996 0.007721 0.998467
1341845949.451907 0.018562 -0.113277 0.043694 -0.042800 0.037138 0.007848 0.998362
1341845949.483823 0.013517 -0.118267 0.039667 -0.047082 0.038709 0.004576 0.998130
1341845949.515817 0.022166 -0.080375 0.079091 -0.047395 0.038015 0.006673 0.998130
1341845949.551896 0.028511 0.025778 0.109259 -0.031811 0.033565 0.008300 0.998896
1341845949.583736 0.022217 0.127211 0.160804 -0.017461 0.029142 0.015749 0.999299
1341845949.619753 -0.002389 0.148768 0.173922 -0.017057 0.034253 0.014474 0.999163
1341845949.651764 -0.014644 0.130130 0.180097 -0.022062 0.034836 0.013565 0.999057
1341845949.683707 -0.012145 0.132870 0.182800 -0.020524 0.030442 0.013124 0.999240
1341845949.719890 0.006310 0.142082 0.184069 -0.023168 0.028243 0.007281 0.999306
1341845949.751778 0.006310 0.142082 0.184069 -0.023168 0.028243 0.007281 0.999306
1341845949.787857 -0.002466 0.135916 0.181986 -0.028759 0.027490 0.009648 0.999162
1341845949.819784 -0.000627 0.138943 0.190364 -0.034012 0.024478 0.008753 0.999083
1341845949.851908 -0.000627 0.138943 0.190364 -0.034012 0.024478 0.008753 0.999083
1341845949.887758 -0.004060 0.150792 0.226614 -0.040915 0.020909 0.007481 0.998916
1341845949.920013 -0.006386 0.136594 0.233232 -0.046612 0.017169 0.005434 0.998751
1341845949.955673 -0.014332 0.136724 0.247409 -0.049770 0.015358 0.005897 0.998625
1341845949.987737 -0.014332 0.136724 0.247409 -0.049770 0.015358 0.005897 0.998625
1341845950.019789 -0.018260 0.126397 0.252440 -0.053634 0.013468 0.003718 0.998463
1341845950.055847 -0.006804 0.129805 0.250278 -0.055218 0.009848 0.003127 0.998421
1341845950.087728 0.006964 0.140502 0.256025 -0.058207 0.007787 0.003528 0.998268
1341845950.124078 0.006964 0.140502 0.256025 -0.058207 0.007787 0.003528 0.998268
1341845950.155757 0.009790 0.132462 0.261724 -0.061352 0.006381 0.002087 0.998094
1341845950.187677 0.025383 0.129837 0.254673 -0.064606 0.006166 0.000107 0.997892
1341845950.223782 0.024765 0.143324 0.257615 -0.070783 0.007837 0.005359 0.997447
1341845950.255885 0.010733 0.115006 0.235478 -0.081709 0.010498 0.008309 0.996566
1341845950.287784 0.010733 0.115006 0.235478 -0.081709 0.010498 0.008309 0.996566
1341845950.323864 -0.007484 0.100079 0.285896 -0.093342 0.012912 0.009920 0.995501
1341845950.355780 -0.007484 0.100079 0.285896 -0.093342 0.012912 0.009920 0.995501
1341845950.387911 -0.007484 0.100079 0.285896 -0.093342 0.012912 0.009920 0.995501
1341845950.424265 -0.085524 0.211667 0.333335 -0.075897 0.030396 0.005139 0.996639
1341845950.455762 -0.085524 0.211667 0.333335 -0.075897 0.030396 0.005139 0.996639
1341845950.487870 -0.089812 0.387609 0.375213 -0.041671 0.030329 -0.007341 0.998644
1341845950.523880 -0.107538 0.464683 0.399303 -0.029921 0.034229 -0.016972 0.998822
1341845950.555793 -0.107538 0.464683 0.399303 -0.029921 0.034229 -0.016972 0.998822
1341845950.587742 -0.129212 0.556593 0.422450 -0.020829 0.038769 -0.017881 0.998871
1341845950.623823 -0.129212 0.556593 0.422450 -0.020829 0.038769 -0.017881 0.998871
1341845950.655770 -0.129212 0.556593 0.422450 -0.020829 0.038769 -0.017881 0.998871
1341845950.691815 -0.149084 0.639494 0.453143 -0.009232 0.042997 -0.027416 0.998656
1341845950.756034 -0.161049 0.732564 0.518829 0.010658 0.044049 -0.067742 0.996673
1341845950.817895 -0.160919 0.829738 0.572743 0.031511 0.043979 -0.115772 0.991801
1341845950.853851 -0.160919 0.829738 0.572743 0.031511 0.043979 -0.115772 0.991801
1341845950.885881 -0.160919 0.829738 0.572743 0.031511 0.043979 -0.115772 0.991801
1341845950.917771 -0.160919 0.829738 0.572743 0.031511 0.043979 -0.115772 0.991801
1341845950.953822 -0.160919 0.829738 0.572743 0.031511 0.043979 -0.115772 0.991801
1341845950.985908 -0.160919 0.829738 0.572743 0.031511 0.043979 -0.115772 0.991801
1341845951.017817 -0.160919 0.829738 0.572743 0.031511 0.043979 -0.115772 0.991801
1341845951.053777 -0.160919 0.829738 0.572743 0.031511 0.043979 -0.115772 0.991801
1341845951.085819 -0.160919 0.829738 0.572743 0.031511 0.043979 -0.115772 0.991801
1341845951.121819 -0.160919 0.829738 0.572743 0.031511 0.043979 -0.115772 0.991801
1341845951.153788 -0.160919 0.829738 0.572743 0.031511 0.043979 -0.115772 0.991801
1341845951.185690 -0.160919 0.829738 0.572743 0.031511 0.043979 -0.115772 0.991801
1341845951.221846 -0.160919 0.829738 0.572743 0.031511 0.043979 -0.115772 0.991801
1341845951.253677 -0.160919 0.829738 0.572743 0.031511 0.043979 -0.115772 0.991801
1341845951.289833 -0.160919 0.829738 0.572743 0.031511 0.043979 -0.115772 0.991801
1341845951.321746 -0.104763 0.948939 0.431477 0.047215 0.057920 -0.164548 0.983534
1341845951.353781 -0.062805 1.018486 0.272616 0.053496 0.065501 -0.222744 0.971202
1341845951.389710 -0.045196 1.032384 0.050258 0.054819 0.079184 -0.298242 0.949619
1341845951.421759 -0.045196 1.032384 0.050258 0.054819 0.079184 -0.298242 0.949619
1341845951.453714 -0.020345 1.048391 -0.134519 0.065075 0.086106 -0.375572 0.920487
1341845951.489750 0.030546 1.107384 -0.358914 0.068166 0.092674 -0.429310 0.895800
1341845951.521791 0.249584 1.238721 -0.632965 0.101059 0.088078 -0.490970 0.860801
1341845951.557734 0.573274 1.416695 -0.852608 0.151930 0.078900 -0.545841 0.820213
1341845951.621927 0.980829 1.401772 -1.082817 0.192988 0.061679 -0.606873 0.768542
1341845951.657740 1.359657 1.401134 -1.111272 0.206351 0.028985 -0.618274 0.757837
1341845951.689997 1.786746 1.366800 -1.164533 0.226977 -0.007312 -0.638796 0.735097
1341845951.721802 2.281219 1.319471 -1.138216 0.271434 -0.055712 -0.657580 0.700578
1341845951.757837 2.887743 1.116520 -1.032572 0.309822 -0.129605 -0.670144 0.661906
1341845951.789992 3.734707 0.990605 -1.120740 0.399554 -0.115091 -0.715502 0.561399
1341845951.825880 4.447856 0.774051 -1.094693 -0.462608 0.100958 0.755044 -0.453552
1341845951.857655 5.111832 0.432497 -1.077519 -0.518420 0.083839 0.781832 -0.336082
1341845951.889934 5.111832 0.432497 -1.077519 -0.518420 0.083839 0.781832 -0.336082
1341845951.925973 5.111832 0.432497 -1.077519 -0.518420 0.083839 0.781832 -0.336082
1341845951.957775 5.111832 0.432497 -1.077519 -0.518420 0.083839 0.781832 -0.336082
1341845951.989866 5.111832 0.432497 -1.077519 -0.518420 0.083839 0.781832 -0.336082
1341845952.026044 5.111832 0.432497 -1.077519 -0.518420 0.083839 0.781832 -0.336082
1341845952.057894 5.111832 0.432497 -1.077519 -0.518420 0.083839 0.781832 -0.336082
1341845952.125827 5.111832 0.432497 -1.077519 -0.518420 0.083839 0.781832 -0.336082
1341845952.157796 5.111832 0.432497 -1.077519 -0.518420 0.083839 0.781832 -0.336082
1341845952.193712 5.111832 0.432497 -1.077519 -0.518420 0.083839 0.781832 -0.336082
1341845952.225758 5.111832 0.432497 -1.077519 -0.518420 0.083839 0.781832 -0.336082
1341845952.261888 5.111832 0.432497 -1.077519 -0.518420 0.083839 0.781832 -0.336082
1341845952.293773 5.111832 0.432497 -1.077519 -0.518420 0.083839 0.781832 -0.336082
1341845952.325830 5.111832 0.432497 -1.077519 -0.518420 0.083839 0.781832 -0.336082
1341845952.361889 5.111832 0.432497 -1.077519 -0.518420 0.083839 0.781832 -0.336082
1341845952.393746 5.111832 0.432497 -1.077519 -0.518420 0.083839 0.781832 -0.336082
1341845952.425943 6.150578 -0.078182 -0.757235 -0.630103 0.059953 0.759723 -0.148988
1341845952.461990 6.150578 -0.078182 -0.757235 -0.630103 0.059953 0.759723 -0.148988
1341845952.493879 6.150578 -0.078182 -0.757235 -0.630103 0.059953 0.759723 -0.148988
1341845952.529859 6.150578 -0.078182 -0.757235 -0.630103 0.059953 0.759723 -0.148988
1341845952.561728 6.150578 -0.078182 -0.757235 -0.630103 0.059953 0.759723 -0.148988
1341845952.593773 6.150578 -0.078182 -0.757235 -0.630103 0.059953 0.759723 -0.148988
1341845952.629782 6.150578 -0.078182 -0.757235 -0.630103 0.059953 0.759723 -0.148988
1341845952.661822 6.150578 -0.078182 -0.757235 -0.630103 0.059953 0.759723 -0.148988
1341845952.694133 6.150578 -0.078182 -0.757235 -0.630103 0.059953 0.759723 -0.148988
1341845952.729992 6.150578 -0.078182 -0.757235 -0.630103 0.059953 0.759723 -0.148988
1341845952.761932 6.150578 -0.078182 -0.757235 -0.630103 0.059953 0.759723 -0.148988
1341845952.835955 6.150578 -0.078182 -0.757235 -0.630103 0.059953 0.759723 -0.148988
1341845952.897807 6.150578 -0.078182 -0.757235 -0.630103 0.059953 0.759723 -0.148988
1341845952.929858 6.150578 -0.078182 -0.757235 -0.630103 0.059953 0.759723 -0.148988
1341845952.962152 6.150578 -0.078182 -0.757235 -0.630103 0.059953 0.759723 -0.148988
1341845952.997732 6.150578 -0.078182 -0.757235 -0.630103 0.059953 0.759723 -0.148988
1341845953.029881 6.150578 -0.078182 -0.757235 -0.630103 0.059953 0.759723 -0.148988
1341845953.065883 6.150578 -0.078182 -0.757235 -0.630103 0.059953 0.759723 -0.148988
1341845953.097744 6.150578 -0.078182 -0.757235 -0.630103 0.059953 0.759723 -0.148988
1341845953.130426 6.150578 -0.078182 -0.757235 -0.630103 0.059953 0.759723 -0.148988
1341845953.165700 6.150578 -0.078182 -0.757235 -0.630103 0.059953 0.759723 -0.148988
1341845953.197916 6.150578 -0.078182 -0.757235 -0.630103 0.059953 0.759723 -0.148988
1341845953.230076 6.150578 -0.078182 -0.757235 -0.630103 0.059953 0.759723 -0.148988
1341845953.265747 6.150578 -0.078182 -0.757235 -0.630103 0.059953 0.759723 -0.148988
1341845953.297823 6.150578 -0.078182 -0.757235 -0.630103 0.059953 0.759723 -0.148988
1341845953.333820 6.150578 -0.078182 -0.757235 -0.630103 0.059953 0.759723 -0.148988
1341845953.398118 6.150578 -0.078182 -0.757235 -0.630103 0.059953 0.759723 -0.148988
1341845953.433817 6.150578 -0.078182 -0.757235 -0.630103 0.059953 0.759723 -0.148988
1341845953.465793 6.150578 -0.078182 -0.757235 -0.630103 0.059953 0.759723 -0.148988
1341845953.501850 6.150578 -0.078182 -0.757235 -0.630103 0.059953 0.759723 -0.148988
1341845953.533841 6.150578 -0.078182 -0.757235 -0.630103 0.059953 0.759723 -0.148988
1341845953.565884 6.150578 -0.078182 -0.757235 -0.630103 0.059953 0.759723 -0.148988
1341845953.601851 6.150578 -0.078182 -0.757235 -0.630103 0.059953 0.759723 -0.148988
1341845953.633727 6.150578 -0.078182 -0.757235 -0.630103 0.059953 0.759723 -0.148988
1341845953.665877 6.150578 -0.078182 -0.757235 -0.630103 0.059953 0.759723 -0.148988
1341845953.701988 6.150578 -0.078182 -0.757235 -0.630103 0.059953 0.759723 -0.148988
1341845953.733959 6.150578 -0.078182 -0.757235 -0.630103 0.059953 0.759723 -0.148988
1341845953.769755 6.955139 -0.850859 -0.590641 -0.696386 0.027058 0.715751 0.044894
1341845953.801776 6.955139 -0.850859 -0.590641 -0.696386 0.027058 0.715751 0.044894
1341845953.833838 6.955139 -0.850859 -0.590641 -0.696386 0.027058 0.715751 0.044894
1341845953.869932 7.608051 -1.838342 -0.574026 0.733665 0.025265 -0.631385 -0.249900
1341845953.901831 7.608051 -1.838342 -0.574026 0.733665 0.025265 -0.631385 -0.249900
1341845953.933922 7.608051 -1.838342 -0.574026 0.733665 0.025265 -0.631385 -0.249900
1341845953.969955 7.608051 -1.838342 -0.574026 0.733665 0.025265 -0.631385 -0.249900
1341845954.001752 7.608051 -1.838342 -0.574026 0.733665 0.025265 -0.631385 -0.249900
1341845954.037754 7.496377 -3.059464 -1.195818 -0.691956 -0.021236 0.516532 0.503925
1341845954.069971 7.064076 -3.805866 -2.244600 -0.594886 -0.015484 0.361334 0.717850
1341845954.101821 7.064076 -3.805866 -2.244600 -0.594886 -0.015484 0.361334 0.717850
1341845954.137723 7.064076 -3.805866 -2.244600 -0.594886 -0.015484 0.361334 0.717850
1341845954.169776 7.064076 -3.805866 -2.244600 -0.594886 -0.015484 0.361334 0.717850
1341845954.201769 6.470346 -3.832131 -3.574769 -0.419057 0.008471 0.188177 0.888206
1341845954.237931 6.091202 -3.094424 -4.790598 -0.206297 0.026808 -0.003708 0.978115
1341845954.269821 6.193741 -1.847494 -5.552500 0.023775 0.039956 -0.198073 0.979084
1341845954.305896 6.831936 -0.582546 -5.719501 0.244522 0.051574 -0.374212 0.893037
1341845954.337899 7.925953 0.162280 -5.481679 0.416000 0.031021 -0.511384 0.751311
1341845954.370323 9.259489 0.230573 -4.958930 0.559871 -0.008955 -0.619535 0.550128
1341845954.405781 10.343821 -0.472716 -4.377891 -0.665877 0.056324 0.679000 -0.303965
1341845954.437770 11.533386 -1.662286 -3.945292 0.730734 -0.099197 -0.669246 0.091091
1341845954.473700 11.929347 -2.968110 -3.678798 0.763893 -0.131707 -0.620839 -0.116960
1341845954.505685 11.961732 -4.291121 -3.780462 0.755918 -0.150161 -0.553149 -0.316332
1341845954.537884 11.642037 -5.534748 -4.120952 0.724144 -0.192883 -0.459324 -0.476899
1341845954.574129 11.035273 -6.973466 -4.932535 -0.648886 0.233028 0.352996 0.632487
1341845954.605772 10.206467 -7.642321 -5.894792 -0.575072 0.248947 0.215603 0.748888
1341845954.637774 10.206467 -7.642321 -5.894792 -0.575072 0.248947 0.215603 0.748888
1341845954.673990 9.244624 -7.840821 -7.250271 -0.430152 0.276463 0.067375 0.856737
1341845954.705864 8.416678 -7.642834 -8.587764 -0.310197 0.295337 -0.079552 0.900125
1341845954.741959 8.030761 -6.699281 -9.953756 -0.127780 0.293333 -0.243043 0.915728
1341845954.779824 8.162192 -5.668002 -11.179765 0.027993 0.274874 -0.417003 0.865892
1341845954.815761 9.034520 -4.478269 -12.079682 0.212869 0.226311 -0.541819 0.780963
1341845954.847702 10.480938 -3.518105 -12.626648 0.383635 0.162827 -0.637379 0.648120
1341845954.879857 12.580958 -3.041983 -12.718470 0.515431 0.029347 -0.646279 0.561955
1341845954.915883 14.695945 -3.224824 -11.849310 0.635057 -0.134126 -0.609762 0.454866
1341845954.947742 16.122234 -3.513853 -10.093037 0.688149 -0.337735 -0.484204 0.421820
1341845954.979793 17.354457 -3.189750 -7.855101 0.676337 -0.500829 -0.330269 0.427387
1341845955.015775 17.797780 -2.447180 -5.361147 0.669584 -0.616912 -0.163350 0.379993
1341845955.047748 17.361284 -1.237777 -3.152200 -0.632768 0.706302 -0.016541 -0.316968
1341845955.079963 16.279182 0.172693 -1.476443 -0.592335 0.750592 -0.180979 -0.230210
1341845955.115765 13.570794 1.686671 0.087504 -0.524698 0.784601 -0.328582 -0.033568
1341845955.147819 10.343555 3.108079 0.183178 -0.433688 0.764446 -0.446147 0.168788
1341845955.179771 7.412107 4.358676 -1.142194 -0.330970 0.693204 -0.533784 0.353555
1341845955.215834 5.015836 6.240938 -3.696837 -0.178602 0.616428 -0.582232 0.499124
1341845955.247700 4.728657 7.582648 -7.397425 -0.018699 0.422707 -0.600490 0.678514
1341845955.283796 5.413983 9.339063 -10.760790 0.113955 0.297635 -0.567170 0.759438
1341845955.315766 7.214926 10.746171 -13.011835 0.233336 0.129653 -0.523254 0.809290
1341845955.347689 9.603918 11.708029 -14.665540 0.286990 -0.044640 -0.481644 0.826839
1341845955.383825 12.746159 12.248044 -15.279567 0.330736 -0.248669 -0.434940 0.799753
1341845955.415689 15.841911 14.154413 -14.450373 0.432738 -0.392207 -0.269934 0.765537
1341845955.447780 17.800787 16.540659 -12.166127 0.531895 -0.521458 -0.087606 0.661434
1341845955.483775 17.783703 19.155377 -9.216320 -0.587823 0.624168 -0.122685 -0.499827
1341845955.515995 16.131186 21.816527 -7.106371 -0.567931 0.675490 -0.327572 -0.337438
1341845955.547652 12.917289 24.034236 -6.528699 -0.518578 0.660303 -0.530553 -0.116575
1341845955.583803 9.909548 25.480248 -7.950198 -0.327116 0.676744 -0.613246 0.242778
1341845955.645874 7.554045 28.070598 -10.594640 -0.078623 0.640714 -0.549202 0.530737
1341845955.677690 7.772916 32.993941 -13.549342 0.301193 0.434442 -0.357985 0.769668
1341845955.713997 8.335978 37.854816 -10.730304 0.695533 0.218927 -0.065230 0.681212
1341845955.745913 6.901090 39.960891 -5.352929 0.882234 -0.118011 0.184426 0.416802
1341845955.777825 2.407912 39.967717 -1.766524 0.818348 -0.449784 0.343826 0.098920
1341845955.814143 -26.899314 42.262021 5.191275 0.730501 -0.398131 0.551640 -0.059607
1341845955.845690 -61.278377 39.356507 -4.718563 0.561192 -0.359442 0.702235 -0.250462
1341845955.877977 -117.559609 46.905483 -56.729351 -0.278455 0.364158 -0.711161 0.533011
1341845955.913787 -135.855758 51.292112 -97.991919 -0.066239 0.424620 -0.429953 0.794009
1341845955.945707 -152.847518 73.959667 -123.909835 0.179920 0.505248 -0.039145 0.843102
1341845955.981865 -191.224649 103.395691 -128.596062 0.348142 0.573000 0.188961 0.717469
1341845956.013788 -261.344627 131.674520 -115.545497 0.487018 0.620649 0.453818 0.414316
1341845956.045763 -261.344627 131.674520 -115.545497 0.487018 0.620649 0.453818 0.414316
1341845956.081817 -261.344627 131.674520 -115.545497 0.487018 0.620649 0.453818 0.414316
1341845956.113872 -261.344627 131.674520 -115.545497 0.487018 0.620649 0.453818 0.414316
1341845956.145853 -261.344627 131.674520 -115.545497 0.487018 0.620649 0.453818 0.414316
1341845956.181712 -261.344627 131.674520 -115.545497 0.487018 0.620649 0.453818 0.414316
1341845956.213966 -261.344627 131.674520 -115.545497 0.487018 0.620649 0.453818 0.414316
1341845956.249720 -261.344627 131.674520 -115.545497 0.487018 0.620649 0.453818 0.414316
1341845956.281792 -261.344627 131.674520 -115.545497 0.487018 0.620649 0.453818 0.414316
1341845956.313799 -261.344627 131.674520 -115.545497 0.487018 0.620649 0.453818 0.414316
1341845956.349790 -261.344627 131.674520 -115.545497 0.487018 0.620649 0.453818 0.414316
1341845956.381671 -261.344627 131.674520 -115.545497 0.487018 0.620649 0.453818 0.414316
1341845956.414041 -261.344627 131.674520 -115.545497 0.487018 0.620649 0.453818 0.414316
1341845956.449886 -261.344627 131.674520 -115.545497 0.487018 0.620649 0.453818 0.414316
1341845956.481751 -261.344627 131.674520 -115.545497 0.487018 0.620649 0.453818 0.414316
1341845956.517751 -261.344627 131.674520 -115.545497 0.487018 0.620649 0.453818 0.414316
1341845956.550178 -261.344627 131.674520 -115.545497 0.487018 0.620649 0.453818 0.414316
1341845956.581882 -261.344627 131.674520 -115.545497 0.487018 0.620649 0.453818 0.414316
1341845956.617921 -261.344627 131.674520 -115.545497 0.487018 0.620649 0.453818 0.414316
1341845956.649823 -261.344627 131.674520 -115.545497 0.487018 0.620649 0.453818 0.414316
1341845956.686207 -261.344627 131.674520 -115.545497 0.487018 0.620649 0.453818 0.414316
1341845956.717815 -261.344627 131.674520 -115.545497 0.487018 0.620649 0.453818 0.414316
1341845956.749871 -261.344627 131.674520 -115.545497 0.487018 0.620649 0.453818 0.414316
1341845956.785882 -261.344627 131.674520 -115.545497 0.487018 0.620649 0.453818 0.414316
1341845956.817915 -261.344627 131.674520 -115.545497 0.487018 0.620649 0.453818 0.414316
1341845956.849925 -261.344627 131.674520 -115.545497 0.487018 0.620649 0.453818 0.414316
1341845956.885848 -261.344627 131.674520 -115.545497 0.487018 0.620649 0.453818 0.414316
1341845956.953936 -261.344627 131.674520 -115.545497 0.487018 0.620649 0.453818 0.414316
1341845956.985677 -261.344627 131.674520 -115.545497 0.487018 0.620649 0.453818 0.414316
1341845957.017739 -261.344627 131.674520 -115.545497 0.487018 0.620649 0.453818 0.414316
1341845957.053817 -261.344627 131.674520 -115.545497 0.487018 0.620649 0.453818 0.414316
1341845957.085894 -261.344627 131.674520 -115.545497 0.487018 0.620649 0.453818 0.414316
1341845957.118069 -261.344627 131.674520 -115.545497 0.487018 0.620649 0.453818 0.414316
1341845957.153924 -261.344627 131.674520 -115.545497 0.487018 0.620649 0.453818 0.414316
1341845957.185730 -261.344627 131.674520 -115.545497 0.487018 0.620649 0.453818 0.414316
1341845957.222219 -261.344627 131.674520 -115.545497 0.487018 0.620649 0.453818 0.414316
1341845957.253784 -261.344627 131.674520 -115.545497 0.487018 0.620649 0.453818 0.414316
1341845957.285979 -261.344627 131.674520 -115.545497 0.487018 0.620649 0.453818 0.414316
1341845957.321826 -261.344627 131.674520 -115.545497 0.487018 0.620649 0.453818 0.414316
1341845957.353642 -261.344627 131.674520 -115.545497 0.487018 0.620649 0.453818 0.414316
1341845957.385918 -261.344627 131.674520 -115.545497 0.487018 0.620649 0.453818 0.414316
1341845957.421801 -261.344627 131.674520 -115.545497 0.487018 0.620649 0.453818 0.414316
1341845957.453856 -261.344627 131.674520 -115.545497 0.487018 0.620649 0.453818 0.414316
1341845957.490017 -261.344627 131.674520 -115.545497 0.487018 0.620649 0.453818 0.414316
1341845957.521783 -261.344627 131.674520 -115.545497 0.487018 0.620649 0.453818 0.414316
1341845957.553863 -261.344627 131.674520 -115.545497 0.487018 0.620649 0.453818 0.414316
1341845957.589817 -261.344627 131.674520 -115.545497 0.487018 0.620649 0.453818 0.414316
1341845957.621927 -261.344627 131.674520 -115.545497 0.487018 0.620649 0.453818 0.414316
1341845957.690210 -261.344627 131.674520 -115.545497 0.487018 0.620649 0.453818 0.414316
1341845957.721718 -261.344627 131.674520 -115.545497 0.487018 0.620649 0.453818 0.414316
1341845957.757797 -261.344627 131.674520 -115.545497 0.487018 0.620649 0.453818 0.414316
1341845957.790095 -261.344627 131.674520 -115.545497 0.487018 0.620649 0.453818 0.414316
1341845957.821762 -261.344627 131.674520 -115.545497 0.487018 0.620649 0.453818 0.414316
1341845957.858271 -261.344627 131.674520 -115.545497 0.487018 0.620649 0.453818 0.414316
1341845957.890302 -261.344627 131.674520 -115.545497 0.487018 0.620649 0.453818 0.414316
