# timestamp tx ty tz qx qy qz qw
1341845948.911866 0.000000 0.000000 0.000000 0.000000 0.000000 0.000000 1.000000
1341845948.947808 -0.001762 -0.005287 0.000838 -0.005281 0.000704 0.001093 0.999985
1341845948.979787 -0.000104 -0.009382 0.004966 -0.011404 0.001201 0.000275 0.999934
1341845949.011787 0.003391 -0.014687 0.010379 -0.017653 0.003643 -0.000596 0.999837
1341845949.047774 0.003557 -0.024571 0.015493 -0.022009 0.005254 0.002499 0.999741
1341845949.079745 0.004820 -0.032324 0.020174 -0.022579 0.004910 0.007022 0.999708
1341845949.115941 0.007571 -0.035581 0.021519 -0.023117 0.006391 0.008932 0.999672
1341845949.147691 0.008156 -0.041595 0.025400 -0.025643 0.009957 0.010406 0.999567
1341845949.179815 0.007464 -0.050638 0.030596 -0.028342 0.012938 0.013015 0.999430
1341845949.215795 0.009867 -0.057632 0.032270 -0.029879 0.014829 0.014088 0.999344
1341845949.247763 0.012994 -0.061115 0.035342 -0.032734 0.018339 0.014208 0.999195
1341845949.283892 0.017415 -0.068774 0.046738 -0.036338 0.022401 0.014486 0.998983
1341845949.315792 0.019342 -0.078853 0.055994 -0.037312 0.026448 0.015348 0.998836
1341845949.347811 0.019708 -0.086824 0.055358 -0.036405 0.029572 0.014395 0.998796
1341845949.383752 0.018470 -0.090718 0.056020 -0.036600 0.033560 0.011880 0.998696
1341845949.415733 0.013990 -0.094984 0.057087 -0.038136 0.036161 0.010326 0.998565
1341845949.451907 0.013461 -0.099644 0.061032 -0.040715 0.036304 0.009776 0.998463
1341845949.483823 0.016976 -0.101981 0.068136 -0.044526 0.036681 0.008088 0.998302
1341845949.515817 0.013386 -0.103164 0.073854 -0.050401 0.038254 0.005637 0.997980
1341845949.551896 0.017293 -0.111867 0.080202 -0.058520 0.034674 0.004298 0.997675
1341845949.583736 0.021118 -0.115325 0.086397 -0.062815 0.032181 0.002689 0.997503
1341845949.619753 0.020409 -0.115107 0.088869 -0.067334 0.032931 0.000625 0.997187
1341845949.651764 0.020670 -0.133451 0.088769 -0.072423 0.031330 0.000091 0.996882
1341845949.683707 0.020670 -0.133451 0.088769 -0.072423 0.031330 0.000091 0.996882
1341845949.719890 0.018878 -0.152645 0.081484 -0.079363 0.033609 -0.008613 0.996242
1341845949.751778 0.014757 -0.138962 0.091910 -0.085551 0.034067 -0.004789 0.995740
1341845949.787857 -0.000312 -0.122492 0.105313 -0.092583 0.032262 0.003226 0.995177
1341845949.819784 -0.000312 -0.122492 0.105313 -0.092583 0.032262 0.003226 0.995177
1341845949.851908 -0.003610 -0.044142 0.140903 -0.090749 0.029030 0.009798 0.995402
1341845949.887758 -0.041100 0.035570 0.200020 -0.089421 0.028911 0.020100 0.995371
1341845949.920013 -0.093750 0.049194 0.219647 -0.088577 0.034197 0.019339 0.995294
1341845949.955673 -0.083592 0.056796 0.216375 -0.089638 0.030692 0.018637 0.995327
1341845949.987737 -0.091017 0.043088 0.223901 -0.096018 0.031675 0.016893 0.994732
1341845950.019789 -0.094692 0.031391 0.231035 -0.100636 0.030090 0.015533 0.994347
1341845950.055847 -0.096373 0.024979 0.227963 -0.102968 0.028524 0.013089 0.994189
1341845950.087728 -0.106486 0.042312 0.245194 -0.101822 0.029082 0.010179 0.994325
1341845950.124078 -0.106486 0.042312 0.245194 -0.101822 0.029082 0.010179 0.994325
1341845950.155757 -0.115344 0.041827 0.249159 -0.102676 0.030133 0.007662 0.994229
1341845950.187677 -0.094457 0.044992 0.240172 -0.104927 0.028553 0.006266 0.994050
1341845950.223782 -0.107166 0.025115 0.254681 -0.114088 0.033371 0.003542 0.992904
1341845950.255885 -0.107166 0.025115 0.254681 -0.114088 0.033371 0.003542 0.992904
1341845950.287784 -0.107166 0.025115 0.254681 -0.114088 0.033371 0.003542 0.992904
1341845950.323864 -0.117316 0.008470 0.271922 -0.123774 0.038936 0.000857 0.991546
1341845950.355780 -0.117316 0.008470 0.271922 -0.123774 0.038936 0.000857 0.991546
1341845950.387911 -0.116064 0.002255 0.275992 -0.130390 0.037191 -0.000161 0.990765
1341845950.424265 -0.113229 -0.006581 0.280079 -0.132632 0.037163 -0.001519 0.990467
1341845950.455762 -0.113650 -0.014910 0.283718 -0.131234 0.038292 -0.002891 0.990607
1341845950.487870 -0.113478 -0.025486 0.286094 -0.131236 0.037112 -0.003941 0.990648
1341845950.523880 -0.113513 -0.027528 0.283243 -0.131858 0.036833 -0.004416 0.990574
1341845950.555793 -0.116213 -0.023698 0.283753 -0.138726 0.039972 -0.009528 0.989478
1341845950.587742 -0.117575 -0.022443 0.282811 -0.150670 0.040289 -0.011307 0.987698
1341845950.623823 -0.116017 -0.035055 0.283984 -0.163276 0.038863 -0.009727 0.985767
1341845950.655770 -0.117192 -0.046965 0.285748 -0.173278 0.038166 -0.009972 0.984083
1341845950.691815 -0.117248 -0.063308 0.288247 -0.181726 0.036494 -0.008909 0.982631
1341845950.756034 -0.160203 -0.062221 0.314011 -0.183498 0.043611 -0.002166 0.982050
1341845950.817895 -0.158706 -0.078649 0.319832 -0.188331 0.045171 -0.001609 0.981065
1341845950.853851 -0.156577 -0.085382 0.322086 -0.189747 0.046231 -0.002335 0.980741
1341845950.885881 -0.155125 -0.095234 0.328016 -0.192616 0.047895 -0.004728 0.980093
1341845950.917771 -0.153150 -0.105112 0.334735 -0.192879 0.049188 -0.004275 0.979980
1341845950.953822 -0.153074 -0.112503 0.338811 -0.191553 0.051789 -0.003893 0.980107
1341845950.985908 -0.153704 -0.119653 0.340311 -0.191439 0.054123 -0.005681 0.979995
1341845951.017817 -0.152786 -0.126322 0.342470 -0.194176 0.054943 -0.007583 0.979398
1341845951.053777 -0.149787 -0.132513 0.349276 -0.197840 0.055738 -0.006179 0.978629
1341845951.085819 -0.149114 -0.142273 0.353632 -0.201104 0.057701 -0.001477 0.977868
1341845951.121819 -0.148657 -0.148365 0.357294 -0.204725 0.057893 0.001533 0.977105
1341845951.153788 -0.144202 -0.156215 0.368136 -0.207558 0.057522 0.004483 0.976520
1341845951.185690 -0.144067 -0.165812 0.372286 -0.208317 0.056743 0.007021 0.976389
1341845951.221846 -0.142405 -0.173217 0.377310 -0.207790 0.053779 0.009496 0.976648
1341845951.253677 -0.142655 -0.182105 0.379928 -0.207160 0.049961 0.012070 0.976956
1341845951.289833 -0.134990 -0.191349 0.388587 -0.202125 0.043180 0.020218 0.978199
1341845951.321746 -0.129361 -0.194214 0.391252 -0.199526 0.042166 0.021230 0.978755
1341845951.353781 -0.128739 -0.199978 0.393317 -0.201057 0.041561 0.024674 0.978386
1341845951.389710 -0.131072 -0.207292 0.395065 -0.197777 0.039500 0.026584 0.979090
1341845951.421759 -0.126586 -0.212290 0.398851 -0.192071 0.036275 0.027751 0.980318
1341845951.453714 -0.126610 -0.211483 0.397746 -0.186532 0.035528 0.028596 0.981390
1341845951.489750 -0.125907 -0.215476 0.403200 -0.185651 0.034288 0.029791 0.981565
1341845951.521791 -0.122203 -0.214952 0.405992 -0.183542 0.033573 0.027063 0.982066
1341845951.557734 -0.124449 -0.217869 0.408009 -0.184532 0.035931 0.025013 0.981851
1341845951.621927 -0.123460 -0.232469 0.418272 -0.186334 0.029768 0.024627 0.981727
1341845951.657740 -0.124069 -0.232186 0.422086 -0.187677 0.027602 0.022574 0.981583
1341845951.689997 -0.121784 -0.243028 0.427460 -0.191897 0.024298 0.023747 0.980827
1341845951.721802 -0.122504 -0.251668 0.433372 -0.189857 0.020687 0.024637 0.981285
1341845951.757837 -0.115483 -0.245612 0.430027 -0.186681 0.016226 0.023974 0.981994
1341845951.789992 -0.114420 -0.248176 0.432675 -0.193425 0.017146 0.020023 0.980761
1341845951.825880 -0.110070 -0.258442 0.441864 -0.199163 0.015582 0.021464 0.979607
1341845951.857655 -0.104488 -0.261105 0.446395 -0.200226 0.013047 0.021467 0.979428
1341845951.889934 -0.105584 -0.248356 0.451163 -0.198859 0.013577 0.020297 0.979724
1341845951.925973 -0.098057 -0.266107 0.452765 -0.207714 0.010342 0.020430 0.977922
1341845951.957775 -0.096249 -0.268009 0.458934 -0.210558 0.007574 0.022606 0.977291
1341845951.989866 -0.107705 -0.224702 0.460174 -0.203994 0.008676 0.019730 0.978735
1341845952.026044 -0.126934 -0.175752 0.472465 -0.197947 0.008458 0.019499 0.979982
1341845952.057894 -0.126115 -0.183485 0.472956 -0.199580 0.006277 0.018396 0.979689
1341845952.125827 -0.127708 -0.182242 0.492777 -0.199630 0.003777 0.013686 0.979769
1341845952.157796 -0.127364 -0.195797 0.478623 -0.201005 0.004249 0.013355 0.979490
1341845952.193712 -0.120448 -0.193715 0.479234 -0.199907 0.002783 0.013423 0.979719
1341845952.225758 -0.122162 -0.201063 0.479616 -0.201019 0.003439 0.011846 0.979510
1341845952.261888 -0.118248 -0.190911 0.481222 -0.195745 0.004041 0.013329 0.980556
1341845952.293773 -0.109296 -0.187916 0.504335 -0.195240 0.001221 0.019634 0.980558
1341845952.325830 -0.112273 -0.167276 0.503025 -0.191243 0.005433 0.018240 0.981358
1341845952.361889 -0.111274 -0.181498 0.503847 -0.196326 0.007343 0.015469 0.980389
1341845952.393746 -0.098047 -0.188696 0.504080 -0.198341 0.008577 0.013597 0.980001
1341845952.425943 -0.098047 -0.188696 0.504080 -0.198341 0.008577 0.013597 0.980001
1341845952.461990 -0.098432 -0.191865 0.505354 -0.199411 0.009585 0.012076 0.979795
1341845952.493879 -0.099072 -0.188846 0.503537 -0.199576 0.010884 0.010785 0.979762
1341845952.529859 -0.097721 -0.188613 0.506815 -0.201492 0.013552 0.010094 0.979344
1341845952.561728 -0.099681 -0.189038 0.504666 -0.202107 0.016688 0.009816 0.979172
1341845952.593773 -0.102003 -0.189636 0.501767 -0.204768 0.018546 0.011078 0.978572
1341845952.629782 -0.101197 -0.186478 0.502621 -0.206406 0.020464 0.011185 0.978189
1341845952.661822 -0.102796 -0.190210 0.503916 -0.208148 0.021584 0.011911 0.977787
1341845952.694133 -0.107242 -0.187619 0.499055 -0.206383 0.020969 0.013754 0.978150
1341845952.729992 -0.102809 -0.183838 0.502148 -0.208031 0.018024 0.015014 0.977841
1341845952.761932 -0.096993 -0.185758 0.510436 -0.207194 0.016480 0.014014 0.978061
1341845952.835955 -0.104584 -0.173561 0.497537 -0.199035 0.021884 0.012711 0.979666
1341845952.897807 -0.113916 -0.169777 0.495133 -0.198015 0.026986 0.006183 0.979808
1341845952.929858 -0.115215 -0.166245 0.493350 -0.195314 0.026557 0.007362 0.980354
1341845952.962152 -0.117946 -0.159935 0.489399 -0.192539 0.027053 0.004803 0.980905
1341845952.997732 -0.122484 -0.149464 0.487061 -0.191083 0.027278 0.003000 0.981190
1341845953.029881 -0.126502 -0.145164 0.487710 -0.191835 0.025860 0.005080 0.981073
1341845953.065883 -0.123942 -0.144026 0.488754 -0.189953 0.022871 0.008276 0.981492
1341845953.097744 -0.131286 -0.130082 0.483041 -0.185086 0.023152 0.007173 0.982423
1341845953.130426 -0.134939 -0.124783 0.482955 -0.187208 0.019998 0.010311 0.982063
1341845953.165700 -0.130985 -0.130352 0.485866 -0.186790 0.017032 0.011908 0.982180
1341845953.197916 -0.136788 -0.114957 0.478462 -0.178381 0.017261 0.009829 0.983761
1341845953.230076 -0.139342 -0.106183 0.471505 -0.178682 0.019006 0.008270 0.983689
1341845953.265747 -0.141840 -0.102927 0.472480 -0.181620 0.022173 0.006042 0.983100
1341845953.297823 -0.146368 -0.101883 0.473266 -0.180360 0.022883 0.006167 0.983315
1341845953.333820 -0.145614 -0.098252 0.470251 -0.175396 0.022836 0.002829 0.984229
1341845953.398118 -0.150547 -0.084652 0.467416 -0.167841 0.029066 -0.003517 0.985379
1341845953.433817 -0.154302 -0.086578 0.464547 -0.160888 0.032756 -0.005623 0.986413
1341845953.465793 -0.156551 -0.076480 0.463367 -0.149035 0.034044 -0.005832 0.988229
1341845953.501850 -0.158030 -0.066791 0.458565 -0.140466 0.035305 -0.007866 0.989425
1341845953.533841 -0.158298 -0.065306 0.455016 -0.132389 0.039361 -0.008737 0.990377
1341845953.565884 -0.159538 -0.063235 0.453659 -0.121746 0.042752 -0.007868 0.991609
1341845953.601851 -0.161896 -0.053425 0.446353 -0.112550 0.045484 -0.007577 0.992576
1341845953.633727 -0.161816 -0.055259 0.439947 -0.107384 0.049453 -0.007480 0.992959
1341845953.665877 -0.165071 -0.048397 0.437063 -0.098601 0.053682 -0.004666 0.993667
1341845953.701988 -0.170915 -0.037879 0.429784 -0.092204 0.055474 -0.003650 0.994187
1341845953.733959 -0.173718 -0.029941 0.423547 -0.091586 0.055925 -0.004731 0.994214
1341845953.769755 -0.173035 -0.023801 0.424018 -0.092522 0.056786 -0.007197 0.994064
1341845953.801776 -0.177660 -0.022359 0.420486 -0.091720 0.059299 -0.006761 0.993995
1341845953.833838 -0.181797 -0.017403 0.418260 -0.090459 0.058939 -0.007878 0.994123
1341845953.869932 -0.181970 -0.009692 0.416883 -0.087854 0.058264 -0.011889 0.994357
1341845953.901831 -0.187875 0.000794 0.416134 -0.085700 0.059726 -0.015435 0.994409
1341845953.933922 -0.192007 0.003707 0.421578 -0.084161 0.058412 -0.016648 0.994599
1341845953.969955 -0.194161 0.008770 0.422863 -0.076924 0.055626 -0.019943 0.995284
1341845954.001752 -0.202126 0.019005 0.413203 -0.072114 0.055717 -0.022112 0.995593
1341845954.037754 -0.207830 0.029676 0.414022 -0.072828 0.055919 -0.024734 0.995468
1341845954.069971 -0.214391 0.033117 0.416847 -0.073891 0.054426 -0.025129 0.995463
1341845954.101821 -0.220491 0.042133 0.416312 -0.071828 0.051456 -0.022411 0.995837
1341845954.137723 -0.224037 0.046900 0.415611 -0.073768 0.047095 -0.019199 0.995978
1341845954.169776 -0.227578 0.051362 0.415517 -0.075817 0.044574 -0.017791 0.995966
1341845954.201769 -0.231738 0.054750 0.416080 -0.075703 0.043234 -0.015721 0.996069
1341845954.237931 -0.234830 0.057934 0.416081 -0.075603 0.041298 -0.013782 0.996187
1341845954.269821 -0.234567 0.060900 0.416264 -0.074919 0.039504 -0.013029 0.996322
1341845954.305896 -0.237352 0.065333 0.414203 -0.074110 0.040367 -0.013744 0.996338
1341845954.337899 -0.245145 0.067437 0.409446 -0.075527 0.041451 -0.014023 0.996183
1341845954.370323 -0.247220 0.070876 0.411877 -0.075787 0.039652 -0.013215 0.996248
1341845954.405781 -0.247532 0.074156 0.410771 -0.074388 0.038488 -0.013251 0.996398
1341845954.437770 -0.255750 0.081116 0.407279 -0.074088 0.037534 -0.011851 0.996475
1341845954.473700 -0.253605 0.083381 0.414564 -0.074218 0.031745 -0.009444 0.996692
1341845954.505685 -0.243507 0.090057 0.420769 -0.067059 0.026558 -0.006929 0.997371
1341845954.537884 -0.257801 0.095313 0.402990 -0.064973 0.028932 -0.006776 0.997444
1341845954.574129 -0.261766 0.099396 0.402885 -0.068297 0.026529 -0.004599 0.997302
1341845954.605772 -0.258122 0.091641 0.402548 -0.067387 0.022713 -0.000548 0.997468
1341845954.637774 -0.260161 0.106452 0.400866 -0.056477 0.022458 -0.000862 0.998151
1341845954.673990 -0.257185 0.113446 0.400818 -0.053626 0.020369 0.000464 0.998353
1341845954.705864 -0.250739 0.115074 0.404801 -0.052402 0.017993 0.000112 0.998464
1341845954.741959 -0.249635 0.116791 0.403971 -0.047558 0.019279 -0.001989 0.998680
1341845954.779824 -0.257071 0.116825 0.399649 -0.044828 0.021748 -0.001998 0.998756
1341845954.815761 -0.260674 0.116822 0.400498 -0.043186 0.022027 -0.002358 0.998821
1341845954.847702 -0.256736 0.119688 0.405526 -0.037042 0.021968 -0.004124 0.999064
1341845954.879857 -0.269692 0.116361 0.399105 -0.034417 0.025155 -0.001037 0.999090
1341845954.915883 -0.275955 0.119281 0.394854 -0.034431 0.024890 -0.000139 0.999097
1341845954.947742 -0.271134 0.123991 0.400169 -0.034393 0.023133 0.000022 0.999141
1341845954.979793 -0.271144 0.121925 0.402781 -0.032316 0.024111 0.001954 0.999185
1341845955.015775 -0.276241 0.122702 0.400274 -0.028314 0.024263 0.006649 0.999282
1341845955.047748 -0.274331 0.125424 0.401831 -0.023715 0.021286 0.009410 0.999448
1341845955.079963 -0.267287 0.133081 0.402590 -0.018669 0.020185 0.009338 0.999578
1341845955.115765 -0.275068 0.134474 0.396700 -0.018466 0.025112 0.009543 0.999469
1341845955.147819 -0.276032 0.134831 0.398527 -0.018502 0.026202 0.008929 0.999446
1341845955.179771 -0.277380 0.136642 0.397372 -0.016315 0.026584 0.008811 0.999475
1341845955.215834 -0.277600 0.140139 0.396070 -0.014081 0.027687 0.009984 0.999468
1341845955.247700 -0.278972 0.141417 0.396777 -0.013006 0.028315 0.010742 0.999457
1341845955.283796 -0.277798 0.143637 0.397896 -0.010466 0.028194 0.009410 0.999503
1341845955.315766 -0.279993 0.147865 0.395874 -0.007704 0.029351 0.008637 0.999502
1341845955.347689 -0.278543 0.151601 0.396456 -0.006826 0.030419 0.007272 0.999487
1341845955.383825 -0.279495 0.150410 0.396941 -0.005690 0.032064 0.006701 0.999447
1341845955.415689 -0.282366 0.152179 0.396169 -0.002815 0.032435 0.006795 0.999447
1341845955.447780 -0.276747 0.154776 0.397569 0.000616 0.031017 0.003706 0.999512
1341845955.483775 -0.276128 0.157413 0.397124 0.004872 0.034022 0.001957 0.999407
1341845955.515995 -0.283416 0.157845 0.393950 0.008019 0.036598 0.002078 0.999296
1341845955.547652 -0.281875 0.159045 0.395663 0.012128 0.035207 0.000358 0.999306
1341845955.583803 -0.283347 0.166963 0.393404 0.017287 0.035663 -0.001810 0.999213
1341845955.645874 -0.284602 0.171114 0.395976 0.019523 0.035611 -0.003604 0.999169
1341845955.677690 -0.283793 0.174700 0.396925 0.024185 0.035830 -0.004210 0.999056
1341845955.713997 -0.288976 0.177818 0.395038 0.027854 0.037285 -0.004141 0.998908
1341845955.745913 -0.292836 0.181145 0.394922 0.029878 0.035937 -0.003530 0.998901
1341845955.777825 -0.286305 0.187181 0.398485 0.033400 0.033125 -0.002485 0.998890
1341845955.814143 -0.287793 0.191450 0.398088 0.036650 0.035261 -0.001128 0.998705
1341845955.845690 -0.293542 0.194375 0.397260 0.038550 0.035402 0.001939 0.998627
1341845955.877977 -0.287246 0.196702 0.400571 0.042316 0.032307 0.004614 0.998571
1341845955.913787 -0.285370 0.200844 0.400205 0.050665 0.033918 0.005964 0.998122
1341845955.945707 -0.286887 0.207323 0.400609 0.057766 0.035918 0.008418 0.997648
1341845955.981865 -0.286502 0.215285 0.400426 0.063435 0.035821 0.008858 0.997304
1341845956.013788 -0.285131 0.225867 0.400361 0.066680 0.037953 0.007515 0.997024
1341845956.045763 -0.288347 0.231417 0.399285 0.065483 0.040807 0.007754 0.996989
1341845956.081817 -0.286450 0.233063 0.402192 0.064560 0.041082 0.010561 0.997012
1341845956.113872 -0.282654 0.236231 0.404304 0.068460 0.041099 0.015799 0.996682
1341845956.145853 -0.286242 0.247319 0.401498 0.072103 0.042767 0.018981 0.996299
1341845956.181712 -0.283289 0.255966 0.404326 0.071373 0.043895 0.021779 0.996245
1341845956.213966 -0.280676 0.256333 0.408394 0.071391 0.045563 0.024529 0.996105
1341845956.249720 -0.285470 0.264398 0.404598 0.074170 0.047755 0.026271 0.995755
1341845956.281792 -0.289404 0.274964 0.405252 0.072793 0.048157 0.027865 0.995794
1341845956.313799 -0.289439 0.278790 0.407009 0.068668 0.048266 0.026915 0.996108
1341845956.349790 -0.291772 0.283198 0.409489 0.065602 0.048170 0.027130 0.996313
1341845956.381671 -0.294542 0.290761 0.414235 0.063756 0.046182 0.029392 0.996463
1341845956.414041 -0.294765 0.293198 0.414934 0.060082 0.042789 0.030095 0.996822
1341845956.449886 -0.291506 0.295500 0.421075 0.058919 0.041658 0.029495 0.996957
1341845956.481751 -0.295425 0.297627 0.424506 0.059992 0.040915 0.030560 0.996892
1341845956.517751 -0.298938 0.304870 0.425786 0.061120 0.038323 0.032029 0.996880
1341845956.550178 -0.296116 0.308540 0.432677 0.060928 0.036244 0.031788 0.996977
1341845956.581882 -0.294696 0.307941 0.438156 0.063618 0.035035 0.032816 0.996819
1341845956.617921 -0.295366 0.311258 0.442115 0.070114 0.033839 0.035970 0.996316
1341845956.649823 -0.296579 0.317757 0.445035 0.076728 0.034460 0.036370 0.995792
1341845956.686207 -0.303205 0.324118 0.445955 0.081045 0.037493 0.033632 0.995437
1341845956.717815 -0.307874 0.325526 0.447683 0.080808 0.037927 0.030090 0.995553
1341845956.749871 -0.308077 0.327966 0.453243 0.082879 0.035491 0.027841 0.995538
1341845956.785882 -0.305680 0.332030 0.457870 0.088241 0.034891 0.025019 0.995173
1341845956.817915 -0.308838 0.342747 0.461207 0.094651 0.035934 0.025281 0.994541
1341845956.849925 -0.311402 0.346340 0.465039 0.097192 0.034509 0.027005 0.994301
1341845956.885848 -0.308046 0.349316 0.469470 0.103037 0.033370 0.029025 0.993694
1341845956.953936 -0.317897 0.365911 0.472004 0.109242 0.035397 0.034242 0.992794
1341845956.985677 -0.316104 0.372361 0.476979 0.108244 0.035944 0.032470 0.992944
1341845957.017739 -0.318209 0.378928 0.479570 0.104792 0.037902 0.033413 0.993210
1341845957.053817 -0.317064 0.378329 0.484949 0.104508 0.036288 0.039319 0.993084
1341845957.085894 -0.314424 0.383739 0.492639 0.107694 0.037375 0.040380 0.992660
1341845957.118069 -0.316234 0.389366 0.494170 0.108164 0.040484 0.042194 0.992412
1341845957.153924 -0.312405 0.390889 0.500452 0.110485 0.040690 0.045743 0.991990
1341845957.185730 -0.302483 0.396497 0.496204 0.115684 0.041869 0.047549 0.991263
1341845957.222219 -0.293932 0.415265 0.483211 0.119153 0.044794 0.047293 0.990737
1341845957.253784 -0.294255 0.418206 0.485991 0.117397 0.046835 0.046130 0.990907
1341845957.285979 -0.292960 0.419721 0.488443 0.118970 0.048654 0.043837 0.990736
1341845957.321826 -0.294879 0.427141 0.488448 0.120350 0.050596 0.043847 0.990471
1341845957.353642 -0.291806 0.430162 0.493312 0.120843 0.050992 0.043545 0.990404
1341845957.385918 -0.286089 0.432605 0.500490 0.122476 0.053299 0.041895 0.990153
1341845957.421801 -0.290827 0.435645 0.496971 0.125950 0.056132 0.043069 0.989510
1341845957.453856 -0.293191 0.440047 0.497491 0.130584 0.055300 0.044081 0.988912
1341845957.490017 -0.289572 0.445723 0.503445 0.134510 0.055358 0.040275 0.988545
1341845957.521783 -0.294017 0.450425 0.503001 0.136126 0.057705 0.035208 0.988383
1341845957.553863 -0.298929 0.452164 0.504314 0.137064 0.056672 0.031437 0.988440
1341845957.589817 -0.292419 0.454345 0.511190 0.140577 0.053602 0.027319 0.988240
1341845957.621927 -0.293700 0.461267 0.512772 0.144155 0.055613 0.022504 0.987735
1341845957.690210 -0.293818 0.464775 0.518739 0.150092 0.052929 0.021559 0.987019
1341845957.721718 -0.290347 0.474012 0.523411 0.156830 0.053480 0.019315 0.985987
1341845957.757797 -0.292227 0.480448 0.523810 0.158527 0.056084 0.018115 0.985594
1341845957.790095 -0.289829 0.483495 0.528837 0.161434 0.055668 0.019357 0.985122
1341845957.821762 -0.284770 0.488172 0.534897 0.171052 0.053535 0.023356 0.983529
1341845957.858271 -0.283225 0.496940 0.538803 0.179846 0.054378 0.026001 0.981846
1341845957.890302 -0.280733 0.501496 0.542430 0.187008 0.054831 0.029601 0.980380
