# timestamp tx ty tz qx qy qz qw
1341845820.887882 0.000000 0.000000 0.000000 0.000000 0.000000 0.000000 1.000000
1341845820.920082 -0.001945 0.003640 -0.001402 -0.000428 0.000015 -0.000702 1.000000
1341845820.955790 -0.002025 0.002278 -0.001765 -0.001913 -0.000937 -0.000864 0.999997
1341845820.987817 -0.000796 0.001050 -0.001677 -0.002799 -0.001320 -0.001032 0.999995
1341845821.019783 -0.001898 0.000111 -0.001383 -0.002949 -0.001405 -0.001242 0.999994
1341845821.055706 -0.003446 0.000003 -0.001588 -0.002314 -0.001711 0.000044 0.999996
1341845821.087831 -0.002375 -0.001952 -0.001120 -0.001525 -0.003389 0.002695 0.999989
1341845821.119871 0.005097 -0.000850 -0.001043 0.000589 -0.003229 0.004892 0.999983
1341845821.155881 0.003727 0.002154 -0.001686 0.000807 -0.000076 0.005752 0.999983
1341845821.188556 0.001457 -0.001502 0.000557 0.000372 0.001977 0.007829 0.999967
1341845821.223751 0.002971 -0.004971 0.000777 0.003141 0.002167 0.010036 0.999942
1341845821.256005 0.006389 0.002456 -0.004059 0.004645 0.003266 0.009538 0.999938
1341845821.287883 0.007351 -0.000067 -0.001958 0.002600 0.005722 0.008215 0.999946
1341845821.323879 0.010037 -0.003743 -0.001530 0.002507 0.007593 0.006897 0.999944
1341845821.355690 0.007404 -0.001024 -0.001026 0.003580 0.010185 0.007021 0.999917
1341845821.388161 0.006384 -0.003245 -0.000804 0.003363 0.010834 0.008694 0.999898
1341845821.424470 0.012686 -0.006037 -0.000823 0.004835 0.011450 0.009441 0.999878
1341845821.455778 0.009114 -0.001724 -0.000975 0.005555 0.014447 0.008333 0.999845
1341845821.488014 0.006420 -0.005410 0.000948 0.005014 0.015674 0.008507 0.999828
1341845821.524370 0.009425 -0.007987 0.001025 0.006584 0.016018 0.009310 0.999807
1341845821.555644 0.006782 -0.005932 0.000536 0.008397 0.017691 0.008830 0.999769
1341845821.587677 0.003092 -0.002853 -0.001405 0.008652 0.017845 0.007915 0.999772
1341845821.623761 0.004509 -0.004927 -0.001447 0.007906 0.016918 0.007225 0.999800
1341845821.655725 0.005741 -0.003486 -0.002788 0.007948 0.016756 0.006160 0.999809
1341845821.691884 0.003994 -0.003052 -0.003326 0.006920 0.016955 0.005192 0.999819
1341845821.724228 0.002134 -0.006976 -0.002187 0.006458 0.016297 0.005464 0.999831
1341845821.755681 0.001618 -0.006383 -0.002014 0.007441 0.015195 0.006415 0.999836
1341845821.791636 0.003801 -0.007918 -0.001010 0.008248 0.014363 0.006769 0.999840
1341845821.823697 0.004422 -0.004981 -0.002680 0.009172 0.014941 0.005349 0.999832
1341845821.855574 0.002264 -0.005898 -0.002381 0.008098 0.015966 0.003705 0.999833
1341845821.891741 0.000913 -0.010147 -0.001567 0.008230 0.015812 0.003616 0.999835
1341845821.923730 0.003179 -0.009453 -0.002180 0.009861 0.015583 0.004371 0.999820
1341845821.955750 0.001392 -0.007252 -0.003722 0.010769 0.016171 0.004265 0.999802
1341845821.991786 0.001942 -0.006373 -0.003407 0.010257 0.016472 0.003508 0.999806
1341845822.023863 -0.001721 -0.009406 -0.002027 0.009897 0.017386 0.003179 0.999795
1341845822.059759 -0.003639 -0.006624 -0.002466 0.010131 0.017505 0.003221 0.999790
1341845822.091719 -0.002616 -0.012480 -0.001056 0.009471 0.017566 0.003334 0.999795
1341845822.123689 -0.002969 -0.012462 -0.001800 0.011328 0.018502 0.002978 0.999760
1341845822.185916 -0.013599 -0.012893 -0.002024 0.010407 0.019388 0.003506 0.999752
1341845822.221838 -0.014225 -0.012726 -0.002362 0.012170 0.017660 0.004500 0.999760
1341845822.254004 -0.016766 -0.007828 -0.002906 0.012130 0.017130 0.004132 0.999771
1341845822.289876 -0.020347 -0.013463 -0.000386 0.010743 0.016679 0.003091 0.999798
1341845822.321804 -0.021623 -0.013890 0.000628 0.011723 0.016204 0.002047 0.999798
1341845822.353784 -0.024598 -0.013863 0.000883 0.012398 0.016408 0.001671 0.999787
1341845822.391662 -0.028389 -0.015138 0.001516 0.013162 0.017077 0.001621 0.999766
1341845822.428074 -0.034745 -0.013302 0.000577 0.013821 0.017338 0.001552 0.999753
1341845822.459970 -0.037931 -0.012962 0.001099 0.013260 0.016762 0.001711 0.999770
1341845822.495728 -0.042422 -0.015615 0.002420 0.013027 0.016474 0.001674 0.999778
1341845822.527724 -0.047668 -0.013499 0.001526 0.013334 0.016168 0.001673 0.999779
1341845822.559648 -0.051055 -0.012912 0.002584 0.012292 0.015301 0.002692 0.999804
1341845822.595852 -0.052521 -0.015185 0.003783 0.011941 0.015002 0.002895 0.999812
1341845822.627724 -0.059018 -0.012027 0.003774 0.011480 0.015880 0.002900 0.999804
1341845822.663716 -0.069219 -0.020403 0.008386 0.010636 0.015365 0.006249 0.999806
1341845822.695601 -0.067573 -0.022950 0.007106 0.014710 0.012188 0.009913 0.999768
1341845822.731816 -0.069385 -0.018326 0.006194 0.017302 0.011869 0.010733 0.999722
1341845822.789911 -0.076263 -0.018544 0.005929 0.018188 0.012836 0.010497 0.999697
1341845822.825897 -0.083611 -0.019295 0.006880 0.017253 0.014434 0.010384 0.999693
1341845822.859721 -0.091197 -0.025405 0.008845 0.017694 0.014200 0.012348 0.999666
1341845822.889712 -0.094502 -0.025749 0.007755 0.019995 0.012621 0.013955 0.999623
1341845822.925900 -0.094439 -0.024173 0.007180 0.021045 0.011427 0.013469 0.999622
1341845822.957708 -0.095203 -0.025634 0.007906 0.021141 0.011934 0.011869 0.999635
1341845822.989939 -0.101412 -0.027866 0.008602 0.022167 0.012739 0.011282 0.999609
1341845823.025889 -0.102287 -0.028255 0.008982 0.024200 0.012300 0.011647 0.999564
1341845823.057775 -0.100396 -0.027791 0.008888 0.025652 0.013482 0.011527 0.999514
1341845823.093671 -0.106920 -0.027596 0.008984 0.026975 0.016420 0.011286 0.999438
1341845823.125951 -0.110760 -0.026452 0.008129 0.027861 0.017411 0.012284 0.999385
1341845823.157773 -0.113796 -0.028786 0.008804 0.028305 0.018806 0.012427 0.999345
1341845823.193885 -0.122156 -0.023195 0.006951 0.029134 0.019699 0.011642 0.999314
1341845823.225800 -0.126355 -0.023856 0.007972 0.027174 0.018336 0.011393 0.999398
1341845823.261842 -0.126733 -0.025941 0.008607 0.026696 0.016884 0.010896 0.999442
1341845823.293622 -0.129437 -0.018959 0.006293 0.026062 0.017124 0.009720 0.999466
1341845823.325746 -0.128418 -0.022091 0.007327 0.022259 0.018923 0.009720 0.999526
1341845823.361852 -0.130929 -0.028736 0.010231 0.022198 0.022450 0.010840 0.999443
1341845823.394013 -0.137341 -0.028433 0.010081 0.024629 0.025639 0.013793 0.999273
1341845823.426028 -0.148404 -0.029773 0.009904 0.025728 0.027844 0.016482 0.999145
1341845823.461869 -0.152101 -0.031697 0.008158 0.026295 0.027093 0.017642 0.999131
1341845823.493758 -0.150826 -0.032257 0.007275 0.026512 0.027626 0.017887 0.999107
1341845823.529780 -0.160053 -0.034102 0.007397 0.026439 0.030145 0.018149 0.999031
1341845823.561916 -0.170759 -0.036593 0.006881 0.026534 0.029613 0.018788 0.999033
1341845823.593678 -0.173811 -0.036666 0.007615 0.026936 0.026485 0.020452 0.999077
1341845823.629815 -0.170757 -0.036279 0.008048 0.026699 0.026079 0.020798 0.999087
1341845823.661750 -0.181502 -0.039101 0.009541 0.025925 0.027977 0.020115 0.999070
1341845823.695523 -0.192335 -0.048347 0.013502 0.026938 0.026557 0.021604 0.999051
1341845823.729635 -0.193032 -0.047686 0.012277 0.031122 0.023279 0.023280 0.998973
1341845823.761810 -0.197981 -0.045934 0.010833 0.033549 0.021656 0.023687 0.998922
1341845823.797871 -0.204264 -0.045006 0.009368 0.033792 0.018690 0.022560 0.998999
1341845823.829660 -0.206328 -0.048349 0.011324 0.032999 0.014889 0.020537 0.999133
1341845823.861808 -0.214330 -0.050706 0.012610 0.033697 0.012237 0.018388 0.999188
1341845823.929826 -0.220077 -0.052120 0.010398 0.033769 0.005045 0.015109 0.999303
1341845823.961797 -0.226529 -0.050019 0.008421 0.032590 0.004547 0.011450 0.999393
1341845823.998070 -0.232095 -0.055524 0.014414 0.031009 0.004437 0.009618 0.999463
1341845824.029656 -0.237044 -0.055008 0.011788 0.031971 0.004411 0.010834 0.999420
1341845824.065768 -0.234777 -0.054880 0.009989 0.031929 0.005775 0.013427 0.999383
1341845824.097956 -0.216421 -0.046816 0.001970 0.031191 0.008815 0.013138 0.999388
1341845824.130299 -0.240153 -0.047768 0.007722 0.025483 0.030020 0.012482 0.999146
1341845824.165751 -0.237189 -0.047028 0.002546 0.020221 0.039470 0.014352 0.998913
1341845824.197930 -0.253839 -0.061879 0.017388 0.017071 0.044296 0.013229 0.998785
1341845824.229907 -0.261945 -0.064692 0.013992 0.021398 0.044904 0.013715 0.998668
1341845824.265800 -0.283690 -0.064830 0.010185 0.024047 0.043090 0.013969 0.998684
1341845824.298080 -0.282984 -0.066091 0.011186 0.025100 0.034713 0.014085 0.998983
1341845824.333783 -0.279603 -0.071791 0.018462 0.027219 0.030560 0.013751 0.999068
1341845824.365821 -0.284600 -0.068680 0.003554 0.029881 0.031045 0.012972 0.998987
1341845824.398039 -0.293545 -0.068276 -0.000285 0.029145 0.030793 0.011403 0.999036
1341845824.433843 -0.305384 -0.071775 0.005684 0.028609 0.028650 0.011826 0.999110
1341845824.465921 -0.314129 -0.074112 0.003565 0.029859 0.025733 0.016355 0.999089
1341845824.501802 -0.318951 -0.068697 0.000894 0.030123 0.023866 0.021302 0.999034
1341845824.533723 -0.325484 -0.069523 -0.000304 0.028061 0.021666 0.025375 0.999049
1341845824.565735 -0.330288 -0.071892 0.002508 0.025828 0.018881 0.028604 0.999079
1341845824.601758 -0.335502 -0.073428 0.004110 0.025502 0.017075 0.032285 0.999007
1341845824.633861 -0.341420 -0.072518 0.001739 0.025030 0.015471 0.036154 0.998913
1341845824.665789 -0.346263 -0.075136 0.002074 0.024506 0.013467 0.039334 0.998835
1341845824.701769 -0.354370 -0.076581 0.004304 0.025037 0.011037 0.041326 0.998771
1341845824.733585 -0.355400 -0.075490 0.001686 0.026583 0.008256 0.043056 0.998685
1341845824.769643 -0.363351 -0.064854 -0.006648 0.025946 0.007471 0.043618 0.998683
1341845824.801632 -0.369434 -0.074528 0.000685 0.021029 0.004026 0.043127 0.998840
1341845824.833654 -0.371181 -0.085281 0.005289 0.021672 0.001604 0.042500 0.998860
1341845824.869926 -0.374848 -0.077958 -0.000715 0.026329 0.001577 0.044101 0.998679
1341845824.902071 -0.382502 -0.075920 -0.004354 0.025349 0.001090 0.043327 0.998739
1341845824.933752 -0.383028 -0.083927 -0.002445 0.024844 0.000524 0.040622 0.998866
1341845824.969855 -0.385064 -0.077868 -0.007088 0.025861 0.002067 0.039105 0.998898
1341845825.001907 -0.388833 -0.078986 -0.006771 0.024119 0.005177 0.038856 0.998940
1341845825.037975 -0.398413 -0.084121 -0.002536 0.023178 0.008790 0.037456 0.998991
1341845825.075793 -0.408793 -0.094070 -0.000583 0.024914 0.008490 0.038519 0.998911
1341845825.107881 -0.408354 -0.093931 -0.000014 0.030434 0.008066 0.040142 0.998698
1341845825.143675 -0.410121 -0.090756 -0.003620 0.033925 0.009965 0.039036 0.998612
1341845825.175707 -0.416070 -0.093223 -0.005294 0.034087 0.011500 0.035754 0.998713
1341845825.211865 -0.419733 -0.088785 -0.006579 0.035953 0.011849 0.035474 0.998653
1341845825.243814 -0.420418 -0.098889 -0.004831 0.036870 0.013353 0.037108 0.998542
1341845825.275795 -0.431128 -0.090963 -0.007486 0.040149 0.015513 0.036613 0.998402
1341845825.311665 -0.440483 -0.094522 -0.009076 0.040610 0.014495 0.038140 0.998342
1341845825.343650 -0.441078 -0.088181 -0.014338 0.041087 0.012568 0.039648 0.998290
1341845825.379771 -0.446803 -0.093565 -0.007607 0.038187 0.012736 0.040541 0.998367
1341845825.411924 -0.452032 -0.091564 -0.011559 0.039467 0.011446 0.042071 0.998269
1341845825.443786 -0.459439 -0.085138 -0.009721 0.035790 0.009281 0.043027 0.998390
1341845825.480278 -0.465696 -0.092169 -0.012212 0.032289 0.005530 0.045541 0.998425
1341845825.511636 -0.468430 -0.088589 -0.012938 0.031353 0.001830 0.046925 0.998405
1341845825.547911 -0.472350 -0.088814 -0.012112 0.028996 -0.000366 0.048546 0.998400
1341845825.579744 -0.471921 -0.091036 -0.004241 0.028259 -0.001939 0.052745 0.998206
1341845825.611784 -0.478580 -0.092614 -0.003149 0.029822 -0.002879 0.055486 0.998010
1341845825.648004 -0.472803 -0.090504 -0.001599 0.030919 -0.003832 0.054165 0.998046
1341845825.679708 -0.482420 -0.092360 -0.003279 0.032294 -0.000573 0.053233 0.998060
1341845825.711937 -0.491712 -0.089235 -0.005470 0.032898 -0.003058 0.052803 0.998058
1341845825.747617 -0.489473 -0.086476 -0.009409 0.031659 -0.005879 0.050952 0.998182
1341845825.779688 -0.497490 -0.086875 -0.006795 0.028716 -0.007701 0.047956 0.998407
1341845825.815954 -0.500225 -0.087735 -0.005457 0.026177 -0.010132 0.045185 0.998584
1341845825.847829 -0.507898 -0.088210 -0.004243 0.024545 -0.010681 0.043101 0.998712
1341845825.879767 -0.512853 -0.091251 -0.000881 0.023894 -0.013465 0.044350 0.998639
1341845825.915646 -0.511645 -0.089662 -0.006258 0.024108 -0.014941 0.045454 0.998564
1341845825.947881 -0.519161 -0.088407 -0.005881 0.023417 -0.014306 0.046214 0.998555
1341845825.979700 -0.522264 -0.089933 -0.003524 0.022914 -0.015876 0.049466 0.998387
1341845826.015845 -0.523828 -0.088282 -0.008322 0.022810 -0.017094 0.050300 0.998327
1341845826.047945 -0.524618 -0.091642 -0.002747 0.022257 -0.017450 0.050046 0.998346
1341845826.079731 -0.532787 -0.087916 -0.005471 0.023955 -0.017731 0.052069 0.998199
1341845826.115655 -0.529369 -0.091191 -0.002133 0.023343 -0.020564 0.052717 0.998125
1341845826.147949 -0.528727 -0.089325 -0.009463 0.023901 -0.019827 0.047401 0.998393
1341845826.183767 -0.533138 -0.087696 -0.009631 0.022671 -0.019432 0.042854 0.998635
1341845826.215780 -0.535298 -0.088306 -0.009263 0.021493 -0.020494 0.043032 0.998632
1341845826.247732 -0.538864 -0.086504 -0.008828 0.021528 -0.021022 0.047861 0.998401
1341845826.283763 -0.544469 -0.087360 -0.006769 0.020561 -0.023253 0.052454 0.998141
1341845826.315658 -0.540583 -0.088079 -0.006400 0.020312 -0.027136 0.054124 0.997959
1341845826.347773 -0.544229 -0.087410 -0.010790 0.019283 -0.028510 0.053930 0.997951
1341845826.383718 -0.546226 -0.090821 -0.008164 0.017871 -0.031268 0.055037 0.997835
1341845826.415712 -0.548483 -0.093828 -0.005271 0.017755 -0.033754 0.056765 0.997659
1341845826.447806 -0.548011 -0.094088 -0.007922 0.018838 -0.036048 0.056045 0.997599
1341845826.483677 -0.548943 -0.092193 -0.011025 0.018684 -0.036489 0.056726 0.997548
1341845826.515677 -0.551666 -0.094377 -0.011343 0.018231 -0.037675 0.059876 0.997328
1341845826.551684 -0.549680 -0.094299 -0.016044 0.016605 -0.038249 0.057891 0.997452
1341845826.583716 -0.553580 -0.093487 -0.013981 0.015306 -0.037189 0.056083 0.997616
1341845826.615875 -0.555581 -0.093316 -0.011137 0.014320 -0.040092 0.059678 0.997309
1341845826.651722 -0.552393 -0.093028 -0.015204 0.014273 -0.040790 0.063218 0.997064
1341845826.683753 -0.555674 -0.089332 -0.017376 0.011113 -0.041059 0.059179 0.997341
1341845826.715643 -0.554637 -0.088334 -0.017453 0.007488 -0.042204 0.057141 0.997446
1341845826.751884 -0.557534 -0.084277 -0.015745 0.004504 -0.041345 0.059461 0.997364
1341845826.783713 -0.557602 -0.084132 -0.013983 0.001336 -0.042950 0.060524 0.997241
1341845826.819713 -0.548187 -0.080893 -0.016593 -0.002854 -0.041739 0.057823 0.997450
1341845826.851701 -0.557006 -0.078489 -0.009455 -0.006990 -0.037785 0.058080 0.997572
1341845826.884460 -0.558393 -0.078838 -0.006886 -0.007944 -0.039630 0.063318 0.997175
1341845826.945792 -0.555090 -0.067989 -0.009077 -0.019194 -0.032235 0.053501 0.997863
1341845826.981873 -0.561364 -0.070972 -0.002824 -0.022028 -0.033279 0.058778 0.997473
1341845827.013745 -0.553623 -0.061149 -0.003929 -0.022264 -0.034900 0.066224 0.996946
1341845827.045694 -0.548065 -0.052518 -0.011008 -0.028680 -0.030547 0.065535 0.996970
1341845827.082458 -0.553632 -0.065054 -0.015774 -0.036714 -0.027559 0.062760 0.996972
1341845827.113645 -0.555328 -0.068195 -0.009873 -0.036511 -0.030389 0.066845 0.996632
1341845827.145773 -0.547879 -0.050786 -0.003480 -0.037006 -0.029415 0.065375 0.996740
1341845827.182474 -0.548133 -0.051542 -0.007932 -0.042225 -0.025673 0.059410 0.997010
1341845827.213974 -0.548899 -0.063208 -0.006282 -0.041653 -0.026031 0.060937 0.996932
1341845827.251751 -0.547559 -0.056821 -0.000626 -0.037585 -0.025698 0.065010 0.996845
1341845827.313888 -0.551397 -0.062832 0.006214 -0.047311 -0.018685 0.061890 0.996786
1341845827.349700 -0.549284 -0.063519 0.001381 -0.042681 -0.021501 0.067627 0.996565
1341845827.381963 -0.543934 -0.054912 0.006980 -0.041853 -0.021601 0.066298 0.996688
1341845827.413850 -0.543601 -0.058930 0.006437 -0.043919 -0.019242 0.061579 0.996950
1341845827.449725 -0.542177 -0.062273 -0.000253 -0.042541 -0.019359 0.061119 0.997036
1341845827.488394 -0.546131 -0.067011 0.011625 -0.039668 -0.020914 0.062160 0.997058
1341845827.555964 -0.541422 -0.064557 0.007558 -0.037453 -0.019298 0.059868 0.997317
1341845827.623688 -0.533940 -0.065101 0.008998 -0.033405 -0.020288 0.065099 0.997113
1341845827.656212 -0.531908 -0.058555 0.009671 -0.035132 -0.019038 0.059215 0.997445
1341845827.687624 -0.526145 -0.064167 0.012036 -0.039132 -0.017076 0.053684 0.997645
1341845827.723697 -0.525658 -0.069865 0.016580 -0.038138 -0.014857 0.056996 0.997535
1341845827.755778 -0.522767 -0.067361 0.012458 -0.036243 -0.014152 0.060473 0.997411
1341845827.791657 -0.514433 -0.067234 0.011968 -0.036481 -0.011590 0.059135 0.997516
1341845827.823845 -0.516422 -0.069412 0.017529 -0.036919 -0.007554 0.058120 0.997598
1341845827.855606 -0.511299 -0.073119 0.020395 -0.035108 -0.006874 0.060715 0.997514
1341845827.891685 -0.503133 -0.071837 0.018305 -0.032467 -0.004142 0.062230 0.997525
1341845827.923824 -0.501189 -0.068775 0.015849 -0.031513 0.000403 0.060756 0.997655
1341845827.959777 -0.498791 -0.070171 0.022042 -0.031331 0.002970 0.061733 0.997596
1341845827.991672 -0.490467 -0.067790 0.016236 -0.029692 0.004829 0.063273 0.997543
1341845828.023726 -0.484624 -0.065603 0.016798 -0.031233 0.008713 0.062718 0.997504
1341845828.059622 -0.481647 -0.066818 0.021129 -0.032089 0.012044 0.062741 0.997441
1341845828.091720 -0.478924 -0.066136 0.022951 -0.031815 0.014031 0.063174 0.997397
1341845828.127612 -0.474493 -0.063362 0.020629 -0.031911 0.015471 0.064124 0.997312
1341845828.159638 -0.468009 -0.062960 0.023934 -0.033122 0.017333 0.063649 0.997272
1341845828.191711 -0.465187 -0.064672 0.030347 -0.033044 0.019702 0.061377 0.997373
1341845828.227644 -0.459830 -0.061365 0.028541 -0.031420 0.021120 0.062117 0.997351
1341845828.259785 -0.458200 -0.061050 0.031657 -0.031118 0.023929 0.064985 0.997114
1341845828.291687 -0.451895 -0.061742 0.033925 -0.029746 0.025025 0.067232 0.996980
1341845828.327803 -0.447076 -0.057783 0.028860 -0.028762 0.026747 0.066671 0.997002
1341845828.359694 -0.442135 -0.056196 0.031798 -0.029783 0.028410 0.066591 0.996931
1341845828.395928 -0.436451 -0.057109 0.034086 -0.029542 0.030770 0.068032 0.996771
1341845828.427803 -0.433606 -0.055400 0.034713 -0.029461 0.032180 0.067730 0.996749
1341845828.459660 -0.426042 -0.056074 0.037687 -0.029254 0.033074 0.068034 0.996705
1341845828.495761 -0.420933 -0.052315 0.033742 -0.027952 0.035087 0.069775 0.996554
1341845828.527686 -0.419597 -0.048846 0.034703 -0.029879 0.036712 0.068188 0.996549
1341845828.595750 -0.409139 -0.050573 0.038019 -0.030233 0.038936 0.068249 0.996450
1341845828.654055 -0.397962 -0.049956 0.040987 -0.032400 0.041928 0.068584 0.996237
1341845828.689681 -0.397509 -0.048503 0.038757 -0.031026 0.043464 0.068701 0.996207
1341845828.721870 -0.394631 -0.045228 0.036799 -0.031294 0.043629 0.069410 0.996142
1341845828.757706 -0.388360 -0.046352 0.038469 -0.031890 0.044232 0.071429 0.995954
1341845828.789650 -0.389063 -0.046897 0.038437 -0.031051 0.044764 0.074897 0.995702
1341845828.821914 -0.383185 -0.043893 0.036357 -0.030674 0.043119 0.076381 0.995674
1341845828.857781 -0.377357 -0.043272 0.037258 -0.031590 0.042493 0.077193 0.995609
1341845828.889770 -0.374009 -0.044081 0.037437 -0.031711 0.042347 0.078099 0.995541
1341845828.931671 -0.373309 -0.043151 0.037835 -0.031596 0.041492 0.077534 0.995625
1341845828.989696 -0.361568 -0.044271 0.036200 -0.029786 0.038144 0.076694 0.995879
1341845829.025626 -0.355564 -0.038913 0.033527 -0.029244 0.036678 0.075128 0.996070
1341845829.063840 -0.346523 -0.039055 0.033412 -0.030288 0.036175 0.073356 0.996189
1341845829.089737 -0.344636 -0.037449 0.031780 -0.030162 0.037113 0.073794 0.996126
1341845829.125754 -0.336884 -0.038128 0.031854 -0.030697 0.036282 0.073847 0.996136
1341845829.158048 -0.323970 -0.038314 0.031245 -0.030204 0.036835 0.073763 0.996137
1341845829.193669 -0.322318 -0.042187 0.032886 -0.028537 0.038695 0.075981 0.995949
1341845829.225742 -0.316937 -0.042617 0.030839 -0.025052 0.038313 0.077610 0.995932
1341845829.257763 -0.312106 -0.041142 0.029326 -0.022311 0.037747 0.077570 0.996022
1341845829.293851 -0.305264 -0.040754 0.026889 -0.019945 0.036964 0.076363 0.996195
1341845829.325861 -0.304107 -0.044635 0.027072 -0.018067 0.036339 0.075600 0.996312
1341845829.357901 -0.298090 -0.044292 0.025398 -0.014889 0.033295 0.075201 0.996501
1341845829.393704 -0.288939 -0.039870 0.022439 -0.012733 0.031537 0.073284 0.996731
1341845829.425831 -0.286326 -0.036095 0.020542 -0.012525 0.030409 0.071274 0.996914
1341845829.461720 -0.280999 -0.045759 0.026038 -0.013252 0.028458 0.071765 0.996927
1341845829.493662 -0.276419 -0.045105 0.021000 -0.007321 0.026210 0.074937 0.996817
1341845829.525846 -0.268761 -0.033169 0.015823 -0.005688 0.023659 0.073144 0.997024
1341845829.561864 -0.259699 -0.031665 0.014529 -0.008478 0.023556 0.070395 0.997205
1341845829.593763 -0.255834 -0.043277 0.017681 -0.010454 0.024561 0.071069 0.997114
1341845829.625785 -0.255209 -0.043439 0.015524 -0.004701 0.023298 0.073407 0.997019
1341845829.661787 -0.246364 -0.032789 0.012247 -0.001979 0.020625 0.072481 0.997155
1341845829.693835 -0.233821 -0.026851 0.010303 -0.005087 0.021439 0.067610 0.997468
1341845829.729747 -0.238907 -0.039510 0.015974 -0.008568 0.023786 0.064023 0.997628
1341845829.761817 -0.245140 -0.042346 0.014811 -0.004149 0.019252 0.064027 0.997754
1341845829.793840 -0.226194 -0.034833 0.013295 -0.000956 0.012738 0.063379 0.997908
1341845829.829803 -0.218411 -0.031580 0.011027 -0.000339 0.013517 0.059318 0.998148
1341845829.861640 -0.232868 -0.032540 0.007257 -0.001520 0.013403 0.057424 0.998259
1341845829.897840 -0.212018 -0.039359 0.014980 0.000090 0.005522 0.061219 0.998109
1341845829.929703 -0.199512 -0.030026 0.008267 0.003835 0.005572 0.061883 0.998061
1341845829.962023 -0.206872 -0.028581 0.009266 0.001941 0.007810 0.062351 0.998022
1341845829.997954 -0.200391 -0.045311 0.012009 0.003129 0.003240 0.064459 0.997910
1341845830.029819 -0.184369 -0.034463 0.010049 0.010637 0.001846 0.064591 0.997853
1341845830.061836 -0.186734 -0.022659 0.000221 0.011622 0.004197 0.064114 0.997866
1341845830.097885 -0.179919 -0.032892 0.008800 0.008906 0.004271 0.064411 0.997875
1341845830.129668 -0.174394 -0.038407 0.012084 0.014519 0.004633 0.066858 0.997646
1341845830.165590 -0.186156 -0.026432 0.002730 0.018190 0.004197 0.067947 0.997514
1341845830.197779 -0.169667 -0.030837 0.006309 0.016723 -0.002542 0.073363 0.997162
1341845830.229883 -0.154931 -0.027778 0.002756 0.018829 -0.002526 0.073485 0.997115
1341845830.265730 -0.161392 -0.025935 -0.005490 0.017036 -0.000634 0.073774 0.997129
1341845830.297873 -0.154307 -0.031484 0.004407 0.017075 -0.004537 0.077714 0.996819
1341845830.329863 -0.142018 -0.027588 0.003018 0.020045 -0.006180 0.078776 0.996672
1341845830.365740 -0.144842 -0.022541 -0.001342 0.019864 -0.005534 0.078226 0.996722
1341845830.397779 -0.133270 -0.023496 0.002962 0.018795 -0.008687 0.077163 0.996803
1341845830.433725 -0.118028 -0.024182 0.005677 0.019342 -0.008563 0.074562 0.996992
1341845830.465762 -0.122014 -0.021871 0.002761 0.020459 -0.006703 0.073600 0.997055
1341845830.507859 -0.110818 -0.025258 0.004618 0.021670 -0.010067 0.075735 0.996842
1341845830.565943 -0.091119 -0.018950 -0.007206 0.022980 -0.004752 0.073866 0.996992
1341845830.597841 -0.090440 -0.024166 -0.006115 0.021985 -0.005711 0.076184 0.996835
1341845830.633627 -0.070154 -0.022482 -0.002478 0.024143 -0.007456 0.077330 0.996685
1341845830.665700 -0.067630 -0.017843 -0.008805 0.024570 -0.004988 0.075791 0.996808
1341845830.701788 -0.059238 -0.018383 -0.007843 0.023366 -0.004772 0.074694 0.996921
1341845830.733901 -0.051068 -0.015895 -0.008744 0.021920 -0.002652 0.070091 0.997296
1341845830.765759 -0.045725 -0.015965 -0.009502 0.019705 -0.000691 0.066843 0.997569
1341845830.801839 -0.036580 -0.018832 -0.005292 0.018954 0.001702 0.065622 0.997663
1341845830.833774 -0.034270 -0.019651 -0.007393 0.020717 0.004200 0.064589 0.997688
1341845830.865751 -0.028930 -0.014866 -0.010853 0.021291 0.004671 0.062844 0.997785
1341845830.901883 -0.018761 -0.015188 -0.007827 0.019532 0.006795 0.059771 0.997998
1341845830.933811 -0.018666 -0.020257 -0.008383 0.020000 0.008914 0.059220 0.998005
1341845830.969705 -0.016798 -0.015989 -0.013118 0.021486 0.008416 0.057884 0.998057
1341845831.001855 -0.009598 -0.013024 -0.013435 0.020057 0.007817 0.054945 0.998257
1341845831.033886 -0.001315 -0.015372 -0.010117 0.018822 0.008685 0.052319 0.998415
1341845831.069727 0.001388 -0.016069 -0.009859 0.019441 0.009910 0.051706 0.998424
1341845831.101853 0.007104 -0.013118 -0.011780 0.020182 0.009631 0.052053 0.998394
1341845831.137817 0.018968 -0.009796 -0.014703 0.019105 0.010724 0.050592 0.998479
1341845831.169942 0.018317 -0.013064 -0.012153 0.017954 0.013061 0.049406 0.998532
1341845831.201715 0.023843 -0.018164 -0.012099 0.019430 0.012036 0.051863 0.998393
1341845831.237723 0.031053 -0.011883 -0.014401 0.022269 0.011678 0.052100 0.998325
1341845831.269903 0.030853 -0.010945 -0.016978 0.021662 0.012020 0.051172 0.998383
1341845831.301755 0.030307 -0.014128 -0.017642 0.020864 0.009439 0.050944 0.998439
1341845831.337779 0.039211 -0.015733 -0.016971 0.021804 0.005049 0.050919 0.998452
1341845831.369742 0.046477 -0.013291 -0.018847 0.022873 0.001651 0.050250 0.998473
1341845831.405710 0.062461 -0.008164 -0.021532 0.021905 0.000063 0.048227 0.998596
1341845831.437646 0.069332 -0.010967 -0.019572 0.020300 0.001981 0.046227 0.998723
1341845831.469752 0.069896 -0.015497 -0.020348 0.021112 0.002243 0.047212 0.998659
1341845831.505745 0.080624 -0.009453 -0.022704 0.022015 0.000558 0.046171 0.998691
1341845831.537844 0.091416 -0.006182 -0.023967 0.018629 0.003140 0.042264 0.998928
1341845831.569610 0.090366 -0.009848 -0.021822 0.015775 0.006332 0.041301 0.999002
1341845831.605848 0.096175 -0.011268 -0.020802 0.015760 0.005923 0.042933 0.998936
1341845831.637789 0.103132 -0.001876 -0.023513 0.014895 0.006857 0.041768 0.998993
1341845831.673597 0.115262 0.000034 -0.022227 0.009082 0.009316 0.040480 0.999096
1341845831.705652 0.116130 -0.006304 -0.019565 0.005979 0.014467 0.042574 0.998971
1341845831.737705 0.118749 -0.005961 -0.020736 0.006384 0.016791 0.046873 0.998739
1341845831.773629 0.127213 -0.000642 -0.022880 0.006283 0.017460 0.049510 0.998601
1341845831.805810 0.134033 0.002916 -0.023852 0.003861 0.019657 0.049592 0.998569
1341845831.837719 0.134366 0.001707 -0.023234 0.000786 0.020973 0.050787 0.998489
1341845831.873791 0.143698 0.002520 -0.021636 0.000013 0.019641 0.052392 0.998433
1341845831.905728 0.153072 0.008421 -0.020624 -0.002492 0.021219 0.050646 0.998488
1341845831.941628 0.158463 0.005158 -0.018257 -0.004524 0.022674 0.049933 0.998485
1341845831.973784 0.166931 0.006258 -0.016964 -0.004783 0.024136 0.049702 0.998461
1341845832.005729 0.173949 0.007364 -0.017614 -0.004546 0.025925 0.048668 0.998468
1341845832.041627 0.182876 0.012712 -0.020175 -0.005208 0.028383 0.046836 0.998486
1341845832.073865 0.183923 0.011312 -0.018798 -0.006968 0.031598 0.044920 0.998466
1341845832.109730 0.185743 0.007983 -0.018808 -0.006523 0.031399 0.046374 0.998409
1341845832.141683 0.199002 0.012051 -0.019215 -0.004484 0.029790 0.046865 0.998447
1341845832.173988 0.201472 0.017410 -0.023449 -0.005209 0.032212 0.044220 0.998489
1341845832.209956 0.200254 0.012554 -0.022095 -0.006322 0.031046 0.045312 0.998470
1341845832.241796 0.210506 0.016961 -0.023017 -0.005111 0.028160 0.045960 0.998533
1341845832.273776 0.220025 0.024030 -0.024802 -0.005938 0.028328 0.044159 0.998605
1341845832.309916 0.219374 0.024873 -0.025780 -0.009098 0.030253 0.042880 0.998581
1341845832.341687 0.223899 0.022951 -0.023369 -0.010925 0.028382 0.045090 0.998520
1341845832.377708 0.229429 0.028678 -0.023606 -0.011338 0.027350 0.045766 0.998513
1341845832.409802 0.231936 0.030003 -0.022913 -0.013447 0.026918 0.046431 0.998468
1341845832.442187 0.237415 0.029874 -0.022203 -0.014785 0.025972 0.046706 0.998462
1341845832.477743 0.242090 0.031751 -0.023664 -0.015677 0.025911 0.047078 0.998432
1341845832.509635 0.249272 0.033168 -0.024104 -0.016741 0.025443 0.048129 0.998377
1341845832.541586 0.256776 0.036618 -0.025187 -0.017380 0.025969 0.048912 0.998314
1341845832.577871 0.258559 0.036118 -0.028123 -0.017995 0.026418 0.050461 0.998214
1341845832.609738 0.264604 0.038659 -0.028079 -0.017883 0.025533 0.051177 0.998203
1341845832.645699 0.267298 0.042225 -0.029564 -0.018398 0.026567 0.050691 0.998191
1341845832.677817 0.268734 0.044406 -0.029775 -0.020665 0.026816 0.049952 0.998178
1341845832.710177 0.276910 0.043443 -0.025519 -0.022104 0.027019 0.051226 0.998077
1341845832.745710 0.280896 0.046934 -0.026518 -0.021777 0.028099 0.052919 0.997966
1341845832.777849 0.284768 0.050285 -0.026727 -0.022380 0.029603 0.054995 0.997797
1341845832.810110 0.290718 0.051802 -0.026958 -0.023575 0.030661 0.056156 0.997673
1341845832.845797 0.295424 0.053771 -0.027259 -0.025080 0.032481 0.056086 0.997582
1341845832.877696 0.299630 0.052487 -0.025178 -0.025738 0.033787 0.057555 0.997438
1341845832.913787 0.302268 0.054328 -0.028511 -0.025317 0.034169 0.058285 0.997394
1341845832.945664 0.309985 0.056711 -0.028264 -0.026791 0.035248 0.056451 0.997423
1341845832.978015 0.310371 0.054591 -0.027192 -0.027536 0.036355 0.057118 0.997325
1341845833.045857 0.325897 0.060481 -0.032125 -0.028556 0.036126 0.057342 0.997292
1341845833.077785 0.332383 0.060876 -0.031275 -0.030201 0.037630 0.056956 0.997210
1341845833.113636 0.342208 0.058653 -0.027692 -0.030264 0.038639 0.057424 0.997143
1341845833.145767 0.342907 0.064308 -0.037732 -0.030107 0.040986 0.056670 0.997097
1341845833.181891 0.352410 0.066489 -0.036824 -0.033964 0.042948 0.054615 0.997005
1341845833.213878 0.355145 0.061957 -0.037523 -0.035464 0.044691 0.055186 0.996845
1341845833.245714 0.361902 0.060255 -0.038336 -0.033863 0.042199 0.057640 0.996870
1341845833.281847 0.375302 0.059108 -0.041349 -0.030759 0.042214 0.058844 0.996900
1341845833.313771 0.379520 0.066736 -0.044192 -0.028000 0.044960 0.059136 0.996844
1341845833.349756 0.384311 0.068477 -0.046557 -0.029233 0.045840 0.059635 0.996739
1341845833.381840 0.401180 0.067618 -0.048702 -0.029938 0.046809 0.060139 0.996642
1341845833.414644 0.400434 0.068225 -0.057695 -0.030577 0.050353 0.058987 0.996519
1341845833.449819 0.404292 0.066459 -0.048048 -0.031413 0.049705 0.061021 0.996403
1341845833.488616 0.413288 0.066542 -0.049883 -0.030305 0.049071 0.060752 0.996485
1341845833.549835 0.415351 0.065760 -0.049590 -0.033945 0.050389 0.059686 0.996367
1341845833.581733 0.424084 0.065312 -0.041402 -0.030907 0.048022 0.061212 0.996490
1341845833.617817 0.418902 0.068935 -0.060729 -0.030117 0.048308 0.060787 0.996526
1341845833.649899 0.423285 0.068002 -0.057234 -0.033135 0.046824 0.060083 0.996544
1341845833.681671 0.432253 0.067333 -0.037528 -0.032495 0.046134 0.060929 0.996546
1341845833.717606 0.423940 0.071268 -0.050225 -0.030575 0.045664 0.062359 0.996540
1341845833.752940 0.431720 0.075551 -0.041886 -0.032686 0.042309 0.061765 0.996658
1341845833.817827 0.432421 0.074218 -0.041257 -0.035741 0.043519 0.060784 0.996561
1341845833.849860 0.438621 0.073447 -0.035387 -0.035714 0.041162 0.061914 0.996593
1341845833.885667 0.441778 0.075084 -0.037138 -0.034999 0.042608 0.060399 0.996650
1341845833.917724 0.436377 0.077092 -0.038506 -0.036984 0.044232 0.059103 0.996585
1341845833.949675 0.440853 0.071168 -0.034143 -0.037255 0.042735 0.060702 0.996545
1341845833.985662 0.442003 0.075015 -0.037075 -0.034791 0.044230 0.059564 0.996637
1341845834.018158 0.434024 0.077760 -0.039935 -0.037119 0.046140 0.057218 0.996604
1341845834.049769 0.434524 0.072644 -0.036992 -0.038774 0.044309 0.057029 0.996635
1341845834.085753 0.434228 0.074138 -0.037935 -0.038241 0.044389 0.054366 0.996801
1341845834.153871 0.427423 0.073462 -0.038070 -0.040169 0.046354 0.053858 0.996663
1341845834.185736 0.425183 0.072511 -0.037603 -0.041111 0.047097 0.051821 0.996698
1341845834.217802 0.416663 0.073515 -0.040237 -0.041683 0.048441 0.050201 0.996693
1341845834.253824 0.409320 0.076606 -0.040812 -0.045087 0.046871 0.048104 0.996723
1341845834.285756 0.408671 0.070593 -0.037432 -0.048184 0.044501 0.047563 0.996712
1341845834.321783 0.407988 0.065723 -0.032316 -0.046396 0.044192 0.048833 0.996750
1341845834.355135 0.403212 0.063485 -0.032133 -0.040824 0.044852 0.052444 0.996780
1341845834.385801 0.393921 0.068501 -0.038613 -0.037528 0.046070 0.051785 0.996889
1341845834.421748 0.386963 0.069073 -0.039728 -0.037949 0.047230 0.050103 0.996905
1341845834.453840 0.375388 0.067391 -0.041655 -0.038621 0.046627 0.048290 0.996997
1341845834.485639 0.373894 0.064054 -0.036810 -0.039152 0.044627 0.046533 0.997151
1341845834.521785 0.367756 0.064169 -0.038264 -0.038351 0.044856 0.045623 0.997214
1341845834.553727 0.358130 0.063917 -0.040211 -0.038810 0.045611 0.045064 0.997187
1341845834.589787 0.346978 0.060566 -0.031140 -0.038920 0.043962 0.045719 0.997227
1341845834.621791 0.344369 0.061635 -0.038233 -0.037055 0.041133 0.045946 0.997409
1341845834.653808 0.335317 0.065949 -0.040837 -0.038882 0.042195 0.041551 0.997487
1341845834.689847 0.325267 0.060336 -0.040853 -0.042542 0.042078 0.039134 0.997441
1341845834.721856 0.318444 0.055986 -0.029343 -0.042900 0.038796 0.039879 0.997529
1341845834.753919 0.316674 0.054424 -0.032923 -0.039877 0.036219 0.041042 0.997704
1341845834.789834 0.308337 0.056209 -0.038545 -0.039012 0.037206 0.039665 0.997758
1341845834.821826 0.294944 0.053763 -0.039491 -0.040505 0.037418 0.039400 0.997701
1341845834.857804 0.288111 0.052334 -0.036916 -0.040851 0.034406 0.039281 0.997800
1341845834.889796 0.282322 0.051714 -0.035222 -0.040893 0.032733 0.038036 0.997903
1341845834.921771 0.271304 0.048321 -0.032589 -0.040362 0.031786 0.038269 0.997946
1341845834.957942 0.263800 0.049388 -0.033703 -0.039116 0.028422 0.037686 0.998119
1341845834.989806 0.256695 0.047318 -0.031357 -0.038421 0.025675 0.037338 0.998234
1341845835.021804 0.248524 0.046805 -0.028967 -0.037189 0.023199 0.037821 0.998323
1341845835.058003 0.241269 0.044698 -0.028759 -0.035381 0.021233 0.038241 0.998416
1341845835.089820 0.227443 0.044534 -0.034280 -0.033978 0.019910 0.038799 0.998471
1341845835.125663 0.218071 0.046656 -0.037275 -0.033965 0.016747 0.039224 0.998513
1341845835.157750 0.212821 0.044422 -0.031051 -0.035426 0.013879 0.038334 0.998540
1341845835.189830 0.200460 0.034441 -0.022220 -0.034358 0.012282 0.039504 0.998553
1341845835.225912 0.192767 0.036403 -0.025487 -0.030355 0.009281 0.041627 0.998629
1341845835.258001 0.185668 0.041110 -0.030742 -0.029029 0.007538 0.040313 0.998737
1341845835.290164 0.171389 0.037550 -0.026901 -0.030387 0.006507 0.038462 0.998777
1341845835.325788 0.160958 0.032254 -0.021605 -0.029178 0.003735 0.038726 0.998817
1341845835.363902 0.158448 0.033969 -0.022302 -0.027326 0.001642 0.037673 0.998915
1341845835.431742 0.127169 0.031933 -0.028778 -0.027038 -0.002059 0.034887 0.999023
1341845835.493790 0.115362 0.026324 -0.018410 -0.024154 -0.006923 0.036365 0.999023
1341845835.527633 0.100127 0.027643 -0.027954 -0.023065 -0.008587 0.036312 0.999037
1341845835.561788 0.095748 0.028447 -0.028399 -0.023972 -0.013251 0.036191 0.998969
1341845835.594173 0.097835 0.025497 -0.023167 -0.025346 -0.014738 0.035357 0.998945
1341845835.625859 0.084287 0.018222 -0.018390 -0.023360 -0.013924 0.036069 0.998979
1341845835.661923 0.075183 0.019803 -0.021400 -0.018598 -0.017162 0.040242 0.998869
1341845835.693994 0.082218 0.021791 -0.021513 -0.015952 -0.019593 0.041388 0.998824
1341845835.725724 0.073326 0.020567 -0.020640 -0.014283 -0.016671 0.041545 0.998895
1341845835.761816 0.054755 0.015884 -0.024467 -0.011355 -0.017109 0.044344 0.998805
1341845835.793927 0.054453 0.021887 -0.025752 -0.008763 -0.019939 0.045963 0.998706
1341845835.829809 0.051579 0.022914 -0.024924 -0.009545 -0.019582 0.044791 0.998759
1341845835.868224 0.034785 0.014091 -0.026106 -0.009473 -0.018235 0.045975 0.998731
1341845835.903857 0.027141 0.015831 -0.028913 -0.006634 -0.021427 0.048879 0.998553
1341845835.935727 0.030991 0.018473 -0.029370 -0.005902 -0.023163 0.048789 0.998523
1341845835.967812 0.023692 0.014487 -0.024417 -0.005811 -0.020993 0.048240 0.998598
1341845836.003789 0.012185 0.009557 -0.026408 -0.002751 -0.021174 0.051685 0.998435
1341845836.035920 0.011447 0.014440 -0.025904 0.000342 -0.022196 0.051979 0.998401
1341845836.067671 0.004541 0.013045 -0.027736 0.000106 -0.020043 0.050470 0.998524
1341845836.104034 -0.009755 0.006585 -0.029906 0.001218 -0.019952 0.050766 0.998511
1341845836.135769 -0.017786 0.008684 -0.034758 0.003663 -0.023439 0.051438 0.998394
1341845836.172097 -0.018991 0.014409 -0.032825 0.003651 -0.026123 0.050026 0.998400
1341845836.203642 -0.021460 0.009071 -0.029729 0.001872 -0.025172 0.049454 0.998457
1341845836.235687 -0.037388 0.000881 -0.031182 0.003320 -0.024451 0.050602 0.998414
1341845836.271774 -0.043830 0.003835 -0.035835 0.006648 -0.028109 0.052964 0.998179
1341845836.303797 -0.041212 0.009091 -0.035920 0.007717 -0.030495 0.053874 0.998052
1341845836.335742 -0.042091 0.010377 -0.035502 0.006418 -0.029037 0.053987 0.998099
1341845836.372549 -0.052556 0.000078 -0.030976 0.007234 -0.026279 0.057188 0.997991
1341845836.403992 -0.055847 0.007070 -0.037285 0.011276 -0.025994 0.060513 0.997765
1341845836.435705 -0.054759 0.007516 -0.040165 0.011952 -0.024241 0.061822 0.997721
1341845836.471817 -0.064839 0.009847 -0.041919 0.012504 -0.020119 0.060974 0.997858
1341845836.503945 -0.078981 0.008029 -0.042474 0.012585 -0.019537 0.062607 0.997768
1341845836.539832 -0.078347 0.010070 -0.044340 0.013050 -0.021730 0.063261 0.997675
1341845836.571973 -0.078829 0.011441 -0.044502 0.012174 -0.021876 0.063026 0.997698
1341845836.604373 -0.085461 0.011964 -0.044751 0.010364 -0.021104 0.061369 0.997838
1341845836.639724 -0.087817 0.002719 -0.041587 0.008174 -0.021801 0.060536 0.997894
1341845836.672049 -0.086931 -0.004855 -0.041119 0.009693 -0.022300 0.059310 0.997943
1341845836.704020 -0.090583 -0.010551 -0.041457 0.011694 -0.021779 0.059203 0.997940
1341845836.739779 -0.091709 -0.030695 -0.041560 0.015037 -0.022260 0.060144 0.997828
1341845836.771652 -0.088982 -0.036246 -0.041301 0.023426 -0.021689 0.061516 0.997595
1341845836.803601 -0.093795 -0.031515 -0.042812 0.030487 -0.019880 0.063420 0.997323
1341845836.839643 -0.096191 -0.036437 -0.045726 0.033648 -0.021375 0.065264 0.997071
1341845836.871771 -0.092756 -0.044646 -0.041318 0.036240 -0.022773 0.065413 0.996940
1341845836.907663 -0.088141 -0.040352 -0.040891 0.038486 -0.021271 0.067687 0.996737
1341845836.939824 -0.095175 -0.052771 -0.041225 0.038255 -0.018953 0.070475 0.996600
1341845836.971802 -0.093314 -0.049228 -0.041492 0.041068 -0.020334 0.069980 0.996495
1341845837.007714 -0.080949 -0.042540 -0.044519 0.038623 -0.017847 0.070456 0.996607
1341845837.039752 -0.089812 -0.074165 -0.039149 0.031811 -0.011475 0.070513 0.996937
1341845837.071715 -0.090511 -0.089380 -0.039468 0.035187 -0.010993 0.070374 0.996839
1341845837.107691 -0.086367 -0.087075 -0.041245 0.037481 -0.010103 0.071961 0.996652
1341845837.139763 -0.080665 -0.104699 -0.036685 0.035950 -0.006929 0.071200 0.996790
1341845837.171636 -0.087439 -0.112678 -0.037293 0.039857 -0.004085 0.067157 0.996938
1341845837.207675 -0.097614 -0.109622 -0.041976 0.041030 -0.005147 0.062996 0.997157
1341845837.239749 -0.084338 -0.126640 -0.040292 0.037777 -0.007594 0.058294 0.997556
1341845837.275755 -0.083269 -0.142538 -0.037753 0.038413 -0.005426 0.054337 0.997769
1341845837.307686 -0.088979 -0.156844 -0.039260 0.042241 -0.005197 0.058553 0.997377
1341845837.339628 -0.084101 -0.165011 -0.038820 0.047079 -0.007926 0.059670 0.997076
1341845837.375710 -0.077408 -0.169548 -0.041917 0.051118 -0.007070 0.057593 0.997005
1341845837.407709 -0.077646 -0.158722 -0.046974 0.051903 -0.003763 0.053877 0.997191
1341845837.439656 -0.080072 -0.168660 -0.046232 0.045001 -0.001191 0.051562 0.997655
1341845837.475671 -0.072694 -0.191620 -0.045344 0.041061 -0.000403 0.049941 0.997908
1341845837.507973 -0.067800 -0.193288 -0.057302 0.041130 0.003425 0.049706 0.997911
1341845837.543708 -0.072727 -0.202272 -0.050008 0.036508 0.007817 0.046382 0.998226
1341845837.575706 -0.068856 -0.217149 -0.045994 0.034855 0.009182 0.043878 0.998386
1341845837.607609 -0.064351 -0.225908 -0.045730 0.035408 0.011351 0.042095 0.998421
1341845837.643704 -0.065275 -0.235521 -0.044942 0.036626 0.014245 0.039504 0.998446
1341845837.675706 -0.064433 -0.242664 -0.045231 0.039064 0.015843 0.037797 0.998396
1341845837.711803 -0.062942 -0.243465 -0.050334 0.040834 0.017761 0.036286 0.998349
1341845837.743935 -0.059788 -0.251642 -0.048201 0.040421 0.020185 0.034784 0.998373
1341845837.775698 -0.059079 -0.259629 -0.049827 0.042633 0.022699 0.034247 0.998246
1341845837.811909 -0.055564 -0.249358 -0.059761 0.044393 0.025281 0.033869 0.998120
1341845837.843915 -0.057859 -0.260423 -0.052589 0.040722 0.028233 0.031898 0.998262
1341845837.879790 -0.055673 -0.273049 -0.050457 0.041406 0.030282 0.031809 0.998177
1341845837.911946 -0.059144 -0.277672 -0.050653 0.045481 0.031263 0.034406 0.997883
1341845837.946188 -0.057682 -0.272204 -0.054840 0.048210 0.030753 0.035488 0.997733
1341845837.979709 -0.043825 -0.272267 -0.060127 0.047229 0.032241 0.033926 0.997787
1341845838.041927 -0.062660 -0.277344 -0.054053 0.040860 0.038476 0.028017 0.998031
1341845838.073905 -0.053502 -0.294709 -0.047542 0.039235 0.037094 0.027983 0.998149
1341845838.105792 -0.054811 -0.294514 -0.046043 0.042004 0.038403 0.029165 0.997953
1341845838.141667 -0.056335 -0.292481 -0.047905 0.042042 0.038696 0.028074 0.997971
1341845838.173678 -0.048815 -0.296494 -0.054957 0.038821 0.038765 0.023101 0.998227
1341845838.205767 -0.049559 -0.292700 -0.044684 0.034570 0.041091 0.017880 0.998397
1341845838.241893 -0.054342 -0.301076 -0.040695 0.027529 0.043974 0.015218 0.998537
1341845838.273791 -0.059443 -0.317900 -0.036975 0.024989 0.043471 0.013601 0.998649
1341845838.309852 -0.059845 -0.316370 -0.037096 0.026207 0.040921 0.013660 0.998725
1341845838.341805 -0.055351 -0.324105 -0.034925 0.025471 0.039077 0.017132 0.998765
1341845838.373872 -0.052245 -0.330196 -0.034623 0.026938 0.038965 0.018216 0.998711
1341845838.409713 -0.055176 -0.326211 -0.036117 0.027991 0.039044 0.019755 0.998650
1341845838.441818 -0.053169 -0.326545 -0.037941 0.025594 0.038289 0.021097 0.998716
1341845838.473754 -0.048202 -0.336878 -0.037579 0.022635 0.038193 0.019138 0.998831
1341845838.509713 -0.047585 -0.343341 -0.035168 0.021610 0.039478 0.017169 0.998839
1341845838.541649 -0.051548 -0.352227 -0.034693 0.021775 0.039608 0.017157 0.998831
1341845838.577804 -0.045994 -0.356984 -0.036243 0.024497 0.038867 0.014314 0.998842
1341845838.609807 -0.042065 -0.357864 -0.037861 0.026826 0.040490 0.011870 0.998749
1341845838.641690 -0.044560 -0.360649 -0.038807 0.028210 0.042782 0.011502 0.998620
1341845838.677850 -0.046394 -0.363023 -0.040097 0.028915 0.043247 0.010927 0.998586
1341845838.709635 -0.036291 -0.357081 -0.045054 0.029208 0.042724 0.009519 0.998615
1341845838.745913 -0.015787 -0.339181 -0.049913 0.026143 0.043761 0.007362 0.998673
1341845838.777723 -0.027552 -0.354548 -0.046519 0.019578 0.047120 0.005987 0.998679
1341845838.809656 -0.030986 -0.364357 -0.043925 0.016677 0.046054 0.004564 0.998789
1341845838.845874 -0.018301 -0.363821 -0.047206 0.017385 0.044388 0.005930 0.998845
1341845838.877695 -0.010349 -0.354915 -0.047587 0.013558 0.047317 0.003838 0.998781
1341845838.909636 -0.018155 -0.371967 -0.043246 0.008170 0.051170 -0.000058 0.998657
1341845838.945837 -0.020653 -0.378113 -0.040359 0.008135 0.051345 -0.000719 0.998648
1341845838.977758 -0.013208 -0.379652 -0.043098 0.009691 0.050738 0.001137 0.998664
1341845839.013907 -0.004247 -0.382108 -0.045845 0.009858 0.052049 0.000382 0.998596
1341845839.046225 -0.014577 -0.379766 -0.052331 0.008927 0.055422 -0.003090 0.998418
1341845839.077750 -0.020112 -0.383392 -0.047298 0.005866 0.054309 -0.004484 0.998497
1341845839.113934 -0.008661 -0.394934 -0.038820 0.005869 0.051054 -0.002530 0.998675
1341845839.145852 -0.003968 -0.390534 -0.044683 0.009574 0.050740 0.000706 0.998666
1341845839.177741 0.000319 -0.389703 -0.046205 0.009084 0.050824 0.001213 0.998666
1341845839.214000 0.006032 -0.399124 -0.040136 0.008675 0.052248 0.000445 0.998596
1341845839.246198 0.006910 -0.399016 -0.044822 0.011502 0.054508 0.002281 0.998444
1341845839.281774 0.010100 -0.397854 -0.049653 0.011883 0.055824 0.003518 0.998364
1341845839.314004 0.018605 -0.403589 -0.048232 0.011127 0.057973 0.001162 0.998255
1341845839.345945 0.011872 -0.406334 -0.047055 0.011948 0.060573 0.000767 0.998092
1341845839.381741 0.014334 -0.406474 -0.048346 0.013998 0.059823 0.005452 0.998096
1341845839.413801 0.024744 -0.411534 -0.048242 0.015728 0.059923 0.007153 0.998053
1341845839.445714 0.022400 -0.406516 -0.054426 0.017496 0.062314 0.006241 0.997884
1341845839.481741 0.023514 -0.404290 -0.059063 0.016300 0.063122 0.005828 0.997856
1341845839.514001 0.030996 -0.410776 -0.050717 0.014269 0.064312 0.005285 0.997814
1341845839.549791 0.027817 -0.414492 -0.051405 0.015949 0.066283 0.005811 0.997656
1341845839.587666 0.027008 -0.408474 -0.057632 0.017356 0.066148 0.006603 0.997637
1341845839.681817 0.025838 -0.407461 -0.059830 0.016851 0.069000 0.005777 0.997458
1341845839.713876 0.034555 -0.408087 -0.054808 0.015883 0.067059 0.005681 0.997606
1341845839.749808 0.037946 -0.405536 -0.054932 0.016043 0.068140 0.006055 0.997528
1341845839.781785 0.027523 -0.404814 -0.063275 0.014835 0.069418 0.006153 0.997458
1341845839.817825 0.026905 -0.405156 -0.058353 0.013036 0.067958 0.006191 0.997584
1341845839.849994 0.031285 -0.401287 -0.062145 0.012299 0.067159 0.006293 0.997647
1341845839.881829 0.022415 -0.400129 -0.063072 0.009863 0.067566 0.005520 0.997651
1341845839.917855 0.016437 -0.400435 -0.060632 0.007473 0.066413 0.005035 0.997752
1341845839.950283 0.013595 -0.396738 -0.058205 0.005929 0.064222 0.005445 0.997903
1341845839.985757 0.013039 -0.390344 -0.054258 0.004184 0.062313 0.005594 0.998032
1341845840.017660 0.013033 -0.382163 -0.050164 0.000391 0.060812 0.003812 0.998142
1341845840.049741 0.003867 -0.375666 -0.042214 -0.003356 0.060343 0.003584 0.998166
1341845840.085650 0.002038 -0.381507 -0.039495 -0.006825 0.057772 0.005168 0.998293
1341845840.117698 0.001938 -0.373390 -0.039133 -0.007605 0.056005 0.006727 0.998379
1341845840.149796 -0.002945 -0.363365 -0.039509 -0.010595 0.055414 0.007107 0.998382
1341845840.186069 -0.002308 -0.360967 -0.037537 -0.015384 0.054550 0.006502 0.998371
1341845840.217657 -0.001588 -0.352306 -0.033653 -0.018959 0.054961 0.006654 0.998286
1341845840.253694 -0.014330 -0.351416 -0.028230 -0.022544 0.055527 0.007706 0.998173
1341845840.285914 -0.015647 -0.347432 -0.028936 -0.024515 0.052268 0.008504 0.998296
1341845840.317753 -0.012935 -0.340833 -0.027540 -0.026868 0.050109 0.010303 0.998329
1341845840.353861 -0.012747 -0.338921 -0.027558 -0.029485 0.049787 0.010976 0.998264
1341845840.385775 -0.016876 -0.330630 -0.025678 -0.032321 0.050656 0.008570 0.998156
1341845840.417676 -0.023051 -0.322984 -0.025057 -0.035094 0.049867 0.007748 0.998109
1341845840.453598 -0.020639 -0.325223 -0.022379 -0.037893 0.048269 0.008898 0.998076
1341845840.485943 -0.020658 -0.319076 -0.021334 -0.038204 0.048408 0.008702 0.998059
1341845840.521810 -0.028850 -0.310305 -0.021497 -0.038949 0.048690 0.009343 0.998011
1341845840.553677 -0.032931 -0.308164 -0.020823 -0.041582 0.046902 0.010434 0.997979
1341845840.585765 -0.030342 -0.308386 -0.018897 -0.043102 0.045263 0.009300 0.998002
1341845840.621850 -0.034433 -0.298301 -0.019738 -0.043415 0.045434 0.007673 0.997994
1341845840.653789 -0.042042 -0.298010 -0.018313 -0.048476 0.044905 0.005732 0.997798
1341845840.685850 -0.039099 -0.302859 -0.014989 -0.049841 0.043280 0.003783 0.997812
1341845840.721832 -0.047081 -0.306037 -0.010772 -0.048051 0.043510 0.003045 0.997892
1341845840.753824 -0.056384 -0.299012 -0.014448 -0.043841 0.040431 0.006723 0.998197
1341845840.789783 -0.044313 -0.296316 -0.018325 -0.041279 0.036738 0.007882 0.998441
1341845840.821733 -0.040970 -0.288476 -0.018672 -0.039662 0.037700 0.006225 0.998482
1341845840.853661 -0.049953 -0.284034 -0.018876 -0.039476 0.039335 0.007010 0.998421
1341845840.889737 -0.052058 -0.282121 -0.020862 -0.039769 0.037529 0.009113 0.998462
1341845840.921786 -0.043689 -0.275276 -0.020605 -0.040040 0.037315 0.008499 0.998465
1341845840.957782 -0.049122 -0.266453 -0.020401 -0.041976 0.040845 0.006558 0.998262
1341845840.989777 -0.053453 -0.266259 -0.018127 -0.044696 0.042257 0.007331 0.998080
1341845841.021755 -0.052283 -0.269007 -0.014163 -0.044149 0.042522 0.008227 0.998086
1341845841.057797 -0.049959 -0.265483 -0.012942 -0.039869 0.043526 0.009127 0.998215
1341845841.089861 -0.053848 -0.255437 -0.014457 -0.035813 0.045971 0.007558 0.998272
1341845841.127763 -0.061607 -0.251811 -0.013873 -0.035205 0.047013 0.004301 0.998264
1341845841.189794 -0.060974 -0.245531 -0.012861 -0.031812 0.045620 -0.003391 0.998446
1341845841.225871 -0.060428 -0.239371 -0.012984 -0.027955 0.044997 -0.005088 0.998583
1341845841.257769 -0.062879 -0.230804 -0.014174 -0.024516 0.045019 -0.006176 0.998666
1341845841.289834 -0.063454 -0.217782 -0.016271 -0.022534 0.043854 -0.004466 0.998774
1341845841.325856 -0.061994 -0.204810 -0.015613 -0.023460 0.043373 -0.004215 0.998775
1341845841.357778 -0.067909 -0.206561 -0.011488 -0.025921 0.043239 -0.004033 0.998720
1341845841.389747 -0.073567 -0.209677 -0.004614 -0.023998 0.040410 -0.001741 0.998893
1341845841.425648 -0.061094 -0.205633 -0.006286 -0.017812 0.036365 0.004380 0.999170
1341845841.457784 -0.057836 -0.197614 -0.005431 -0.009019 0.035244 0.010525 0.999283
1341845841.493636 -0.063206 -0.178889 -0.009711 -0.004399 0.035217 0.011355 0.999305
1341845841.525800 -0.060594 -0.166992 -0.009557 -0.006649 0.035010 0.011639 0.999297
1341845841.557776 -0.062205 -0.163430 -0.006360 -0.009656 0.035532 0.012455 0.999244
1341845841.593697 -0.065955 -0.163016 -0.002800 -0.011418 0.034370 0.015224 0.999228
1341845841.625800 -0.061684 -0.164055 -0.000612 -0.009476 0.032324 0.016844 0.999291
1341845841.657778 -0.061507 -0.156442 -0.000370 -0.006586 0.032709 0.017627 0.999288
1341845841.693890 -0.065275 -0.148360 0.000142 -0.005225 0.032667 0.019347 0.999265
1341845841.725831 -0.065720 -0.148203 0.000478 -0.006163 0.031976 0.019037 0.999288
1341845841.761977 -0.065308 -0.141824 0.001582 -0.005243 0.031534 0.017745 0.999331
1341845841.793705 -0.071186 -0.132750 0.002438 -0.006850 0.031072 0.017671 0.999337
1341845841.825907 -0.069996 -0.134038 0.005901 -0.009207 0.028964 0.017710 0.999381
1341845841.862456 -0.069514 -0.137267 0.010313 -0.008699 0.027198 0.018989 0.999412
1341845841.893840 -0.071077 -0.137428 0.010746 -0.003752 0.024929 0.023313 0.999410
1341845841.925729 -0.069186 -0.124907 0.008709 -0.000325 0.022885 0.024804 0.999430
1341845841.961799 -0.065643 -0.123628 0.009601 -0.000821 0.021980 0.024152 0.999466
1341845841.994063 -0.064989 -0.117117 0.008433 -0.000831 0.023287 0.021444 0.999498
1341845842.030345 -0.075892 -0.107991 0.006787 -0.002807 0.024176 0.020813 0.999487
1341845842.061842 -0.070285 -0.114368 0.008887 -0.004343 0.021229 0.022862 0.999504
1341845842.095648 -0.065903 -0.104635 0.009419 -0.003200 0.020692 0.024166 0.999489
1341845842.130144 -0.068801 -0.099691 0.009622 -0.003630 0.021408 0.026002 0.999426
1341845842.168651 -0.068354 -0.093219 0.009461 -0.003902 0.021272 0.027932 0.999376
1341845842.204415 -0.069586 -0.093773 0.011322 -0.004148 0.021516 0.028641 0.999350
1341845842.236995 -0.076313 -0.089596 0.012185 -0.002384 0.020881 0.030179 0.999324
1341845842.298056 -0.064797 -0.079806 0.013402 0.001641 0.014769 0.035345 0.999265
1341845842.330531 -0.072415 -0.070805 0.010362 0.003384 0.016715 0.034724 0.999251
1341845842.362365 -0.075159 -0.058673 0.010455 0.002018 0.015287 0.035210 0.999261
1341845842.399606 -0.071003 -0.060209 0.012548 -0.001493 0.014348 0.035117 0.999279
1341845842.439754 -0.068259 -0.059614 0.014876 -0.002188 0.014790 0.035337 0.999264
1341845842.472222 -0.073027 -0.057498 0.016019 -0.002552 0.014993 0.036730 0.999209
1341845842.506051 -0.072349 -0.056641 0.016552 -0.002324 0.012615 0.037340 0.999220
1341845842.539739 -0.066859 -0.056140 0.017865 -0.002414 0.012376 0.035756 0.999281
1341845842.597810 -0.074350 -0.055293 0.018126 -0.000685 0.013215 0.035186 0.999293
1341845842.671782 -0.073493 -0.039696 0.017024 0.003332 0.013085 0.035097 0.999293
1341845842.733828 -0.076917 -0.036725 0.019916 0.004936 0.011516 0.042493 0.999018
1341845842.772554 -0.077766 -0.022917 0.019274 0.007161 0.011357 0.043571 0.998960
1341845842.803667 -0.077904 -0.017698 0.020059 0.004569 0.011129 0.045461 0.998894
1341845842.839779 -0.073674 -0.017153 0.022038 0.003299 0.011250 0.044947 0.998921
1341845842.871951 -0.080767 -0.012210 0.020944 0.003332 0.012984 0.043899 0.998946
1341845842.903766 -0.081155 -0.003387 0.020840 0.002132 0.011798 0.043890 0.998964
1341845842.939694 -0.077082 -0.003905 0.023567 -0.000489 0.011932 0.043141 0.998998
1341845842.971703 -0.082053 -0.003146 0.023446 0.000106 0.013004 0.042858 0.998997
1341845843.003637 -0.087340 0.006552 0.023650 0.001166 0.011514 0.045548 0.998895
1341845843.039687 -0.077247 0.007473 0.024463 0.000826 0.009410 0.047565 0.998823
1341845843.071786 -0.080060 0.012938 0.024727 0.001239 0.011902 0.047561 0.998797
1341845843.103725 -0.089975 0.012486 0.024938 0.001278 0.012172 0.050192 0.998665
1341845843.139742 -0.087715 0.020015 0.024408 0.003476 0.008769 0.051706 0.998618
1341845843.171825 -0.085803 0.029619 0.024578 0.002611 0.008422 0.049296 0.998745
1341845843.207907 -0.090119 0.034202 0.024871 -0.000731 0.009844 0.044097 0.998978
1341845843.240014 -0.095592 0.036229 0.024786 -0.004083 0.009252 0.041356 0.999093
1341845843.281910 -0.096153 0.036423 0.027229 -0.004996 0.007150 0.041425 0.999104
1341845843.307930 -0.094908 0.043257 0.027925 -0.004345 0.005560 0.041367 0.999119
1341845843.339844 -0.092379 0.045209 0.032066 -0.003787 0.004581 0.043619 0.999031
1341845843.407961 -0.093193 0.064441 0.032900 0.001053 0.008543 0.044824 0.998958
1341845843.469698 -0.084807 0.078172 0.040184 -0.000440 0.009961 0.045498 0.998915
1341845843.501755 -0.096658 0.085245 0.036966 -0.001870 0.013754 0.044837 0.998898
1341845843.537749 -0.099498 0.087474 0.042223 -0.002657 0.011638 0.048525 0.998751
1341845843.601912 -0.098864 0.105695 0.040022 -0.007055 0.012631 0.045019 0.998881
1341845843.637854 -0.093438 0.110413 0.042288 -0.009392 0.011353 0.045502 0.998856
1341845843.669935 -0.088783 0.108274 0.043947 -0.010648 0.012996 0.047095 0.998749
1341845843.705705 -0.090933 0.120142 0.046300 -0.009599 0.016345 0.048662 0.998635
1341845843.738087 -0.092227 0.123161 0.048530 -0.011706 0.018561 0.050400 0.998488
1341845843.769868 -0.090881 0.125771 0.049953 -0.009944 0.019061 0.053199 0.998352
1341845843.805741 -0.088567 0.133640 0.050712 -0.008341 0.020598 0.055408 0.998216
1341845843.837731 -0.084919 0.140510 0.050305 -0.008961 0.022937 0.054654 0.998202
1341845843.869723 -0.087305 0.139939 0.053846 -0.010163 0.026176 0.054104 0.998140
1341845843.905817 -0.085970 0.140918 0.055914 -0.007490 0.026959 0.057974 0.997926
1341845843.937846 -0.077766 0.144733 0.056853 -0.004215 0.027932 0.061297 0.997720
1341845843.973843 -0.078060 0.154235 0.054301 -0.001380 0.033280 0.060965 0.997584
1341845844.005877 -0.087356 0.153041 0.056044 -0.001251 0.036936 0.061064 0.997449
1341845844.037839 -0.085296 0.160267 0.053513 0.001398 0.035510 0.060200 0.997554
1341845844.073843 -0.078088 0.168599 0.053971 0.000821 0.036192 0.056310 0.997757
1341845844.105844 -0.081259 0.167301 0.055106 0.000654 0.039214 0.054179 0.997761
1341845844.137727 -0.085411 0.170958 0.054510 0.001351 0.040233 0.053984 0.997730
1341845844.173729 -0.082607 0.175421 0.055395 0.003091 0.039847 0.052784 0.997806
1341845844.205772 -0.087133 0.186795 0.052479 0.002253 0.041842 0.050043 0.997868
1341845844.241826 -0.084539 0.179588 0.057826 0.001701 0.040517 0.053034 0.997769
1341845844.273743 -0.079142 0.189694 0.059338 0.009403 0.038938 0.056932 0.997574
1341845844.305737 -0.090103 0.198699 0.054517 0.011194 0.041467 0.057750 0.997407
1341845844.341702 -0.093804 0.210597 0.054292 0.009504 0.041782 0.055595 0.997534
1341845844.373700 -0.092764 0.212384 0.055290 0.005352 0.041109 0.055503 0.997598
1341845844.409780 -0.096445 0.219789 0.054706 0.004540 0.040883 0.057836 0.997478
1341845844.441868 -0.093584 0.227802 0.055749 0.002740 0.039555 0.059136 0.997462
1341845844.473633 -0.088578 0.233779 0.057923 0.000587 0.039967 0.059725 0.997414
1341845844.509732 -0.093040 0.238511 0.057151 -0.000742 0.041976 0.061143 0.997246
1341845844.541734 -0.098491 0.248478 0.057864 -0.002536 0.041491 0.062386 0.997186
1341845844.573798 -0.094647 0.250096 0.058309 -0.006281 0.039613 0.062439 0.997243
1341845844.609774 -0.097199 0.255067 0.059470 -0.007440 0.040129 0.062765 0.997193
1341845844.641742 -0.103653 0.260227 0.062587 -0.007263 0.038525 0.064641 0.997138
1341845844.677619 -0.105016 0.263086 0.061560 -0.004492 0.033689 0.068546 0.997069
1341845844.709820 -0.115332 0.273492 0.057930 -0.005515 0.033211 0.067057 0.997181
1341845844.741764 -0.115122 0.276849 0.057677 -0.007580 0.028486 0.068332 0.997227
1341845844.778110 -0.115265 0.282249 0.062587 -0.009624 0.024886 0.066667 0.997418
1341845844.811162 -0.119844 0.286776 0.060908 -0.009097 0.020450 0.066138 0.997559
1341845844.842336 -0.127714 0.290613 0.053411 -0.013586 0.017263 0.062445 0.997807
1341845844.883762 -0.119721 0.291513 0.065046 -0.015378 0.012361 0.061578 0.997907
1341845844.947016 -0.128531 0.301894 0.061357 -0.014073 0.003594 0.059620 0.998115
1341845844.977793 -0.127656 0.299577 0.052422 -0.016450 0.001822 0.054914 0.998354
1341845845.009670 -0.126899 0.311102 0.064206 -0.015753 -0.000512 0.051500 0.998549
1341845845.045698 -0.127984 0.315652 0.060094 -0.014561 -0.005284 0.049578 0.998650
1341845845.077748 -0.118232 0.320744 0.057101 -0.015406 -0.007862 0.045252 0.998826
1341845845.109679 -0.124383 0.325078 0.058706 -0.017134 -0.004958 0.041132 0.998994
1341845845.145640 -0.124630 0.323375 0.060888 -0.018359 -0.005641 0.041469 0.998955
1341845845.177719 -0.111933 0.331391 0.055787 -0.016598 -0.007864 0.041386 0.998974
1341845845.213604 -0.107982 0.347296 0.058479 -0.015950 -0.004877 0.040295 0.999049
1341845845.245741 -0.109459 0.347139 0.060443 -0.018505 -0.003228 0.040387 0.999008
1341845845.277905 -0.110405 0.347270 0.061563 -0.017725 -0.002720 0.041105 0.998994
1341845845.314159 -0.109250 0.355666 0.058020 -0.017002 -0.003118 0.041287 0.998998
1341845845.345748 -0.108604 0.358972 0.060559 -0.019149 -0.002771 0.040616 0.998987
1341845845.381704 -0.110972 0.362226 0.058954 -0.020262 -0.003245 0.040584 0.998965
1341845845.413648 -0.115199 0.363049 0.061050 -0.021899 -0.003816 0.040784 0.998921
1341845845.445777 -0.116023 0.372632 0.058354 -0.021092 -0.006041 0.039870 0.998964
1341845845.481809 -0.113148 0.378664 0.059747 -0.025435 -0.006847 0.035296 0.999030
1341845845.514332 -0.114014 0.378860 0.061404 -0.027433 -0.007861 0.034423 0.999000
1341845845.545717 -0.117685 0.385703 0.060042 -0.027789 -0.009615 0.035450 0.998939
1341845845.581658 -0.114796 0.390766 0.060809 -0.030427 -0.011870 0.033923 0.998891
1341845845.613959 -0.111947 0.400878 0.061785 -0.033329 -0.011006 0.029863 0.998938
1341845845.649696 -0.118893 0.398049 0.061171 -0.037412 -0.009782 0.031042 0.998770
1341845845.682034 -0.121797 0.400098 0.061607 -0.036006 -0.012651 0.033566 0.998708
1341845845.714232 -0.114573 0.410462 0.062182 -0.036854 -0.014081 0.032219 0.998702
1341845845.751971 -0.116460 0.415016 0.062621 -0.042208 -0.012820 0.029285 0.998597
1341845845.787747 -0.117095 0.412248 0.064404 -0.045390 -0.012282 0.026378 0.998546
1341845845.820616 -0.119770 0.415577 0.064568 -0.045285 -0.012531 0.027395 0.998520
1341845845.887653 -0.115293 0.431366 0.065569 -0.046695 -0.012078 0.023983 0.998548
1341845845.949895 -0.115290 0.438610 0.065639 -0.046895 -0.009425 0.025240 0.998536
1341845845.981855 -0.118070 0.448266 0.063255 -0.046830 -0.006703 0.025602 0.998552
1341845846.017822 -0.119356 0.448256 0.065813 -0.048770 -0.005725 0.025181 0.998476
1341845846.049788 -0.120063 0.450990 0.065553 -0.047368 -0.004838 0.026064 0.998526
1341845846.081697 -0.122128 0.458398 0.063876 -0.047034 -0.005005 0.026824 0.998521
1341845846.117753 -0.120391 0.461160 0.064453 -0.049322 -0.006274 0.025918 0.998427
1341845846.149729 -0.123079 0.466126 0.064415 -0.049377 -0.006434 0.026927 0.998396
1341845846.185551 -0.122551 0.474311 0.064388 -0.050232 -0.008071 0.029629 0.998265
1341845846.217670 -0.119993 0.484606 0.064488 -0.050521 -0.008319 0.029895 0.998241
1341845846.249670 -0.121037 0.487324 0.064177 -0.055023 -0.007972 0.032477 0.997925
1341845846.285621 -0.121273 0.490544 0.063366 -0.056721 -0.008652 0.033653 0.997785
1341845846.318706 -0.119177 0.498107 0.061907 -0.059028 -0.007718 0.032256 0.997705
1341845846.349746 -0.121460 0.497935 0.061875 -0.062984 -0.006669 0.033531 0.997429
1341845846.385823 -0.120944 0.505719 0.060799 -0.063925 -0.007221 0.035372 0.997302
1341845846.417804 -0.119355 0.516045 0.060083 -0.065453 -0.005606 0.034435 0.997246
1341845846.453757 -0.125355 0.514478 0.058995 -0.069440 -0.004304 0.037618 0.996867
1341845846.485915 -0.122610 0.518807 0.057834 -0.071474 -0.005808 0.038387 0.996687
1341845846.517804 -0.117755 0.524662 0.056813 -0.073277 -0.003688 0.036645 0.996631
1341845846.553866 -0.121625 0.522664 0.054973 -0.078954 -0.002105 0.037537 0.996169
1341845846.585802 -0.119348 0.524768 0.054979 -0.079837 -0.003352 0.037023 0.996115
1341845846.621952 -0.118922 0.529355 0.052932 -0.080740 -0.001709 0.035208 0.996112
1341845846.653735 -0.119359 0.524198 0.052326 -0.084650 -0.001744 0.035574 0.995774
1341845846.687048 -0.116240 0.525759 0.052437 -0.084569 -0.001581 0.032408 0.995889
1341845846.721930 -0.117293 0.524219 0.049872 -0.084623 0.000494 0.030828 0.995936
1341845846.755684 -0.118732 0.520113 0.048120 -0.084776 0.000361 0.031809 0.995892
1341845846.785987 -0.115105 0.514636 0.049572 -0.083952 -0.000174 0.031416 0.995974
1341845846.821760 -0.114273 0.515149 0.048884 -0.081876 0.001415 0.029149 0.996215
1341845846.853756 -0.120672 0.499455 0.048737 -0.082634 0.002619 0.028638 0.996165
1341845846.889724 -0.120212 0.486037 0.048484 -0.078817 0.001198 0.029584 0.996449
1341845846.921756 -0.119562 0.478664 0.048366 -0.075861 0.001651 0.027831 0.996729
1341845846.953776 -0.121035 0.473098 0.048354 -0.073106 0.002169 0.028112 0.996926
1341845846.989607 -0.121617 0.464568 0.048313 -0.068864 0.000510 0.029579 0.997187
1341845847.021791 -0.121050 0.459154 0.048472 -0.063736 -0.000399 0.028411 0.997562
1341845847.053671 -0.122738 0.452285 0.047907 -0.062342 -0.000504 0.028114 0.997659
1341845847.089677 -0.125158 0.436895 0.050337 -0.062801 -0.003518 0.025862 0.997685
1341845847.121825 -0.121060 0.434725 0.046466 -0.054981 -0.005611 0.024279 0.998176
1341845847.157737 -0.117194 0.429600 0.046698 -0.051733 -0.005082 0.024431 0.998349
1341845847.189613 -0.118276 0.426119 0.044305 -0.046701 -0.003733 0.025491 0.998577
1341845847.221790 -0.115635 0.413500 0.042858 -0.044416 -0.001793 0.026477 0.998661
1341845847.257718 -0.115180 0.401571 0.042509 -0.042924 0.000125 0.027464 0.998701
1341845847.289652 -0.114146 0.388981 0.040802 -0.041741 -0.000349 0.028937 0.998709
1341845847.321777 -0.111611 0.384731 0.038495 -0.038447 0.000326 0.027130 0.998892
1341845847.357899 -0.113084 0.373787 0.037277 -0.037212 0.002106 0.026302 0.998959
1341845847.390176 -0.111999 0.364401 0.035233 -0.035625 0.001957 0.025314 0.999043
1341845847.425786 -0.109807 0.360068 0.031805 -0.034408 0.003390 0.022865 0.999141
1341845847.489945 -0.112486 0.338826 0.028908 -0.033885 0.003922 0.024458 0.999119
1341845847.525805 -0.113614 0.331676 0.024533 -0.034061 0.002419 0.023522 0.999140
1341845847.557741 -0.115830 0.325396 0.019240 -0.037880 0.001093 0.017991 0.999120
1341845847.593782 -0.109667 0.310462 0.021915 -0.041857 -0.001866 0.015615 0.999000
1341845847.625656 -0.106828 0.299602 0.017926 -0.038285 -0.002407 0.017040 0.999119
1341845847.657670 -0.107823 0.292213 0.013121 -0.036370 -0.002139 0.019251 0.999151
1341845847.693751 -0.105406 0.285483 0.009357 -0.035735 -0.002054 0.019626 0.999166
1341845847.725684 -0.104610 0.279888 0.006002 -0.035193 -0.000747 0.019115 0.999197
1341845847.757787 -0.105923 0.266144 0.004937 -0.034929 -0.000569 0.023340 0.999117
1341845847.793826 -0.109633 0.259097 -0.000500 -0.034380 -0.001764 0.025253 0.999088
1341845847.825684 -0.105201 0.254306 0.000185 -0.035006 -0.003020 0.024090 0.999092
1341845847.861928 -0.109280 0.248594 -0.001983 -0.034748 -0.003187 0.024862 0.999082
1341845847.893697 -0.109612 0.240318 -0.002737 -0.034762 -0.006070 0.029164 0.998952
1341845847.925644 -0.101959 0.249892 -0.004325 -0.029158 -0.009394 0.030984 0.999050
1341845847.961946 -0.104304 0.240996 -0.005731 -0.030620 -0.007757 0.029897 0.999054
1341845847.993685 -0.107860 0.222031 -0.008442 -0.032431 -0.008288 0.032548 0.998909
1341845848.025620 -0.102108 0.219662 -0.009062 -0.031727 -0.010412 0.033816 0.998870
1341845848.061715 -0.103295 0.212678 -0.010059 -0.030881 -0.009950 0.034074 0.998893
1341845848.093689 -0.106306 0.207719 -0.014082 -0.031471 -0.010933 0.034548 0.998848
1341845848.132119 -0.104253 0.198690 -0.013678 -0.032524 -0.013948 0.034122 0.998791
1341845848.167711 -0.091871 0.198127 -0.014740 -0.031425 -0.016043 0.031679 0.998875
1341845848.200502 -0.103541 0.186890 -0.016991 -0.033039 -0.013345 0.030570 0.998897
1341845848.232265 -0.102826 0.179813 -0.017533 -0.033598 -0.015502 0.031708 0.998812
1341845848.267873 -0.097012 0.174086 -0.019368 -0.032335 -0.016484 0.031945 0.998830
1341845848.301135 -0.099324 0.173235 -0.025410 -0.032684 -0.015265 0.031762 0.998844
1341845848.335735 -0.104607 0.166550 -0.028280 -0.037121 -0.016276 0.032738 0.998642
1341845848.367757 -0.095381 0.157032 -0.026871 -0.038986 -0.019317 0.031553 0.998555
1341845848.399644 -0.099372 0.153833 -0.031162 -0.039003 -0.019122 0.030915 0.998578
1341845848.435802 -0.105898 0.148155 -0.035263 -0.039966 -0.022565 0.033108 0.998397
1341845848.467705 -0.085824 0.146213 -0.037961 -0.040794 -0.026108 0.031788 0.998320
1341845848.503759 -0.091447 0.141546 -0.036052 -0.041774 -0.021615 0.030021 0.998442
1341845848.536036 -0.098980 0.134638 -0.036704 -0.042598 -0.021347 0.032104 0.998348
1341845848.567958 -0.093424 0.131454 -0.038969 -0.042131 -0.023768 0.033993 0.998251
1341845848.603657 -0.091597 0.127656 -0.040150 -0.042819 -0.023196 0.032997 0.998268
1341845848.635797 -0.097458 0.120795 -0.040756 -0.043729 -0.022973 0.033056 0.998232
1341845848.671815 -0.094740 0.105945 -0.039286 -0.043784 -0.024856 0.034570 0.998133
1341845848.703677 -0.090461 0.101764 -0.041010 -0.038511 -0.024291 0.035231 0.998341
1341845848.735781 -0.092415 0.098812 -0.042457 -0.035123 -0.022701 0.037338 0.998427
1341845848.771647 -0.094015 0.095151 -0.043745 -0.033090 -0.022480 0.040056 0.998396
1341845848.803783 -0.088112 0.094243 -0.047557 -0.030878 -0.021699 0.040755 0.998456
1341845848.839757 -0.086890 0.098648 -0.051742 -0.031498 -0.018693 0.038945 0.998570
1341845848.871829 -0.087231 0.093645 -0.044121 -0.036791 -0.016157 0.036197 0.998536
1341845848.903622 -0.077185 0.070124 -0.036754 -0.037134 -0.013568 0.036167 0.998563
1341845848.940608 -0.077838 0.068755 -0.032983 -0.028271 -0.007341 0.039775 0.998782
1341845848.972843 -0.079902 0.071769 -0.032664 -0.021529 -0.002806 0.041944 0.998884
1341845849.008613 -0.078735 0.072908 -0.030731 -0.019881 -0.000710 0.039593 0.999018
1341845849.072005 -0.088348 0.077301 -0.018674 -0.016736 0.004654 0.038544 0.999106
1341845849.133777 -0.065487 0.074616 -0.020021 -0.018980 0.007458 0.032804 0.999254
1341845849.165908 -0.078129 0.078767 0.000800 -0.018128 0.013664 0.033377 0.999185
1341845849.201651 -0.080815 0.077686 0.006599 -0.016019 0.013914 0.035471 0.999145
1341845849.233648 -0.076082 0.081919 0.011871 -0.014965 0.014331 0.034847 0.999178
1341845849.265690 -0.079452 0.086334 0.018745 -0.016079 0.017252 0.032433 0.999196
1341845849.301701 -0.085995 0.085053 0.026722 -0.018332 0.017739 0.032278 0.999153
1341845849.333730 -0.085108 0.086065 0.035705 -0.018854 0.015681 0.032259 0.999179
1341845849.369727 -0.085441 0.087788 0.043871 -0.020080 0.015140 0.031376 0.999191
1341845849.401811 -0.087254 0.083128 0.055726 -0.020490 0.014457 0.031585 0.999186
1341845849.433692 -0.083492 0.087569 0.060825 -0.018636 0.014209 0.031183 0.999239
1341845849.469648 -0.090168 0.087809 0.070387 -0.019855 0.015380 0.031064 0.999202
1341845849.501641 -0.087301 0.086443 0.079559 -0.020436 0.013938 0.031602 0.999194
1341845849.533689 -0.087280 0.086678 0.088753 -0.020097 0.015001 0.030852 0.999209
1341845849.569780 -0.092694 0.092006 0.096948 -0.020952 0.016133 0.029692 0.999209
1341845849.601759 -0.087611 0.086944 0.108912 -0.023446 0.015744 0.029897 0.999154
1341845849.637837 -0.087759 0.085981 0.118311 -0.022297 0.018234 0.029847 0.999139
1341845849.669719 -0.090989 0.087891 0.126897 -0.021817 0.020300 0.029864 0.999110
1341845849.701927 -0.089115 0.088397 0.135338 -0.022351 0.021837 0.028935 0.999093
1341845849.737804 -0.090233 0.086968 0.147894 -0.022731 0.025014 0.027993 0.999037
1341845849.769688 -0.100922 0.088548 0.156997 -0.022579 0.027191 0.028376 0.998972
1341845849.805874 -0.101793 0.086934 0.167769 -0.022948 0.025169 0.029273 0.998991
1341845849.838002 -0.094567 0.090858 0.175363 -0.022853 0.023831 0.027233 0.999084
1341845849.873756 -0.098922 0.092332 0.184830 -0.025342 0.026157 0.024474 0.999037
1341845849.905773 -0.101620 0.088862 0.196395 -0.026645 0.025685 0.025326 0.998994
1341845849.942380 -0.089651 0.087210 0.203596 -0.025450 0.024520 0.025468 0.999051
1341845849.969808 -0.096825 0.092265 0.211163 -0.025285 0.028831 0.023477 0.998989
1341845850.006040 -0.102830 0.090208 0.220512 -0.026605 0.029493 0.022416 0.998959
1341845850.038041 -0.100568 0.088580 0.228738 -0.027121 0.028294 0.020813 0.999015
1341845850.073843 -0.099478 0.086793 0.236894 -0.026093 0.028688 0.020254 0.999043
1341845850.137727 -0.111841 0.091546 0.249524 -0.027741 0.028696 0.016384 0.999069
1341845850.173748 -0.108924 0.089514 0.258723 -0.029449 0.025596 0.015271 0.999122
1341845850.205888 -0.108244 0.089587 0.266848 -0.029611 0.024255 0.015431 0.999148
1341845850.242190 -0.112034 0.090902 0.274250 -0.030013 0.023443 0.015987 0.999147
1341845850.276369 -0.108293 0.089922 0.282941 -0.030966 0.020950 0.015211 0.999185
1341845850.311979 -0.110587 0.091187 0.290137 -0.031449 0.020462 0.013433 0.999206
1341845850.343827 -0.110267 0.092822 0.297350 -0.033554 0.018742 0.012129 0.999188
1341845850.380151 -0.106494 0.087720 0.306906 -0.035556 0.017873 0.011453 0.999142
1341845850.412359 -0.104305 0.087702 0.314174 -0.034326 0.018597 0.012141 0.999164
1341845850.447279 -0.105281 0.088568 0.320418 -0.033938 0.020341 0.014457 0.999112
1341845850.511722 -0.097698 0.086680 0.334673 -0.030038 0.022104 0.019841 0.999107
1341845850.573894 -0.099781 0.084096 0.348266 -0.028732 0.024790 0.020628 0.999067
1341845850.609794 -0.099938 0.087446 0.352416 -0.026486 0.025250 0.020551 0.999119
1341845850.641744 -0.101507 0.085411 0.359098 -0.026976 0.024755 0.019696 0.999135
1341845850.673755 -0.093496 0.084570 0.364456 -0.025237 0.023294 0.018394 0.999241
1341845850.709784 -0.097063 0.086517 0.370083 -0.024722 0.025878 0.017373 0.999208
1341845850.741802 -0.102576 0.084582 0.377141 -0.024060 0.025799 0.018596 0.999205
1341845850.777740 -0.094478 0.087080 0.381852 -0.023428 0.023448 0.019056 0.999269
1341845850.841900 -0.098528 0.091782 0.393249 -0.022650 0.024474 0.018629 0.999270
1341845850.877766 -0.093843 0.090534 0.399825 -0.023986 0.022904 0.018083 0.999286
1341845850.909781 -0.090810 0.093548 0.405479 -0.023913 0.023356 0.017870 0.999281
1341845850.941758 -0.095640 0.094050 0.412478 -0.025247 0.024990 0.018297 0.999201
1341845850.977762 -0.097868 0.092993 0.419846 -0.025647 0.024575 0.020556 0.999158
1341845851.009834 -0.093004 0.097788 0.424532 -0.024952 0.022925 0.022967 0.999162
1341845851.045751 -0.091952 0.097775 0.430980 -0.026715 0.023410 0.024297 0.999074
1341845851.077894 -0.092794 0.093611 0.438632 -0.026421 0.024138 0.026485 0.999008
1341845851.109747 -0.094201 0.101215 0.442929 -0.024676 0.023956 0.027259 0.999037
1341845851.145889 -0.091833 0.104171 0.448210 -0.027430 0.022029 0.025076 0.999066
1341845851.177904 -0.084368 0.103259 0.454541 -0.029306 0.021502 0.022407 0.999088
1341845851.209882 -0.097192 0.106763 0.461105 -0.030415 0.024519 0.020199 0.999032
1341845851.251733 -0.095993 0.104519 0.467933 -0.032910 0.020598 0.019618 0.999053
1341845851.313813 -0.092483 0.104838 0.475822 -0.030072 0.022886 0.019657 0.999092
1341845851.345834 -0.101114 0.102707 0.482134 -0.029274 0.022277 0.022472 0.999070
1341845851.377718 -0.095053 0.106155 0.484796 -0.026508 0.018839 0.025039 0.999157
1341845851.413805 -0.094273 0.113476 0.486184 -0.026022 0.018387 0.024666 0.999188
1341845851.445896 -0.103529 0.111866 0.492513 -0.029674 0.017791 0.022369 0.999151
1341845851.478163 -0.098500 0.113142 0.496744 -0.029527 0.013300 0.023375 0.999202
1341845851.514640 -0.090337 0.119359 0.498403 -0.030477 0.011855 0.023759 0.999183
1341845851.546201 -0.097537 0.118549 0.503702 -0.033389 0.014139 0.024029 0.999053
1341845851.581975 -0.094918 0.113245 0.508449 -0.034583 0.013756 0.028180 0.998910
1341845851.616214 -0.094905 0.117228 0.510153 -0.031116 0.015036 0.033400 0.998844
1341845851.681977 -0.091781 0.114229 0.517892 -0.033160 0.012386 0.034965 0.998761
1341845851.714139 -0.094637 0.119365 0.520512 -0.030869 0.013924 0.035169 0.998807
1341845851.745927 -0.097960 0.121458 0.524995 -0.031359 0.012150 0.036160 0.998780
1341845851.781911 -0.087663 0.119964 0.527803 -0.032232 0.008522 0.035033 0.998830
1341845851.813848 -0.083818 0.118415 0.530082 -0.031688 0.009587 0.032816 0.998913
1341845851.849910 -0.091603 0.118042 0.532184 -0.031915 0.011213 0.031121 0.998943
1341845851.881832 -0.080351 0.104751 0.532722 -0.031067 0.008430 0.029953 0.999033
1341845851.913735 -0.072341 0.120403 0.530398 -0.024504 0.009804 0.026502 0.999300
1341845851.949904 -0.080321 0.112963 0.531822 -0.028354 0.012504 0.023629 0.999240
1341845851.982005 -0.071732 0.108345 0.528244 -0.026416 0.011855 0.020744 0.999365
1341845852.017909 -0.070389 0.114049 0.527555 -0.024293 0.014371 0.020052 0.999400
1341845852.050012 -0.064181 0.118377 0.525100 -0.024077 0.015389 0.018378 0.999423
1341845852.082035 -0.066072 0.110555 0.520608 -0.025841 0.019451 0.016623 0.999339
1341845852.121076 -0.063472 0.111609 0.516195 -0.024495 0.022069 0.017257 0.999307
1341845852.163838 -0.061576 0.109210 0.512658 -0.026238 0.025200 0.018064 0.999175
1341845852.190660 -0.065411 0.105446 0.511953 -0.025533 0.029001 0.019757 0.999058
1341845852.223981 -0.067624 0.103301 0.510639 -0.026091 0.029671 0.020447 0.999010
1341845852.286726 -0.069845 0.106358 0.501169 -0.023978 0.029308 0.021842 0.999044
1341845852.349834 -0.067239 0.101519 0.492967 -0.026382 0.025471 0.024640 0.999024
1341845852.385657 -0.075520 0.100142 0.489507 -0.026154 0.025260 0.027111 0.998971
1341845852.417731 -0.069281 0.102341 0.481298 -0.027450 0.020849 0.027268 0.999034
1341845852.449741 -0.069985 0.095673 0.476213 -0.029475 0.021320 0.025682 0.999008
1341845852.485861 -0.075420 0.099054 0.469386 -0.029318 0.020739 0.024048 0.999066
1341845852.517876 -0.077753 0.095261 0.463834 -0.032599 0.018727 0.022597 0.999038
1341845852.553887 -0.078241 0.091607 0.458028 -0.031116 0.017312 0.025802 0.999033
1341845852.617891 -0.084530 0.089956 0.442597 -0.032908 0.014109 0.026889 0.998997
1341845852.653840 -0.081260 0.093036 0.432662 -0.032395 0.012468 0.026345 0.999050
1341845852.685926 -0.089490 0.090939 0.425509 -0.033794 0.014317 0.025510 0.999001
1341845852.717821 -0.094948 0.089449 0.417990 -0.034138 0.013260 0.028777 0.998915
1341845852.753958 -0.083450 0.093441 0.407827 -0.032938 0.010978 0.031411 0.998903
1341845852.785766 -0.090099 0.093833 0.399961 -0.034797 0.014795 0.030942 0.998806
1341845852.822784 -0.096206 0.090273 0.393000 -0.034902 0.014880 0.032742 0.998743
1341845852.885924 -0.093086 0.089664 0.375623 -0.036019 0.016464 0.031877 0.998707
1341845852.921581 -0.098049 0.091744 0.367417 -0.035138 0.017330 0.031719 0.998729
1341845852.953977 -0.091197 0.084763 0.361364 -0.035022 0.017384 0.031144 0.998750
1341845852.989721 -0.099920 0.095337 0.351694 -0.030790 0.020585 0.029734 0.998871
1341845853.021716 -0.109489 0.095300 0.343016 -0.035164 0.018720 0.026795 0.998847
1341845853.053750 -0.106810 0.091213 0.338717 -0.034962 0.016359 0.026829 0.998895
1341845853.089814 -0.108267 0.101290 0.328907 -0.033749 0.016009 0.026390 0.998954
1341845853.121864 -0.112441 0.091442 0.323370 -0.038224 0.015159 0.025325 0.998833
1341845853.159690 -0.110436 0.089047 0.316470 -0.036251 0.014628 0.026630 0.998881
1341845853.195824 -0.116878 0.092351 0.307219 -0.034066 0.015461 0.027476 0.998922
1341845853.227731 -0.116832 0.092121 0.298492 -0.035158 0.014317 0.026944 0.998916
1341845853.263703 -0.114102 0.084714 0.292017 -0.034938 0.014514 0.026483 0.998933
1341845853.296490 -0.121287 0.086889 0.282276 -0.032037 0.016638 0.026335 0.999001
1341845853.327753 -0.127277 0.088314 0.273069 -0.030942 0.015576 0.026840 0.999039
1341845853.363891 -0.117530 0.084044 0.265735 -0.030596 0.013098 0.027876 0.999057
1341845853.395726 -0.118923 0.088481 0.253878 -0.028014 0.015483 0.026640 0.999133
1341845853.463774 -0.129149 0.083821 0.238820 -0.028804 0.014715 0.025888 0.999141
1341845853.525799 -0.138429 0.087202 0.220278 -0.030069 0.015777 0.022897 0.999161
1341845853.557770 -0.137404 0.084170 0.212801 -0.029642 0.013297 0.024066 0.999182
1341845853.589705 -0.136347 0.087247 0.203461 -0.028612 0.012975 0.024237 0.999212
1341845853.625908 -0.143354 0.088421 0.194196 -0.028616 0.013338 0.024468 0.999202
1341845853.657783 -0.141983 0.087072 0.186243 -0.029051 0.011784 0.025630 0.999180
1341845853.689930 -0.139199 0.086416 0.176739 -0.027167 0.012137 0.026955 0.999194
1341845853.725779 -0.144472 0.089875 0.165998 -0.026076 0.013893 0.027308 0.999190
1341845853.757962 -0.148159 0.086219 0.159265 -0.026419 0.014697 0.029344 0.999112
1341845853.793750 -0.147793 0.087346 0.149068 -0.024033 0.014552 0.031249 0.999117
1341845853.825783 -0.150173 0.091190 0.139650 -0.023723 0.014833 0.030102 0.999155
1341845853.857700 -0.157031 0.087974 0.133675 -0.024583 0.014789 0.029314 0.999158
1341845853.893805 -0.157981 0.088506 0.124818 -0.023282 0.012528 0.028193 0.999253
1341845853.925836 -0.156053 0.093598 0.115252 -0.024737 0.011417 0.023374 0.999355
1341845853.957735 -0.157209 0.089163 0.111997 -0.027137 0.012789 0.020393 0.999342
1341845853.993852 -0.164854 0.085800 0.106200 -0.025252 0.013525 0.023550 0.999312
1341845854.025830 -0.161261 0.093366 0.097179 -0.022569 0.011523 0.024931 0.999368
1341845854.061903 -0.158936 0.098904 0.091622 -0.025312 0.012454 0.020262 0.999397
1341845854.093760 -0.167924 0.089737 0.088797 -0.027450 0.014427 0.018499 0.999348
1341845854.125736 -0.177836 0.094857 0.082896 -0.024731 0.012649 0.019352 0.999427
1341845854.161837 -0.165355 0.101979 0.073613 -0.024608 0.008120 0.019113 0.999481
1341845854.193844 -0.161272 0.105404 0.068008 -0.027172 0.009783 0.016893 0.999440
1341845854.229884 -0.173724 0.103845 0.066399 -0.028690 0.012015 0.018740 0.999340
1341845854.261692 -0.173346 0.106464 0.058928 -0.028463 0.009637 0.023486 0.999272
1341845854.293781 -0.167135 0.107868 0.052617 -0.029029 0.009286 0.026323 0.999189
1341845854.330249 -0.169867 0.112231 0.044955 -0.030213 0.011545 0.026118 0.999135
1341845854.361687 -0.178421 0.110627 0.043645 -0.033416 0.012637 0.026680 0.999005
1341845854.393726 -0.175332 0.106147 0.039642 -0.033272 0.010939 0.029614 0.998948
1341845854.429762 -0.165122 0.111114 0.029004 -0.032436 0.011644 0.029128 0.998981
1341845854.462072 -0.173547 0.108723 0.032084 -0.034503 0.015787 0.028343 0.998878
1341845854.497796 -0.177636 0.099885 0.028893 -0.032054 0.016753 0.032243 0.998825
1341845854.529719 -0.173604 0.109043 0.022342 -0.028671 0.016496 0.032698 0.998918
1341845854.561884 -0.176345 0.108680 0.020860 -0.030849 0.018112 0.029146 0.998935
1341845854.597860 -0.180214 0.106358 0.020582 -0.031329 0.016942 0.024911 0.999055
1341845854.629736 -0.179435 0.106875 0.016723 -0.031214 0.015029 0.021942 0.999159
1341845854.662835 -0.178680 0.105139 0.015480 -0.031836 0.014927 0.020611 0.999169
1341845854.697815 -0.179288 0.101900 0.013995 -0.030876 0.014864 0.021647 0.999178
1341845854.729806 -0.180563 0.100289 0.010004 -0.028420 0.014439 0.022634 0.999235
1341845854.765688 -0.175786 0.104985 0.004281 -0.026308 0.012837 0.021097 0.999349
1341845854.797997 -0.174412 0.103820 -0.000563 -0.026905 0.013883 0.018492 0.999371
1341845854.829779 -0.182724 0.101342 -0.005930 -0.027080 0.014346 0.017797 0.999372
1341845854.865670 -0.176871 0.100713 -0.012194 -0.026464 0.011231 0.016193 0.999455
1341845854.897712 -0.166948 0.106243 -0.023604 -0.027192 0.011058 0.013736 0.999475
1341845854.930302 -0.172243 0.101016 -0.024979 -0.029199 0.013841 0.014145 0.999378
1341845854.965801 -0.176963 0.100170 -0.033267 -0.028435 0.013951 0.016685 0.999359
1341845854.997629 -0.170632 0.104165 -0.042201 -0.028631 0.012776 0.017426 0.999356
1341845855.033841 -0.170403 0.103821 -0.044857 -0.029789 0.014854 0.017930 0.999285
1341845855.065777 -0.183141 0.102950 -0.049059 -0.029215 0.016103 0.020473 0.999234
1341845855.097795 -0.186113 0.107287 -0.061161 -0.029239 0.012430 0.022497 0.999242
1341845855.133841 -0.177738 0.106592 -0.064237 -0.031186 0.009277 0.022044 0.999227
1341845855.165831 -0.184788 0.106717 -0.066681 -0.032167 0.009590 0.020337 0.999230
1341845855.201780 -0.195700 0.105662 -0.070114 -0.032881 0.006841 0.021046 0.999214
1341845855.233747 -0.185321 0.106233 -0.076214 -0.033698 0.001375 0.021433 0.999201
1341845855.265823 -0.183566 0.102634 -0.075262 -0.034015 0.001534 0.020844 0.999203
1341845855.301716 -0.189220 0.100003 -0.079413 -0.032059 0.002184 0.022955 0.999220
1341845855.333726 -0.191632 0.100204 -0.085299 -0.029470 0.000741 0.027278 0.999193
1341845855.365773 -0.190425 0.103224 -0.091300 -0.028379 -0.001053 0.030183 0.999141
1341845855.401892 -0.186141 0.101423 -0.092604 -0.028795 -0.001175 0.031051 0.999102
1341845855.433652 -0.193639 0.098076 -0.098016 -0.027317 -0.000254 0.032855 0.999087
1341845855.469817 -0.196856 0.099364 -0.104374 -0.025812 -0.002167 0.034976 0.999052
1341845855.502750 -0.192829 0.098854 -0.107833 -0.025503 -0.004432 0.035311 0.999041
1341845855.533846 -0.186515 0.099585 -0.113353 -0.024695 -0.004714 0.032020 0.999171
1341845855.569986 -0.192748 0.097535 -0.116613 -0.025055 -0.003770 0.029543 0.999242
1341845855.601707 -0.196444 0.091062 -0.117708 -0.024115 -0.005303 0.029621 0.999256
1341845855.633953 -0.192643 0.094443 -0.123023 -0.021158 -0.007120 0.028451 0.999346
1341845855.669628 -0.194564 0.099526 -0.128671 -0.021556 -0.006956 0.024938 0.999432
1341845855.701786 -0.202057 0.092817 -0.125788 -0.023988 -0.007865 0.023176 0.999413
1341845855.737762 -0.197270 0.090627 -0.127197 -0.021832 -0.010665 0.024457 0.999406
1341845855.769674 -0.203230 0.093923 -0.132972 -0.020888 -0.011680 0.025023 0.999400
1341845855.802152 -0.198725 0.094523 -0.135774 -0.021824 -0.014209 0.024405 0.999363
1341845855.837801 -0.198556 0.089394 -0.134760 -0.022676 -0.014277 0.022494 0.999388
1341845855.869788 -0.197639 0.090161 -0.139088 -0.021019 -0.014156 0.022735 0.999420
1341845855.901958 -0.198152 0.091230 -0.143267 -0.020845 -0.014069 0.023639 0.999404
1341845855.937711 -0.195366 0.088142 -0.145386 -0.021094 -0.014478 0.023954 0.999386
1341845855.969840 -0.193581 0.087868 -0.149594 -0.020226 -0.013149 0.023875 0.999424
1341845856.038077 -0.193625 0.087973 -0.154450 -0.020141 -0.011705 0.027695 0.999345
1341845856.069815 -0.192874 0.093164 -0.161654 -0.018410 -0.010955 0.029975 0.999321
1341845856.105773 -0.194846 0.100276 -0.167049 -0.020549 -0.010474 0.031217 0.999246
1341845856.137725 -0.195163 0.096498 -0.167921 -0.023617 -0.011417 0.032374 0.999132
1341845856.169966 -0.191013 0.103699 -0.171529 -0.024627 -0.011399 0.032064 0.999117
1341845856.205833 -0.192789 0.103275 -0.173707 -0.028510 -0.009759 0.032382 0.999021
1341845856.237587 -0.195800 0.099686 -0.176831 -0.029700 -0.010214 0.034552 0.998909
1341845856.273683 -0.192085 0.104411 -0.179291 -0.029922 -0.010701 0.034588 0.998896
1341845856.305723 -0.192772 0.103263 -0.182171 -0.030860 -0.009117 0.035272 0.998860
1341845856.337653 -0.195812 0.102527 -0.185831 -0.031677 -0.008581 0.036436 0.998797
1341845856.373714 -0.197426 0.099066 -0.188582 -0.030998 -0.009577 0.037973 0.998752
1341845856.405678 -0.196113 0.103254 -0.192085 -0.029622 -0.010666 0.038381 0.998767
1341845856.441799 -0.196053 0.104043 -0.194649 -0.030928 -0.010646 0.036079 0.998814
1341845856.473680 -0.199638 0.101249 -0.197004 -0.031667 -0.011002 0.034661 0.998837
1341845856.505768 -0.197722 0.103338 -0.198529 -0.030923 -0.012989 0.034302 0.998849
1341845856.541718 -0.193192 0.108707 -0.199759 -0.032072 -0.012338 0.032196 0.998891
1341845856.573678 -0.198746 0.100086 -0.200429 -0.034033 -0.010317 0.032750 0.998831
1341845856.605758 -0.199766 0.101690 -0.203255 -0.032436 -0.011681 0.035250 0.998784
1341845856.641782 -0.194195 0.099816 -0.203283 -0.031924 -0.011983 0.036507 0.998751
1341845856.673977 -0.194313 0.105190 -0.207592 -0.030684 -0.009267 0.035479 0.998856
1341845856.709876 -0.201888 0.103112 -0.207281 -0.033066 -0.008534 0.036198 0.998761
1341845856.741736 -0.199014 0.095704 -0.205427 -0.031470 -0.010990 0.038875 0.998688
1341845856.773960 -0.192093 0.106748 -0.212758 -0.028526 -0.010068 0.037933 0.998822
1341845856.809797 -0.202208 0.107239 -0.213962 -0.032311 -0.007608 0.035470 0.998819
1341845856.841746 -0.200378 0.103563 -0.213213 -0.033350 -0.009985 0.035621 0.998759
1341845856.873762 -0.196352 0.108122 -0.215602 -0.033516 -0.010160 0.035341 0.998761
1341845856.915904 -0.197676 0.110053 -0.217550 -0.035661 -0.009005 0.034414 0.998731
1341845856.977900 -0.197191 0.107282 -0.218429 -0.038716 -0.008208 0.035869 0.998573
1341845857.009735 -0.195831 0.107686 -0.220328 -0.038039 -0.008352 0.038894 0.998484
1341845857.041737 -0.193157 0.107415 -0.222629 -0.036928 -0.008009 0.041078 0.998441
1341845857.077896 -0.193775 0.109034 -0.228184 -0.036001 -0.006873 0.041312 0.998474
1341845857.109633 -0.194239 0.111425 -0.233274 -0.036959 -0.007004 0.039809 0.998499
1341845857.141583 -0.190964 0.109227 -0.234755 -0.038665 -0.007312 0.037594 0.998518
1341845857.178255 -0.186763 0.107338 -0.239056 -0.038727 -0.005803 0.034020 0.998654
1341845857.209846 -0.189999 0.108913 -0.244760 -0.039395 -0.003756 0.031724 0.998713
1341845857.245767 -0.191929 0.102792 -0.245460 -0.040378 -0.004206 0.031406 0.998682
1341845857.277737 -0.187094 0.102606 -0.250086 -0.038963 -0.004220 0.030390 0.998770
1341845857.309994 -0.187933 0.102759 -0.254000 -0.037903 -0.003061 0.029740 0.998834
1341845857.345862 -0.188828 0.105665 -0.258671 -0.038005 -0.002940 0.029022 0.998852
1341845857.377787 -0.189357 0.097603 -0.258225 -0.038698 -0.002970 0.028211 0.998848
1341845857.413693 -0.190835 0.103620 -0.264425 -0.036871 -0.003094 0.028853 0.998899
1341845857.445790 -0.191320 0.104870 -0.265654 -0.038852 -0.004177 0.029159 0.998811
1341845857.477853 -0.188432 0.099181 -0.264115 -0.039660 -0.005629 0.029721 0.998755
1341845857.513902 -0.185430 0.103714 -0.267710 -0.038296 -0.005001 0.028211 0.998856
1341845857.545992 -0.187015 0.099970 -0.266850 -0.039655 -0.004285 0.027927 0.998814
1341845857.613882 -0.178238 0.094912 -0.269167 -0.036773 -0.002836 0.029688 0.998879
1341845857.646056 -0.176697 0.095510 -0.270783 -0.035015 -0.000418 0.031122 0.998902
1341845857.681834 -0.172951 0.094256 -0.272752 -0.034277 0.001191 0.033234 0.998859
1341845857.713765 -0.162717 0.090336 -0.273888 -0.032494 0.003775 0.032730 0.998929
1341845857.745825 -0.167509 0.088490 -0.279149 -0.030183 0.007813 0.033000 0.998969
1341845857.781799 -0.165009 0.089412 -0.286261 -0.028937 0.008176 0.033356 0.998991
1341845857.813817 -0.157838 0.088131 -0.292549 -0.029617 0.009172 0.032185 0.999001
1341845857.846046 -0.157751 0.085981 -0.294642 -0.029750 0.011377 0.032021 0.998980
1341845857.881939 -0.156675 0.090390 -0.312125 -0.030219 0.011856 0.031973 0.998961
1341845857.913666 -0.155522 0.090269 -0.315503 -0.034645 0.011315 0.029810 0.998891
1341845857.949845 -0.155949 0.089653 -0.318245 -0.037734 0.009792 0.028449 0.998835
1341845857.982166 -0.154484 0.088846 -0.320909 -0.039936 0.007245 0.028397 0.998772
1341845858.013803 -0.152342 0.088215 -0.323453 -0.041545 0.004589 0.029922 0.998678
1341845858.050247 -0.149620 0.089232 -0.326385 -0.042175 0.002911 0.030817 0.998631
1341845858.081715 -0.151943 0.097104 -0.330494 -0.044332 0.002723 0.029858 0.998567
1341845858.113782 -0.151679 0.095357 -0.330533 -0.048820 0.000951 0.029872 0.998360
1341845858.149725 -0.151471 0.097356 -0.334140 -0.051271 -0.000042 0.030262 0.998226
1341845858.181831 -0.151151 0.095307 -0.333970 -0.054441 -0.000608 0.031646 0.998015
1341845858.217730 -0.152956 0.093520 -0.335993 -0.054874 -0.002903 0.033884 0.997914
1341845858.281842 -0.147603 0.095075 -0.340028 -0.058021 -0.002892 0.028687 0.997899
1341845858.317768 -0.152825 0.093622 -0.339242 -0.057614 -0.004507 0.028678 0.997917
1341845858.349904 -0.148207 0.095784 -0.343525 -0.057139 -0.007558 0.028726 0.997924
1341845858.381855 -0.140526 0.097106 -0.345248 -0.057382 -0.007582 0.027160 0.997954
1341845858.417827 -0.145527 0.091847 -0.344296 -0.057515 -0.005348 0.026490 0.997979
1341845858.449872 -0.148917 0.092486 -0.347634 -0.055261 -0.006292 0.027010 0.998087
1341845858.485842 -0.146278 0.094851 -0.350753 -0.055129 -0.007512 0.025499 0.998125
1341845858.517682 -0.146781 0.091977 -0.349869 -0.055544 -0.007815 0.023497 0.998149
1341845858.549803 -0.147517 0.090620 -0.350883 -0.054786 -0.008576 0.022908 0.998198
1341845858.585823 -0.146069 0.091437 -0.354054 -0.054040 -0.009922 0.022870 0.998228
1341845858.618138 -0.140158 0.096483 -0.358433 -0.054602 -0.009905 0.020640 0.998246
1341845858.654134 -0.145223 0.090950 -0.357161 -0.056675 -0.008155 0.020149 0.998156
1341845858.685756 -0.146059 0.090717 -0.359432 -0.056520 -0.009590 0.022620 0.998099
1341845858.717690 -0.138436 0.092256 -0.361949 -0.056258 -0.010150 0.022585 0.998109
1341845858.753674 -0.137885 0.097826 -0.366765 -0.057174 -0.007524 0.020337 0.998129
1341845858.785618 -0.142766 0.092786 -0.365492 -0.060924 -0.006132 0.020665 0.997910
1341845858.817756 -0.141949 0.086135 -0.363875 -0.060612 -0.007091 0.022642 0.997879
1341845858.853864 -0.136764 0.091872 -0.369385 -0.058533 -0.006851 0.022556 0.998007
1341845858.885702 -0.139614 0.092180 -0.371347 -0.060590 -0.004895 0.019726 0.997956
1341845858.922000 -0.140285 0.086511 -0.369528 -0.062090 -0.005042 0.018795 0.997881
1341845858.954158 -0.134843 0.085014 -0.371378 -0.060847 -0.005526 0.018371 0.997963
1341845858.985944 -0.132835 0.088610 -0.377366 -0.060312 -0.003748 0.017631 0.998017
1341845859.021830 -0.136091 0.091086 -0.379082 -0.063426 -0.002210 0.016171 0.997853
1341845859.053720 -0.134102 0.086984 -0.379578 -0.066137 -0.002310 0.015243 0.997691
1341845859.085862 -0.132275 0.086526 -0.381685 -0.066480 -0.001763 0.015579 0.997665
1341845859.121873 -0.130924 0.090364 -0.385304 -0.068113 -0.000886 0.015214 0.997561
1341845859.153800 -0.131251 0.086454 -0.384045 -0.070490 0.000192 0.014056 0.997413
1341845859.189853 -0.130521 0.084725 -0.385782 -0.070326 0.000462 0.014214 0.997423
1341845859.221654 -0.127671 0.086515 -0.388710 -0.070539 0.000866 0.012738 0.997427
1341845859.253689 -0.125437 0.087670 -0.391323 -0.071847 0.002182 0.009094 0.997372
1341845859.289745 -0.126991 0.086410 -0.392632 -0.074005 0.003694 0.005652 0.997235
1341845859.321911 -0.127550 0.080549 -0.390991 -0.075178 0.004032 0.004079 0.997154
1341845859.353758 -0.120636 0.080205 -0.394548 -0.074639 0.004499 0.002900 0.997196
1341845859.389950 -0.121615 0.078233 -0.396300 -0.074408 0.006842 0.002581 0.997201
1341845859.421715 -0.118646 0.078017 -0.399417 -0.074113 0.008042 0.001247 0.997217
1341845859.457807 -0.117291 0.076301 -0.401020 -0.074429 0.010310 -0.000860 0.997173
1341845859.489859 -0.118671 0.076185 -0.402086 -0.074684 0.012057 -0.001295 0.997133
1341845859.521735 -0.117333 0.072294 -0.398725 -0.075044 0.013101 -0.001569 0.997093
1341845859.557712 -0.115812 0.070715 -0.402333 -0.073111 0.014374 -0.001819 0.997219
1341845859.589783 -0.114354 0.073668 -0.405707 -0.072975 0.016205 -0.002830 0.997198
1341845859.625646 -0.111903 0.068533 -0.404568 -0.073468 0.018135 -0.003444 0.997127
1341845859.657759 -0.107248 0.067638 -0.409333 -0.072641 0.021409 -0.003689 0.997122
1341845859.689869 -0.113020 0.068559 -0.408274 -0.072478 0.024552 -0.002315 0.997065
1341845859.725812 -0.108921 0.063660 -0.407701 -0.070029 0.024149 0.001853 0.997251
1341845859.757824 -0.104928 0.067053 -0.411412 -0.067392 0.025921 0.001322 0.997389
1341845859.789818 -0.109172 0.064354 -0.411004 -0.066296 0.028847 0.000985 0.997382
1341845859.825831 -0.114272 0.060615 -0.405942 -0.063397 0.028972 0.002098 0.997566
1341845859.857647 -0.107500 0.065789 -0.412731 -0.059286 0.028174 0.003755 0.997836
1341845859.893646 -0.105161 0.069080 -0.417607 -0.058452 0.029236 0.003420 0.997856
1341845859.925740 -0.110419 0.068685 -0.414947 -0.059075 0.030112 0.001245 0.997798
1341845859.957775 -0.117582 0.063157 -0.406395 -0.059083 0.029647 -0.001035 0.997812
1341845859.993847 -0.113835 0.062170 -0.407923 -0.055888 0.027023 -0.001404 0.998070
1341845860.025774 -0.110999 0.065626 -0.415959 -0.054164 0.025757 -0.002957 0.998195
1341845860.057745 -0.117158 0.065429 -0.409196 -0.052942 0.021976 -0.004188 0.998347
1341845860.093794 -0.114216 0.063891 -0.412302 -0.052248 0.017870 -0.004850 0.998462
1341845860.125763 -0.113655 0.060201 -0.408633 -0.050535 0.015895 -0.005942 0.998578
1341845860.161703 -0.121473 0.065223 -0.412327 -0.048626 0.013693 -0.006506 0.998702
1341845860.193724 -0.119851 0.058615 -0.408177 -0.048093 0.008277 -0.008355 0.998774
1341845860.225730 -0.115910 0.056237 -0.410349 -0.045165 0.004619 -0.010884 0.998910
1341845860.261716 -0.117685 0.059071 -0.414570 -0.043009 0.002432 -0.013941 0.998974
1341845860.294553 -0.124198 0.051501 -0.410716 -0.041374 -0.001766 -0.016191 0.999011
1341845860.325872 -0.120474 0.055821 -0.412173 -0.036896 -0.007027 -0.015813 0.999169
1341845860.361673 -0.113744 0.053962 -0.421984 -0.035982 -0.009701 -0.017250 0.999156
1341845860.393714 -0.115191 0.050438 -0.425350 -0.033499 -0.012594 -0.017484 0.999206
1341845860.429768 -0.116708 0.056933 -0.431951 -0.032389 -0.015832 -0.018457 0.999179
1341845860.461780 -0.114632 0.055964 -0.427160 -0.032836 -0.019738 -0.018919 0.999087
1341845860.493718 -0.112596 0.056125 -0.427265 -0.032403 -0.021721 -0.017977 0.999077
1341845860.529831 -0.112144 0.057557 -0.432500 -0.032266 -0.023763 -0.016863 0.999054
1341845860.567950 -0.110793 0.062345 -0.433240 -0.033209 -0.025458 -0.016708 0.998984
1341845860.604131 -0.108446 0.060286 -0.433837 -0.035363 -0.026479 -0.018682 0.998849
1341845860.638227 -0.111616 0.060151 -0.431200 -0.036630 -0.026771 -0.019416 0.998782
1341845860.668441 -0.113591 0.058708 -0.430256 -0.037044 -0.028499 -0.017792 0.998749
1341845860.706028 -0.110536 0.057155 -0.431231 -0.036161 -0.030562 -0.015831 0.998753
1341845860.736338 -0.112308 0.065797 -0.434929 -0.035988 -0.031656 -0.014510 0.998745
1341845860.772400 -0.119434 0.062613 -0.433756 -0.038321 -0.034469 -0.013592 0.998578
1341845860.803824 -0.109820 0.065397 -0.435725 -0.038761 -0.038538 -0.013448 0.998415
