# timestamp tx ty tz qx qy qz qw
1341846313.654000 0.000000 0.000000 0.000000 0.000000 0.000000 0.000000 1.000000
1341846313.686000 0.009327 0.001282 0.004122 0.001258 -0.002719 0.000035 0.999996
1341846313.722000 0.014422 0.002866 0.003421 0.001149 -0.003707 0.000872 0.999992
1341846313.754000 0.024955 0.001134 0.002305 0.000436 -0.004905 0.002653 0.999984
1341846313.790000 0.031762 0.000424 0.002189 0.001488 -0.005593 0.001104 0.999983
1341846313.822000 0.029102 0.002265 -0.000152 0.001668 -0.003163 0.000407 0.999994
1341846313.854000 0.025888 0.002472 0.004159 0.001099 0.000509 -0.000460 0.999999
1341846313.890000 0.014188 0.002985 0.001686 0.000970 0.005121 -0.000621 0.999986
1341846313.922000 0.003163 0.007283 0.001564 -0.000654 0.007555 0.000663 0.999971
1341846313.958000 0.006137 0.008079 0.010990 -0.002250 0.011436 0.002063 0.999930
1341846313.990000 -0.010318 0.010153 0.016430 -0.002946 0.021398 0.001951 0.999765
1341846314.022000 -0.018223 0.015845 0.027145 -0.004355 0.024574 0.002090 0.999686
1341846314.058000 -0.023447 0.021155 0.039907 -0.006469 0.028627 0.003330 0.999564
1341846314.090000 -0.034428 0.015283 0.047267 -0.006712 0.036425 0.004471 0.999304
1341846314.122000 -0.044689 -0.001056 0.043592 -0.011752 0.042198 0.007834 0.999009
1341846314.158000 -0.043738 -0.002978 0.055178 -0.014134 0.045613 0.009299 0.998816
1341846314.190000 -0.049594 -0.003024 0.056222 -0.013875 0.051121 0.009921 0.998547
1341846314.226000 -0.058305 -0.000296 0.052992 -0.015963 0.054508 0.012129 0.998312
1341846314.258000 -0.054719 0.000506 0.063690 -0.017331 0.056613 0.012677 0.998165
1341846314.290000 -0.056395 0.008840 0.064636 -0.014436 0.058846 0.010428 0.998108
1341846314.326000 -0.088096 -0.009829 0.046971 -0.018889 0.061125 0.010811 0.997893
1341846314.358000 -0.081659 -0.010644 0.059709 -0.019776 0.063979 0.010716 0.997698
1341846314.390000 -0.083931 -0.008657 0.061808 -0.017687 0.067749 0.009247 0.997503
1341846314.428000 -0.120395 -0.028292 0.017793 -0.020687 0.070454 0.007076 0.997275
1341846314.494000 -0.113539 -0.027230 0.027612 -0.018846 0.080304 -0.000633 0.996592
1341846314.526000 -0.121250 -0.027821 0.016651 -0.018964 0.083002 -0.002626 0.996365
1341846314.558000 -0.109380 -0.021230 0.027923 -0.018799 0.085186 -0.002649 0.996184
1341846314.594000 -0.114871 -0.022903 0.038309 -0.017529 0.091446 -0.003879 0.995648
1341846314.626000 -0.122742 -0.019341 0.019401 -0.016646 0.095696 -0.003748 0.995264
1341846314.658000 -0.105386 -0.017625 0.018657 -0.018438 0.095269 -0.004415 0.995271
1341846314.694000 -0.085041 -0.027347 0.032668 -0.019452 0.097631 -0.005633 0.995017
1341846314.726000 -0.095900 -0.043603 0.030482 -0.017601 0.102886 -0.001060 0.994537
1341846314.762000 -0.084085 -0.041485 0.034443 -0.013662 0.101862 0.003051 0.994700
1341846314.794000 -0.073912 -0.046711 0.026697 -0.011615 0.102907 0.005319 0.994609
1341846314.826000 -0.061915 -0.034224 0.020675 -0.007228 0.105469 0.004434 0.994386
1341846314.862000 -0.202988 -0.042325 -0.003750 -0.008474 0.137733 0.009154 0.990391
1341846314.894000 -0.020613 -0.040014 0.002521 -0.008302 0.104585 0.007101 0.994456
1341846314.926000 -0.023626 -0.037210 0.011791 -0.007730 0.109005 0.008133 0.993978
1341846314.962000 -0.024878 -0.031637 0.019808 -0.010362 0.110957 0.013893 0.993674
1341846314.995000 -0.016042 -0.035308 0.020508 -0.014389 0.111035 0.014675 0.993604
1341846315.030000 -0.002938 -0.040016 0.023031 -0.015521 0.113879 0.013481 0.993282
1341846315.062000 -0.005452 -0.034740 0.017793 -0.014567 0.116802 0.014628 0.992941
1341846315.094000 0.000554 -0.042805 0.018680 -0.015796 0.115318 0.016904 0.993059
1341846315.130000 0.003659 -0.035050 0.017610 -0.012524 0.116044 0.014191 0.993064
1341846315.162000 -0.001498 -0.030598 0.013661 -0.015206 0.117262 0.017643 0.992828
1341846315.198000 0.002698 -0.012045 0.013321 -0.018587 0.114838 0.013378 0.993120
1341846315.230000 0.006966 -0.020703 0.006550 -0.023325 0.113527 0.009450 0.993216
1341846315.262000 0.005639 -0.013041 0.006142 -0.024626 0.112084 0.010028 0.993343
1341846315.298000 0.023674 -0.038595 0.010875 -0.030948 0.106168 0.016590 0.993728
1341846315.330000 0.025344 -0.064774 0.002214 -0.032511 0.105130 0.021347 0.993698
1341846315.362000 0.004903 -0.052783 -0.010723 -0.025238 0.108125 0.021303 0.993589
1341846315.398000 0.026787 -0.043816 -0.001386 -0.021167 0.105551 0.024849 0.993878
1341846315.430000 0.040659 -0.065067 -0.002067 -0.022919 0.106380 0.029236 0.993631
1341846315.466000 0.077537 -0.050292 -0.004246 -0.019593 0.104394 0.029843 0.993895
1341846315.498000 0.061383 -0.044664 -0.011306 -0.018971 0.110317 0.034600 0.993113
1341846315.530000 0.065365 -0.044962 -0.006466 -0.019017 0.111489 0.035519 0.992949
1341846315.566000 0.068508 -0.043116 -0.008094 -0.019588 0.112843 0.036633 0.992744
1341846315.598000 0.078075 -0.042273 -0.002815 -0.019547 0.113101 0.036201 0.992731
1341846315.630000 0.082894 -0.040101 -0.012869 -0.018927 0.113002 0.035314 0.992787
1341846315.666000 0.091300 -0.032360 -0.037542 -0.018435 0.111814 0.035025 0.992941
1341846315.698000 0.079835 -0.005983 -0.018689 -0.018781 0.117933 0.030498 0.992375
1341846315.734000 0.054487 -0.045738 0.027847 -0.028623 0.128558 0.032042 0.990771
1341846315.766000 0.022838 -0.050607 0.032125 -0.029153 0.131689 0.032249 0.990337
1341846315.798000 0.014469 -0.044462 0.028643 -0.028923 0.133152 0.033873 0.990094
1341846315.834000 0.043747 -0.016709 -0.047221 -0.023203 0.122144 0.027114 0.991871
1341846315.867000 0.029395 -0.012860 -0.046654 -0.020051 0.125526 0.025616 0.991557
1341846315.898000 -0.031720 -0.013590 -0.073890 -0.018506 0.135356 0.024478 0.990322
1341846315.937000 -0.029767 -0.015569 -0.099639 -0.015523 0.135357 0.022730 0.990414
1341846315.967000 -0.003034 -0.028117 -0.040560 -0.014959 0.133698 0.024015 0.990618
1341846316.034000 0.013044 -0.018520 -0.047223 -0.009230 0.128850 0.024277 0.991324
1341846316.066000 0.004341 -0.019421 -0.043602 -0.006895 0.129337 0.024502 0.991274
1341846316.102000 -0.005236 -0.018354 -0.046289 -0.005398 0.128302 0.025188 0.991401
1341846316.134000 -0.024071 -0.012408 -0.046734 -0.005491 0.127156 0.022463 0.991613
1341846316.202000 -0.040848 -0.019891 -0.038373 -0.006051 0.123434 0.018340 0.992165
1341846316.234000 -0.045684 -0.018598 -0.041408 -0.005553 0.122616 0.017115 0.992291
1341846316.270000 -0.049393 -0.022047 -0.036743 -0.007731 0.123237 0.013758 0.992252
1341846316.302000 -0.055941 -0.030256 -0.029007 -0.008304 0.124200 0.011327 0.992158
1341846316.334000 -0.054495 -0.029521 -0.028650 -0.006376 0.121998 0.013205 0.992422
1341846316.370000 -0.070231 -0.033075 -0.028983 -0.004789 0.122587 0.013708 0.992352
1341846316.402000 -0.078309 -0.032589 -0.028181 -0.003112 0.122169 0.014898 0.992393
1341846316.438000 -0.067978 -0.033051 -0.003050 -0.001135 0.121281 0.016741 0.992476
1341846316.470000 -0.070503 -0.048613 0.009030 -0.000479 0.121574 0.021094 0.992358
1341846316.502000 -0.064947 -0.034730 0.005537 0.003061 0.117884 0.025632 0.992692
1341846316.538000 -0.057752 -0.033205 0.011722 0.000877 0.114151 0.025138 0.993145
1341846316.570000 -0.047038 -0.034844 0.017962 0.000635 0.112274 0.024174 0.993383
1341846316.602000 -0.057611 -0.036869 0.017565 0.002491 0.113100 0.022606 0.993323
1341846316.638000 -0.067075 -0.041673 0.021108 0.004374 0.112350 0.024112 0.993367
1341846316.670000 -0.053284 -0.044937 0.026710 0.005946 0.109322 0.023698 0.993706
1341846316.706000 -0.030311 -0.020443 0.015073 0.015483 0.104268 0.025058 0.994113
1341846316.738000 -0.037036 -0.021737 -0.004944 0.016842 0.102883 0.027930 0.994159
1341846316.770000 -0.071083 -0.036992 0.037586 0.012749 0.108836 0.029203 0.993549
1341846316.806000 -0.084415 -0.045575 0.031723 0.012810 0.109131 0.027409 0.993567
1341846316.838000 -0.004259 -0.012320 -0.011215 0.019066 0.093699 0.025270 0.995097
1341846316.870000 -0.007041 -0.014653 -0.001286 0.019429 0.089991 0.026721 0.995394
1341846316.906000 -0.013654 -0.014990 -0.003492 0.020392 0.086958 0.026766 0.995644
1341846316.938000 -0.006001 -0.006351 -0.019747 0.021665 0.083430 0.025640 0.995948
1341846316.974000 -0.052106 -0.014915 -0.032193 0.019646 0.086567 0.025280 0.995731
1341846317.006000 -0.013494 -0.000750 -0.079935 0.021607 0.074845 0.026703 0.996603
1341846317.038000 -0.030108 -0.009035 -0.066072 0.020635 0.074456 0.026201 0.996666
1341846317.074000 -0.044474 -0.013296 -0.059008 0.021301 0.073975 0.026283 0.996686
1341846317.106000 -0.041619 -0.016258 -0.055801 0.023411 0.070203 0.028925 0.996838
1341846317.138000 -0.075324 -0.031606 -0.067151 0.023787 0.067340 0.031167 0.996959
1341846317.174000 -0.122051 -0.032616 -0.065638 0.024990 0.067301 0.035762 0.996778
1341846317.206000 -0.064942 -0.022845 -0.078173 0.026218 0.052457 0.034973 0.997666
1341846317.248000 -0.140745 -0.043043 -0.056539 0.024444 0.062627 0.036226 0.997080
1341846317.306000 -0.109406 -0.031689 -0.066925 0.027661 0.047671 0.040731 0.997649
1341846317.348000 -0.132752 -0.041071 -0.062327 0.027529 0.052082 0.040414 0.997445
1341846317.410000 -0.160952 -0.041512 -0.061028 0.028906 0.053109 0.045382 0.997138
1341846317.443000 -0.167667 -0.061140 -0.063067 0.028834 0.053494 0.046481 0.997069
1341846317.474000 -0.154268 -0.045455 -0.076994 0.037981 0.049933 0.053444 0.996598
1341846317.510000 -0.165837 -0.037728 -0.078186 0.040762 0.047883 0.054768 0.996517
1341846317.542000 -0.166865 -0.036387 -0.083991 0.039967 0.044409 0.056244 0.996628
1341846317.574000 -0.162329 -0.042192 -0.076384 0.039255 0.043967 0.055063 0.996742
1341846317.610000 -0.172378 -0.052326 -0.080112 0.040685 0.045646 0.054889 0.996618
1341846317.644000 -0.188535 -0.040539 -0.077388 0.044639 0.046394 0.057916 0.996243
1341846317.678000 -0.186180 -0.043281 -0.078061 0.045076 0.041127 0.060086 0.996326
1341846317.710000 -0.184560 -0.044038 -0.080883 0.047490 0.037776 0.059758 0.996367
1341846317.742000 -0.185450 -0.037474 -0.093122 0.048022 0.035932 0.060524 0.996363
1341846317.778000 -0.186756 -0.038349 -0.092532 0.046114 0.034306 0.059512 0.996572
1341846317.810000 -0.174606 -0.039588 -0.089549 0.045644 0.028800 0.057904 0.996862
1341846317.842000 -0.163186 -0.028342 -0.096526 0.046555 0.023787 0.056900 0.997010
1341846317.878000 -0.150074 -0.026238 -0.097253 0.044577 0.020545 0.054019 0.997333
1341846317.910000 -0.133456 -0.027777 -0.096125 0.043822 0.018247 0.051089 0.997565
1341846317.946000 -0.132732 -0.023049 -0.088287 0.046203 0.018250 0.053151 0.997350
1341846317.978000 -0.114677 -0.022680 -0.086976 0.048334 0.012480 0.053360 0.997327
1341846318.010000 -0.107954 -0.035447 -0.092494 0.047988 0.011248 0.051618 0.997450
1341846318.046000 -0.119899 -0.032618 -0.094138 0.048339 0.013052 0.050748 0.997456
1341846318.078000 -0.101747 -0.026818 -0.092495 0.048556 0.008315 0.049560 0.997556
1341846318.110000 -0.129462 -0.034069 -0.089142 0.047129 0.011330 0.047362 0.997701
1341846318.146000 -0.147219 -0.035033 -0.087769 0.046382 0.006228 0.044466 0.997914
1341846318.178000 -0.149277 -0.034851 -0.080867 0.046023 0.006137 0.041709 0.998050
1341846318.214000 -0.149485 -0.031303 -0.081083 0.047964 0.002706 0.041084 0.998000
1341846318.246000 -0.167123 -0.029934 -0.079868 0.051808 -0.001138 0.043049 0.997728
1341846318.278000 -0.178338 -0.038101 -0.077012 0.054017 -0.003931 0.042680 0.997620
1341846318.314000 -0.202458 -0.040522 -0.066069 0.055887 -0.007553 0.042015 0.997524
1341846318.346000 -0.218334 -0.045334 -0.034553 0.056613 -0.016660 0.038647 0.997509
1341846318.382000 -0.208421 -0.035740 -0.036318 0.060134 -0.024857 0.039626 0.997094
1341846318.414000 -0.202710 -0.015178 -0.045432 0.065457 -0.034580 0.043453 0.996309
1341846318.446000 -0.204922 -0.018115 -0.042191 0.067148 -0.040822 0.043700 0.995949
1341846318.482000 -0.203558 -0.016250 -0.049548 0.068573 -0.043892 0.043823 0.995716
1341846318.514000 -0.214901 -0.021413 -0.055616 0.068040 -0.044826 0.044582 0.995677
1341846318.546000 -0.231388 -0.029989 -0.053301 0.068674 -0.045324 0.044255 0.995626
1341846318.582000 -0.236850 -0.024015 -0.059584 0.070581 -0.045258 0.044574 0.995481
1341846318.614000 -0.249734 -0.025909 -0.059928 0.069818 -0.045282 0.043623 0.995576
1341846318.650000 -0.257737 -0.028147 -0.061136 0.069208 -0.045846 0.040620 0.995720
1341846318.682000 -0.253217 -0.023854 -0.070283 0.069461 -0.048496 0.038880 0.995646
1341846318.714000 -0.267089 -0.025053 -0.072064 0.069077 -0.048977 0.038335 0.995671
1341846318.750000 -0.292282 -0.030725 -0.064625 0.069563 -0.048338 0.039810 0.995610
1341846318.782000 -0.309705 -0.028974 -0.072258 0.071403 -0.047999 0.041470 0.995429
1341846318.814000 -0.328278 -0.030677 -0.072690 0.071068 -0.052366 0.038773 0.995341
1341846318.850000 -0.356007 -0.030423 -0.071078 0.072379 -0.054635 0.036897 0.995196
1341846318.884000 -0.361924 -0.035744 -0.060611 0.074884 -0.064590 0.033326 0.994540
1341846318.918000 -0.388786 -0.035877 -0.067082 0.077216 -0.072536 0.033053 0.993823
1341846318.950000 -0.437774 -0.040659 -0.064670 0.079364 -0.077745 0.029186 0.993381
1341846318.982000 -0.445493 -0.040507 -0.074257 0.080699 -0.081409 0.026688 0.993050
1341846319.018000 -0.461989 -0.045392 -0.099719 0.079667 -0.086698 0.026730 0.992684
1341846319.051000 -0.489530 -0.053438 -0.075569 0.081400 -0.091233 0.024589 0.992193
1341846319.082000 -0.509052 -0.053475 -0.075870 0.086898 -0.089778 0.021382 0.991933
1341846319.118000 -0.544699 -0.045465 -0.090470 0.089805 -0.087345 0.026741 0.991762
1341846319.150000 -0.571307 -0.048559 -0.087530 0.091631 -0.090176 0.032900 0.991156
1341846319.186000 -0.601356 -0.047368 -0.095888 0.093047 -0.090930 0.036521 0.990828
1341846319.218000 -0.633203 -0.046111 -0.100558 0.089505 -0.083972 0.036241 0.991778
1341846319.250000 -0.666301 -0.052941 -0.095538 0.082993 -0.075747 0.035286 0.993041
1341846319.287000 -0.702128 -0.058652 -0.096808 0.081188 -0.070082 0.037798 0.993513
1341846319.318000 -0.743836 -0.064485 -0.094242 0.081302 -0.068393 0.043030 0.993409
1341846319.350000 -0.757306 -0.065249 -0.094044 0.082259 -0.067352 0.048599 0.993144
1341846319.386000 -0.801179 -0.069032 -0.092863 0.084093 -0.066186 0.054062 0.992787
1341846319.418000 -0.788836 -0.069236 -0.096271 0.084616 -0.074382 0.057538 0.991966
1341846319.454000 -0.846241 -0.070711 -0.092840 0.085332 -0.067535 0.051997 0.992700
1341846319.486000 -0.859539 -0.070376 -0.095321 0.084323 -0.067296 0.050885 0.992860
1341846319.554000 -0.812054 -0.052308 -0.077145 0.082174 -0.083227 0.047827 0.991985
1341846319.586000 -0.829578 -0.054332 -0.071499 0.082537 -0.082872 0.042889 0.992210
1341846319.622000 -0.870476 -0.055502 -0.082833 0.080580 -0.082703 0.040482 0.992486
1341846319.654000 -0.878191 -0.059004 -0.070782 0.080207 -0.087940 0.039628 0.992100
1341846319.686000 -0.897128 -0.052994 -0.042138 0.083019 -0.091624 0.040494 0.991500
1341846319.722000 -0.901969 -0.049108 -0.057280 0.083687 -0.095670 0.041808 0.991008
1341846319.754000 -0.902676 -0.042336 -0.058931 0.080659 -0.098551 0.042438 0.990949
1341846319.786000 -0.907761 -0.037279 -0.046940 0.077304 -0.098566 0.045836 0.991064
1341846319.822000 -0.916359 -0.033054 -0.048729 0.074616 -0.099062 0.049657 0.991036
1341846319.854000 -0.920489 -0.033477 -0.044494 0.069570 -0.100048 0.053790 0.991089
1341846319.890000 -0.927590 -0.048429 -0.041675 0.065183 -0.100463 0.058295 0.991090
1341846319.922000 -0.936319 -0.051094 -0.049771 0.064935 -0.104228 0.058343 0.990715
1341846319.954000 -0.945975 -0.048966 -0.012018 0.066380 -0.108903 0.055030 0.990306
1341846319.990000 -0.958273 -0.046074 -0.004622 0.069552 -0.111013 0.047798 0.990229
1341846320.028000 -0.971058 -0.051215 0.003604 0.070833 -0.113874 0.046239 0.989888
1341846320.090000 -0.959665 -0.042447 -0.006166 0.076575 -0.121350 0.048668 0.988454
1341846320.122000 -0.965688 -0.044413 -0.002213 0.076830 -0.117709 0.050796 0.988768
1341846320.158000 -0.951890 -0.045863 0.015041 0.076863 -0.115905 0.051325 0.988951
1341846320.190000 -0.922898 -0.061782 0.022476 0.077637 -0.114822 0.051147 0.989026
1341846320.222000 -0.927573 -0.057982 0.018472 0.082325 -0.110165 0.050852 0.989192
1341846320.258000 -0.927913 -0.075662 0.001437 0.084118 -0.107721 0.053458 0.989173
1341846320.290000 -0.916709 -0.075104 -0.016220 0.091282 -0.108615 0.050739 0.988583
1341846320.322000 -0.910154 -0.073343 -0.032806 0.100080 -0.108909 0.047341 0.987867
1341846320.358000 -0.872820 -0.065854 -0.024617 0.104770 -0.111817 0.050693 0.986889
1341846320.390000 -0.856291 -0.067625 -0.019533 0.106115 -0.107007 0.051594 0.987232
1341846320.427000 -0.831592 -0.069923 -0.049285 0.108446 -0.100486 0.047368 0.987876
1341846320.458000 -0.830643 -0.070089 -0.046558 0.109468 -0.092785 0.045064 0.988624
1341846320.490000 -0.822978 -0.071780 -0.032437 0.113586 -0.085957 0.043458 0.988848
1341846320.526000 -0.794982 -0.070418 -0.046683 0.116556 -0.080090 0.042510 0.989036
1341846320.558000 -0.768321 -0.067346 -0.056042 0.117713 -0.077815 0.039283 0.989215
1341846320.594000 -0.764948 -0.069125 -0.038732 0.119412 -0.071505 0.034320 0.989672
1341846320.632000 -0.753674 -0.066521 -0.047362 0.121859 -0.064208 0.033504 0.989902
1341846320.665000 -0.736947 -0.064286 -0.056359 0.121954 -0.060733 0.032168 0.990153
1341846320.700000 -0.690662 -0.061338 -0.055895 0.122724 -0.061852 0.029898 0.990060
1341846320.732000 -0.658742 -0.062117 -0.055226 0.124042 -0.059224 0.030554 0.990037
1341846320.764000 -0.640698 -0.046545 -0.102114 0.121898 -0.058421 0.032129 0.990301
1341846320.800000 -0.605462 -0.055510 -0.071901 0.115522 -0.061743 0.027011 0.991016
1341846320.832000 -0.555711 -0.066466 -0.048948 0.115810 -0.056182 0.025262 0.991359
1341846320.864000 -0.510881 -0.045823 -0.119443 0.115089 -0.051049 0.028005 0.991647
1341846320.900000 -0.482314 -0.054950 -0.093560 0.108826 -0.058141 0.031978 0.991844
1341846320.932000 -0.449780 -0.064403 -0.080526 0.109205 -0.059114 0.031404 0.991763
1341846320.968000 -0.460497 -0.058413 -0.124621 0.107261 -0.044700 0.032627 0.992690
1341846321.000000 -0.436590 -0.064836 -0.109583 0.100755 -0.046410 0.032804 0.993287
1341846321.032000 -0.396755 -0.061533 -0.093373 0.099283 -0.046934 0.028196 0.993552
1341846321.068000 -0.372544 -0.056817 -0.109706 0.099492 -0.043992 0.026106 0.993723
1341846321.100000 -0.334549 -0.053019 -0.100263 0.097286 -0.044751 0.026467 0.993898
1341846321.132000 -0.310743 -0.059366 -0.069179 0.097495 -0.044084 0.027837 0.993869
1341846321.168000 -0.279947 -0.052495 -0.074154 0.100490 -0.041237 0.028157 0.993684
1341846321.200000 -0.251042 -0.045608 -0.075987 0.101217 -0.040107 0.027991 0.993661
1341846321.232000 -0.236822 -0.042860 -0.058551 0.101656 -0.039878 0.026128 0.993677
1341846321.268000 -0.215274 -0.036403 -0.062331 0.102565 -0.038220 0.021487 0.993759
1341846321.300000 -0.201052 -0.038070 -0.052908 0.101320 -0.033803 0.015387 0.994160
1341846321.332000 -0.172220 -0.041048 -0.050244 0.101148 -0.031760 0.010769 0.994306
1341846321.368000 -0.146036 -0.041566 -0.041284 0.103234 -0.030865 0.007736 0.994148
1341846321.400000 -0.148370 -0.043885 -0.045281 0.104220 -0.024097 0.006245 0.994243
1341846321.436000 -0.097395 -0.043900 -0.042598 0.105654 -0.023079 0.005486 0.994120
1341846321.468000 -0.087333 -0.041262 -0.040546 0.107787 -0.020562 0.006080 0.993943
1341846321.500000 -0.095816 -0.045128 -0.043229 0.108405 -0.015097 0.006053 0.993974
1341846321.536000 -0.130719 -0.042220 -0.030131 0.107697 -0.001478 0.004307 0.994173
1341846321.569000 -0.165417 -0.059529 -0.015182 0.100704 0.010871 0.001744 0.994856
1341846321.604000 -0.087287 -0.039575 -0.024256 0.101113 0.003774 0.002752 0.994864
1341846321.637000 -0.041395 -0.034771 -0.033728 0.098593 0.005240 0.002871 0.995110
1341846321.668000 -0.054253 -0.040269 -0.035868 0.093006 0.016446 0.005083 0.995517
1341846321.704000 -0.026626 -0.029867 -0.029279 0.091597 0.014534 0.014188 0.995589
1341846321.737000 0.027089 -0.027310 -0.043242 0.091187 0.001751 0.020518 0.995621
1341846321.772000 -0.082996 -0.036629 -0.039757 0.086403 0.020618 0.019818 0.995850
1341846321.804000 -0.027340 -0.023140 -0.034510 0.083500 0.016213 0.029885 0.995928
1341846321.836000 0.001443 0.008373 -0.071513 0.084808 0.014414 0.032638 0.995758
1341846321.872000 0.009399 0.047852 -0.064037 0.085812 0.013993 0.031267 0.995722
1341846321.904000 0.016287 0.040655 -0.060836 0.078874 0.015135 0.028535 0.996361
1341846321.940000 0.020300 0.032261 -0.057158 0.073336 0.018262 0.024058 0.996850
1341846322.004000 0.020962 0.012427 -0.057193 0.064504 0.015418 0.024537 0.997497
1341846322.066000 0.054539 0.027331 -0.061050 0.062585 0.017044 0.022332 0.997644
1341846322.108000 0.052350 0.013753 -0.058553 0.060100 0.018928 0.021099 0.997790
1341846322.166000 0.050341 -0.009311 -0.060599 0.062882 0.019014 0.021449 0.997609
1341846322.203000 0.055195 -0.012645 -0.062678 0.064283 0.016277 0.021309 0.997571
1341846322.234000 0.055052 -0.016048 -0.062159 0.063333 0.014842 0.019318 0.997695
1341846322.266000 0.050125 -0.026979 -0.057821 0.060667 0.012572 0.019914 0.997880
1341846322.302000 0.060879 -0.040526 -0.056440 0.058681 0.009965 0.021127 0.998003
1341846322.334000 0.042656 -0.053746 -0.064613 0.057941 0.009691 0.020360 0.998065
1341846322.370000 0.060927 -0.065053 -0.060052 0.059139 0.002755 0.017417 0.998094
1341846322.402000 0.073844 -0.070761 -0.062556 0.062124 0.003826 0.011057 0.998000
1341846322.434000 0.065104 -0.088850 -0.061374 0.067567 0.005536 0.009370 0.997655
1341846322.470000 0.059733 -0.105197 -0.064581 0.074687 0.002048 0.011184 0.997142
1341846322.502000 0.065567 -0.129414 -0.061301 0.079040 -0.000930 0.012534 0.996792
1341846322.534000 0.069672 -0.145256 -0.059312 0.087358 -0.001189 0.013464 0.996085
1341846322.570000 0.071275 -0.149587 -0.057595 0.097065 -0.001677 0.016719 0.995136
1341846322.602000 0.054974 -0.153260 -0.053569 0.103405 -0.003236 0.019614 0.994441
1341846322.638000 0.076192 -0.172389 -0.059612 0.107750 -0.007742 0.018841 0.993969
1341846322.670000 0.083667 -0.182209 -0.056342 0.111068 -0.004632 0.018850 0.993623
1341846322.702000 0.080589 -0.185304 -0.057312 0.115358 -0.003268 0.022228 0.993070
1341846322.738000 0.081096 -0.168853 -0.049526 0.119393 -0.006193 0.022494 0.992573
1341846322.770000 0.085272 -0.203347 -0.053938 0.117032 -0.004921 0.021883 0.992875
1341846322.806000 0.072054 -0.211625 -0.046005 0.120680 -0.004202 0.022995 0.992416
1341846322.838000 0.060902 -0.212848 -0.049977 0.123293 -0.007396 0.023961 0.992053
1341846322.870000 0.076719 -0.231698 -0.050936 0.124996 -0.014053 0.025092 0.991740
1341846322.906000 0.083638 -0.235234 -0.045031 0.129795 -0.015375 0.025124 0.991103
1341846322.938000 0.080514 -0.203344 -0.034219 0.133548 -0.014291 0.026923 0.990573
1341846322.970000 0.083097 -0.214467 -0.032469 0.128410 -0.014875 0.028460 0.991201
1341846323.012000 0.088154 -0.248848 -0.038837 0.122739 -0.014641 0.029016 0.991907
1341846323.074000 0.085365 -0.233875 -0.027561 0.122077 -0.014972 0.033154 0.991854
1341846323.106000 0.088492 -0.246526 -0.023232 0.119290 -0.015251 0.032566 0.992208
1341846323.138000 0.087425 -0.248251 -0.023640 0.120017 -0.015016 0.029043 0.992233
1341846323.174000 0.085421 -0.244156 -0.022994 0.118830 -0.015496 0.027668 0.992408
1341846323.206000 0.094532 -0.250707 -0.023819 0.115863 -0.016586 0.026005 0.992786
1341846323.238000 0.100979 -0.253634 -0.038955 0.112985 -0.013733 0.024927 0.993189
1341846323.274000 0.076312 -0.248193 -0.019515 0.110606 -0.011738 0.023361 0.993520
1341846323.306000 0.086747 -0.250881 -0.015165 0.105923 -0.016944 0.026094 0.993887
1341846323.342000 0.108060 -0.296213 -0.049817 0.099097 -0.015645 0.024153 0.994662
1341846323.374000 0.081663 -0.305171 -0.054219 0.099366 -0.010478 0.024676 0.994690
1341846323.406000 0.073097 -0.311521 -0.052267 0.099811 -0.014695 0.028891 0.994478
1341846323.442000 0.080528 -0.329333 -0.051265 0.099920 -0.018919 0.031607 0.994313
1341846323.474000 0.084929 -0.337058 -0.053720 0.104405 -0.017474 0.029457 0.993945
1341846323.506000 0.078738 -0.322366 -0.049703 0.108183 -0.017398 0.026702 0.993620
1341846323.542000 0.085121 -0.322357 -0.043229 0.107162 -0.017659 0.024981 0.993771
1341846323.574000 0.125144 -0.347891 -0.064480 0.104660 -0.015648 0.019940 0.994185
1341846323.610000 0.092280 -0.337247 -0.044371 0.107296 -0.007457 0.015930 0.994071
1341846323.642000 0.086571 -0.360544 -0.061568 0.103758 -0.005871 0.017134 0.994438
1341846323.674000 0.078564 -0.358000 -0.038356 0.105720 -0.007172 0.018908 0.994190
1341846323.710000 0.080465 -0.376486 -0.038357 0.106643 -0.008728 0.023389 0.993984
1341846323.742000 0.078693 -0.386699 -0.044823 0.111246 -0.010313 0.022306 0.993489
1341846323.775000 0.079769 -0.385701 -0.046131 0.114555 -0.012532 0.019812 0.993140
1341846323.810000 0.080757 -0.394497 -0.050022 0.115730 -0.013635 0.015494 0.993066
1341846323.842000 0.081396 -0.398184 -0.051747 0.117136 -0.013295 0.010579 0.992970
1341846323.878000 0.073820 -0.409341 -0.052518 0.117864 -0.013622 0.006207 0.992917
1341846323.910000 0.080147 -0.432917 -0.054715 0.119311 -0.015684 0.002849 0.992729
1341846323.942000 0.073078 -0.418134 -0.057296 0.125061 -0.015064 0.002330 0.992032
1341846323.978000 0.060992 -0.426734 -0.057506 0.126927 -0.017019 0.002639 0.991763
1341846324.016000 0.074902 -0.437219 -0.060336 0.129557 -0.020108 0.002881 0.991364
1341846324.048000 0.076828 -0.429455 -0.061572 0.132997 -0.018377 0.002322 0.990943
1341846324.084000 0.077515 -0.416463 -0.067035 0.134004 -0.017022 0.001425 0.990834
1341846324.116000 0.083697 -0.416920 -0.066737 0.131143 -0.015838 0.000235 0.991237
1341846324.152000 0.090244 -0.409796 -0.066543 0.131127 -0.013255 -0.004265 0.991268
1341846324.184000 0.086669 -0.391901 -0.062879 0.129008 -0.009093 -0.007408 0.991574
1341846324.220000 0.085385 -0.397779 -0.071649 0.123741 -0.007412 -0.007160 0.992261
1341846324.252000 0.079193 -0.391063 -0.058079 0.124106 -0.007124 -0.008099 0.992210
1341846324.284000 0.082405 -0.385604 -0.074138 0.123898 -0.008131 -0.009009 0.992221
1341846324.320000 0.077611 -0.371091 -0.074315 0.122913 -0.011430 -0.010081 0.992300
1341846324.352000 0.083533 -0.353146 -0.070846 0.119722 -0.015187 -0.011259 0.992627
1341846324.388000 0.093451 -0.343542 -0.071628 0.115675 -0.015503 -0.014487 0.993060
1341846324.420000 0.087152 -0.330058 -0.066633 0.111225 -0.012932 -0.017024 0.993565
1341846324.452000 0.083049 -0.326022 -0.064401 0.106573 -0.012557 -0.017567 0.994070
1341846324.488000 0.083266 -0.325818 -0.068308 0.104908 -0.012945 -0.014832 0.994287
1341846324.520000 0.079252 -0.313816 -0.082531 0.103482 -0.015169 -0.010274 0.994463
1341846324.556000 0.079532 -0.292630 -0.087541 0.102140 -0.020522 -0.006664 0.994536
1341846324.588000 0.081201 -0.280565 -0.084969 0.098887 -0.023433 -0.004935 0.994810
1341846324.620000 0.085560 -0.275672 -0.078596 0.096233 -0.026575 -0.005935 0.994986
1341846324.656000 0.086165 -0.265250 -0.080148 0.094960 -0.027287 -0.007602 0.995078
1341846324.688000 0.082172 -0.263003 -0.073428 0.094020 -0.027013 -0.006128 0.995185
1341846324.756000 0.068161 -0.223658 -0.071428 0.096455 -0.029769 -0.003390 0.994886
1341846324.814000 0.080676 -0.213266 -0.074782 0.087947 -0.035802 -0.006488 0.995460
1341846324.850000 0.073282 -0.204861 -0.073204 0.082616 -0.032457 -0.008334 0.996018
1341846324.882000 0.066883 -0.198938 -0.075215 0.079255 -0.033316 -0.008873 0.996258
1341846324.914000 0.069774 -0.184717 -0.070596 0.078824 -0.034887 -0.005711 0.996262
1341846324.950000 0.067632 -0.190103 -0.071640 0.079134 -0.034954 -0.002846 0.996247
1341846324.982000 0.053325 -0.178863 -0.076131 0.084566 -0.036687 -0.000947 0.995742
1341846325.018000 0.053408 -0.168101 -0.083026 0.088506 -0.041813 0.000850 0.995197
1341846325.050000 0.055419 -0.152624 -0.085017 0.090634 -0.047419 -0.000620 0.994754
1341846325.082000 0.052992 -0.135274 -0.083012 0.090177 -0.052048 -0.002278 0.994562
1341846325.119000 0.060503 -0.119097 -0.081872 0.086354 -0.053562 -0.004731 0.994812
1341846325.150000 0.058557 -0.116875 -0.078211 0.080695 -0.051145 -0.005772 0.995409
1341846325.182000 0.052092 -0.110170 -0.073917 0.077733 -0.049664 -0.003271 0.995731
1341846325.218000 0.051767 -0.105945 -0.075632 0.074435 -0.049455 0.001144 0.995998
1341846325.250000 0.048588 -0.097476 -0.073342 0.072445 -0.049456 0.004671 0.996135
1341846325.286000 0.051135 -0.086036 -0.071042 0.070135 -0.050158 0.007569 0.996247
1341846325.318000 0.062954 -0.088879 -0.059519 0.067706 -0.048167 0.010050 0.996491
1341846325.350000 0.052052 -0.098282 -0.061501 0.069452 -0.042416 0.011185 0.996620
1341846325.387000 0.073807 -0.073777 -0.065797 0.076414 -0.042828 0.015990 0.996028
1341846325.418000 0.083233 -0.067987 -0.058567 0.079228 -0.038064 0.018937 0.995950
1341846325.451000 0.084741 -0.080337 -0.064371 0.082388 -0.029414 0.021064 0.995943
1341846325.486000 0.074789 -0.066102 -0.068646 0.090604 -0.022874 0.022930 0.995360
1341846325.518000 0.075063 -0.046420 -0.055392 0.096042 -0.020588 0.025432 0.994839
1341846325.554000 0.080177 -0.048838 -0.075584 0.097733 -0.017257 0.024949 0.994750
1341846325.586000 0.074750 -0.033029 -0.082484 0.100354 -0.014001 0.022669 0.994595
1341846325.618000 0.074165 -0.012320 -0.081370 0.097735 -0.012408 0.021557 0.994902
1341846325.654000 0.074195 -0.026938 -0.080583 0.094953 -0.010727 0.019387 0.995235
1341846325.686000 0.072748 -0.019719 -0.078775 0.101197 -0.009160 0.022572 0.994568
1341846325.718000 0.066877 -0.000893 -0.069081 0.106520 -0.007953 0.029030 0.993855
1341846325.754000 0.066943 -0.003708 -0.075803 0.108751 -0.008243 0.032861 0.993492
1341846325.786000 0.068545 0.002240 -0.075920 0.115133 -0.007670 0.034086 0.992736
1341846325.822000 0.065910 0.021325 -0.074735 0.119447 -0.005588 0.035738 0.992181
1341846325.854000 0.058301 0.029550 -0.073314 0.120446 -0.004568 0.039093 0.991939
1341846325.886000 0.050918 0.043386 -0.078008 0.121059 -0.007117 0.044658 0.991615
1341846325.922000 0.054971 0.046383 -0.067379 0.119985 -0.011404 0.049028 0.991499
1341846325.954000 0.068399 0.045950 -0.066432 0.122056 -0.012111 0.051594 0.991107
1341846325.986000 0.059353 0.058280 -0.062072 0.125046 -0.008255 0.055473 0.990564
1341846326.022000 0.054608 0.056689 -0.061189 0.127122 -0.007984 0.060954 0.989980
1341846326.054000 0.058700 0.064418 -0.059819 0.131313 -0.009036 0.064062 0.989228
1341846326.090000 0.062271 0.086508 -0.059692 0.134956 -0.007257 0.063771 0.988771
1341846326.122000 0.062692 0.096823 -0.056283 0.134652 -0.003323 0.061791 0.988959
1341846326.154000 0.054385 0.097171 -0.048981 0.134913 -0.000195 0.060031 0.989037
1341846326.190000 0.047126 0.110702 -0.048339 0.137789 0.000118 0.062040 0.988517
1341846326.222000 0.043307 0.125690 -0.046478 0.137097 -0.001539 0.067520 0.988253
1341846326.259000 0.042684 0.138781 -0.043090 0.134228 -0.004320 0.070678 0.988417
1341846326.323000 0.046679 0.161764 -0.035617 0.127214 -0.005016 0.069850 0.989400
1341846326.360000 0.043546 0.163737 -0.033877 0.122819 -0.002842 0.068243 0.990076
1341846326.392000 0.033164 0.149867 -0.035687 0.119759 0.001281 0.070585 0.990290
1341846326.424000 0.017549 0.151014 -0.037057 0.122722 0.003885 0.074420 0.989639
1341846326.460000 0.008270 0.170262 -0.034386 0.126422 0.002442 0.078143 0.988891
1341846326.526000 0.030324 0.205484 -0.019905 0.126918 0.001451 0.076139 0.988986
1341846326.560000 0.028398 0.217118 -0.016678 0.122811 0.005268 0.077318 0.989400
1341846326.592000 0.035456 0.235749 -0.011779 0.122615 0.005489 0.080354 0.989181
1341846326.627000 0.040716 0.242660 -0.012978 0.120670 0.006727 0.079487 0.989482
1341846326.658000 0.035770 0.252953 -0.011625 0.117981 0.011655 0.077076 0.989952
1341846326.695000 0.028846 0.257381 0.001283 0.112968 0.015353 0.075640 0.990596
1341846326.726000 0.035231 0.270307 0.005473 0.106535 0.015336 0.072256 0.991561
1341846326.763000 0.038161 0.284151 0.001307 0.100849 0.018033 0.069490 0.992308
1341846326.827000 0.035623 0.331709 0.018034 0.090017 0.023528 0.065528 0.993504
1341846326.859000 0.037403 0.333589 0.018566 0.082449 0.024113 0.066426 0.994087
1341846326.895000 0.041009 0.325788 0.029511 0.080274 0.022631 0.070986 0.993984
1341846326.927000 0.036792 0.333115 0.032211 0.082084 0.019100 0.072949 0.993769
1341846326.959000 0.036819 0.348531 0.032744 0.084945 0.017700 0.074113 0.993468
1341846326.995000 0.026016 0.371147 0.038975 0.087367 0.020390 0.074570 0.993172
1341846327.026000 0.010543 0.375848 0.043839 0.083841 0.024890 0.071950 0.993566
1341846327.064000 -0.020773 0.365178 0.055010 0.078261 0.033529 0.070026 0.993905
1341846327.095000 0.016495 0.389627 0.048827 0.080388 0.028452 0.067569 0.994064
1341846327.129000 -0.129728 0.367238 0.033641 0.075341 0.049369 0.067575 0.993640
1341846327.162000 -0.165256 0.366673 0.025647 0.072122 0.054371 0.066337 0.993701
1341846327.194000 -0.154323 0.376648 0.002907 0.071034 0.050505 0.064203 0.994123
1341846327.230000 -0.222187 0.377250 0.014352 0.070827 0.066689 0.063894 0.993204
1341846327.262000 -0.262784 0.379428 0.017709 0.068713 0.076289 0.060747 0.992859
1341846327.294000 -0.320687 0.364813 0.067266 0.068935 0.093672 0.059273 0.991444
1341846327.330000 -0.309795 0.398647 0.033167 0.073422 0.096077 0.055068 0.991134
1341846327.362000 -0.361660 0.407629 0.001949 0.068532 0.108977 0.047773 0.990528
1341846327.394000 -0.330181 0.438533 -0.085929 0.068046 0.100016 0.042503 0.991746
1341846327.430000 -0.345472 0.459531 -0.081688 0.067021 0.101769 0.042267 0.991647
1341846327.462000 -0.361524 0.489621 -0.081297 0.064150 0.099558 0.042435 0.992055
1341846327.498000 -0.410589 0.458768 -0.089783 0.052012 0.104714 0.036596 0.992467
1341846327.530000 -0.405715 0.480697 -0.115898 0.051780 0.102265 0.040412 0.992586
1341846327.562000 -0.471101 0.500529 -0.149009 0.050945 0.108794 0.040661 0.991925
1341846327.598000 -0.511037 0.502107 -0.139471 0.052172 0.110846 0.044963 0.991448
1341846327.630000 -0.516622 0.516051 -0.146734 0.052920 0.105960 0.044680 0.991955
1341846327.662000 -0.540517 0.513433 -0.148549 0.049214 0.103216 0.036996 0.992752
1341846327.698000 -0.588035 0.516960 -0.142446 0.050204 0.109274 0.037181 0.992047
1341846327.730000 -0.637824 0.556036 -0.143007 0.052221 0.116461 0.039333 0.991041
1341846327.766000 -0.650660 0.557752 -0.130578 0.047940 0.117950 0.038032 0.991132
1341846327.798000 -0.684800 0.565214 -0.131083 0.042866 0.122957 0.041536 0.990615
1341846327.830000 -0.751640 0.560053 -0.121689 0.033561 0.132934 0.043179 0.989615
1341846327.866000 -0.783852 0.545832 -0.124688 0.027177 0.139631 0.044487 0.988830
1341846327.898000 -0.792551 0.561074 -0.119491 0.026088 0.141751 0.047170 0.988434
1341846327.930000 -0.928494 0.554911 -0.091058 0.020890 0.161461 0.046961 0.985540
1341846327.966000 -0.908566 0.521095 -0.095045 0.005693 0.157643 0.044734 0.986466
1341846327.998000 -0.905484 0.534878 -0.094844 -0.000621 0.158113 0.043059 0.986481
1341846328.034000 -0.887476 0.577462 -0.096377 0.002129 0.155530 0.039099 0.987055
1341846328.066000 -0.879159 0.553611 -0.118908 -0.009897 0.153207 0.041649 0.987266
1341846328.098000 -0.903804 0.496947 -0.129190 -0.022653 0.157985 0.047011 0.986062
1341846328.134000 -0.898352 0.491057 -0.144626 -0.019687 0.154822 0.051872 0.986383
1341846328.166000 -0.912229 0.500383 -0.148689 -0.016439 0.153206 0.053682 0.986598
1341846328.198000 -0.920105 0.486924 -0.143650 -0.018211 0.152765 0.051612 0.986746
1341846328.234000 -0.952861 0.523880 -0.128298 -0.004495 0.158561 0.049945 0.986075
1341846328.266000 -0.966879 0.506816 -0.116846 -0.002873 0.158718 0.049732 0.986066
1341846328.302000 -0.958217 0.485127 -0.119459 -0.002414 0.157360 0.047370 0.986402
1341846328.334000 -0.963458 0.464173 -0.120160 -0.000007 0.158259 0.050051 0.986128
1341846328.366000 -0.966875 0.430900 -0.124872 0.002052 0.158635 0.046224 0.986252
1341846328.402000 -0.964058 0.415834 -0.102006 0.013740 0.161008 0.043595 0.985894
1341846328.434000 -0.980381 0.404102 -0.102751 0.016486 0.162092 0.043872 0.985662
1341846328.470000 -1.187620 0.367445 -0.046947 0.017373 0.196139 0.040231 0.979597
1341846328.502000 -1.182821 0.357039 -0.045795 0.020716 0.197814 0.030851 0.979535
1341846328.534000 -1.174509 0.332586 -0.041558 0.020723 0.199415 0.025658 0.979360
1341846328.570000 -1.197809 0.293660 -0.028413 0.019542 0.204029 0.027302 0.978389
1341846328.603000 -1.221523 0.272281 -0.015957 0.025465 0.203294 0.029445 0.978344
1341846328.673000 -1.272735 0.261162 0.003132 0.041698 0.199640 0.024555 0.978674
1341846328.703000 -1.336837 0.226200 -0.020590 0.037640 0.206965 0.027330 0.977242
1341846328.770000 -1.402552 0.182392 -0.004326 0.043334 0.216953 0.022882 0.974951
1341846328.802000 -1.403798 0.163501 -0.005734 0.043802 0.214388 0.023711 0.975478
1341846328.838000 -1.439510 0.157541 0.007782 0.050032 0.219228 0.018452 0.974215
1341846328.870000 -1.438401 0.155817 0.007238 0.049492 0.217954 0.017083 0.974554
1341846328.904000 -1.433502 0.159266 0.013288 0.049403 0.214522 0.016813 0.975324
1341846328.940000 -1.450535 0.131898 0.019556 0.052542 0.215671 0.015239 0.974932
1341846328.970000 -1.452307 0.128029 0.014460 0.056323 0.213687 0.018468 0.975102
1341846329.006000 -1.451190 0.127693 0.018035 0.060819 0.211924 0.022340 0.975136
1341846329.038000 -1.525742 0.028362 0.069175 0.051673 0.226307 0.027407 0.972298
1341846329.106000 -1.533508 0.001428 0.079883 0.051116 0.228376 0.024862 0.971912
1341846329.138000 -1.560618 -0.010639 0.083531 0.052780 0.232456 0.021601 0.970934
1341846329.170000 -1.548835 -0.017022 0.078201 0.053830 0.229162 0.021522 0.971661
1341846329.209000 -1.537363 -0.030848 0.071976 0.052961 0.226314 0.020757 0.972392
1341846329.238000 -1.603367 -0.017003 0.088146 0.056067 0.236778 0.018535 0.969768
1341846329.274000 -1.603683 -0.035037 0.089854 0.053665 0.236224 0.020175 0.970006
1341846329.306000 -1.608462 -0.040984 0.082596 0.053465 0.233906 0.018852 0.970605
1341846329.338000 -1.658484 -0.072909 0.113216 0.043473 0.242779 0.018190 0.968936
1341846329.374000 -1.652537 -0.075100 0.114192 0.043318 0.241293 0.018175 0.969315
1341846329.406000 -1.657502 -0.067715 0.112956 0.047092 0.240371 0.013068 0.969450
1341846329.442000 -1.664932 -0.083501 0.109883 0.043118 0.240988 0.009346 0.969525
1341846329.474000 -1.671480 -0.097165 0.111195 0.040653 0.240530 0.003333 0.969784
1341846329.506000 -1.683813 -0.094273 0.116678 0.041754 0.240829 0.000816 0.969669
1341846329.542000 -1.688330 -0.105928 0.122130 0.040068 0.238598 0.000912 0.970291
1341846329.574000 -1.674290 -0.121526 0.106619 0.042332 0.233717 -0.000374 0.971383
1341846329.606000 -1.680145 -0.135631 0.104298 0.041983 0.233962 -0.001774 0.971337
1341846329.642000 -1.685603 -0.139060 0.109015 0.042069 0.233544 -0.001638 0.971434
1341846329.682000 -1.687883 -0.151987 0.113120 0.041005 0.230963 -0.001543 0.972097
1341846329.748000 -1.680021 -0.153270 0.107396 0.043472 0.230139 -0.003405 0.972180
1341846329.810000 -1.685116 -0.184765 0.105990 0.040977 0.233985 0.001593 0.971375
1341846329.842000 -1.685539 -0.191018 0.107613 0.043751 0.234148 0.004585 0.971205
1341846329.874000 -1.686714 -0.193967 0.107795 0.046823 0.234160 0.006990 0.971045
1341846329.910000 -1.686351 -0.181560 0.107122 0.049414 0.233618 0.009099 0.971030
1341846329.942000 -1.688162 -0.180038 0.107266 0.046989 0.233532 0.015047 0.971097
1341846329.978000 -1.689318 -0.221027 0.108618 0.041582 0.233469 0.017268 0.971321
1341846330.016000 -1.683948 -0.213843 0.104161 0.043412 0.233953 0.015192 0.971159
1341846330.048000 -1.682118 -0.179514 0.105527 0.045611 0.234353 0.018335 0.970908
1341846330.080000 -1.684561 -0.218436 0.106317 0.038056 0.234931 0.020767 0.971045
1341846330.116000 -1.682366 -0.233466 0.103603 0.040735 0.236088 0.021256 0.970645
1341846330.148000 -1.689521 -0.219760 0.104437 0.043662 0.236679 0.022146 0.970354
1341846330.181000 -1.689866 -0.195547 0.102378 0.042551 0.235915 0.026637 0.970476
1341846330.216000 -1.680129 -0.204301 0.101471 0.036930 0.235649 0.027886 0.970736
1341846330.248000 -1.680000 -0.200775 0.106338 0.036482 0.235970 0.028958 0.970644
1341846330.284000 -1.677527 -0.136411 0.102114 0.044210 0.234097 0.031885 0.970684
1341846330.316000 -1.677425 -0.187088 0.102122 0.030020 0.233373 0.032355 0.971385
1341846330.348000 -1.680454 -0.194804 0.109637 0.027486 0.232457 0.032482 0.971675
1341846330.384000 -1.680214 -0.199624 0.107021 0.025300 0.232080 0.032550 0.971823
1341846330.416000 -1.685581 -0.222588 0.108882 0.022190 0.233819 0.030061 0.971562
1341846330.453000 -1.690809 -0.221695 0.105691 0.025165 0.233361 0.029005 0.971632
1341846330.484000 -1.694077 -0.214332 0.107636 0.026662 0.231873 0.031409 0.971873
1341846330.516000 -1.695182 -0.224668 0.107701 0.025506 0.229765 0.034958 0.972284
1341846330.552000 -1.694619 -0.227927 0.105488 0.027355 0.228475 0.036868 0.972467
1341846330.584000 -1.660679 -0.205511 0.111915 0.028234 0.226701 0.035944 0.972891
1341846330.620000 -1.665624 -0.209060 0.110981 0.021944 0.225492 0.037135 0.973290
1341846330.652000 -1.664901 -0.205564 0.108466 0.016993 0.223799 0.036529 0.973802
1341846330.684000 -1.669409 -0.211507 0.108205 0.011949 0.224222 0.036545 0.973779
1341846330.720000 -1.677230 -0.221522 0.109884 0.010216 0.222475 0.038351 0.974130
1341846330.752000 -1.689295 -0.226729 0.114029 0.012666 0.219983 0.041579 0.974535
1341846330.788000 -1.687193 -0.223376 0.098437 0.014377 0.213953 0.044941 0.975704
1341846330.820000 -1.687695 -0.220661 0.104663 0.014733 0.209906 0.045692 0.976542
1341846330.852000 -1.701812 -0.215386 0.061745 0.015211 0.207993 0.047326 0.976866
1341846330.914000 -1.722115 -0.237149 0.013787 0.002430 0.203881 0.051781 0.977622
1341846330.950000 -1.713702 -0.235197 0.036082 0.000579 0.202607 0.050780 0.977942
1341846330.982000 -1.722326 -0.234145 0.024715 0.001924 0.198241 0.050889 0.978829
1341846331.014000 -1.728460 -0.230420 0.023496 0.001823 0.195389 0.051796 0.979355
1341846331.082000 -1.735670 -0.234163 0.029779 0.002641 0.193406 0.048568 0.979912
1341846331.114000 -1.733049 -0.231407 0.018720 0.002368 0.190360 0.047980 0.980538
1341846331.150000 -1.730672 -0.243194 0.021078 0.001464 0.189518 0.047228 0.980740
1341846331.182000 -1.739012 -0.246825 0.016762 0.003677 0.189626 0.045219 0.980808
1341846331.218000 -1.753224 -0.239122 0.014500 0.003137 0.187629 0.044561 0.981224
1341846331.250000 -1.752611 -0.246518 0.013064 0.000963 0.186634 0.042724 0.981500
1341846331.318000 -1.764497 -0.269591 0.009447 0.005876 0.197667 0.037748 0.979525
1341846331.350000 -1.766474 -0.269348 0.010289 0.004352 0.200245 0.036712 0.979048
1341846331.382000 -1.723877 -0.245625 -0.003161 0.012550 0.199844 0.033052 0.979190
1341846331.418000 -1.735069 -0.226602 0.015233 0.022302 0.210442 0.030882 0.976864
1341846331.450000 -1.692455 -0.230468 0.009526 0.021926 0.207706 0.032719 0.977398
1341846331.486000 -1.715293 -0.234399 0.017623 0.020182 0.213285 0.033829 0.976195
1341846331.518000 -1.698727 -0.242958 0.011343 0.017284 0.211393 0.032552 0.976706
1341846331.550000 -1.689065 -0.247424 0.017797 0.019566 0.216483 0.032202 0.975559
1341846331.586000 -1.716834 -0.222018 0.039433 0.024349 0.222223 0.029470 0.974246
1341846331.618000 -1.688334 -0.244818 0.023526 0.019245 0.218038 0.033010 0.975192
1341846331.654000 -1.723877 -0.259142 0.058106 0.017733 0.229281 0.028806 0.972772
1341846331.686000 -1.728553 -0.246382 0.063131 0.021270 0.232352 0.029347 0.971956
1341846331.718000 -1.729967 -0.249460 0.077354 0.015828 0.231996 0.029841 0.972130
1341846331.754000 -1.715512 -0.250010 0.076752 0.015223 0.231558 0.029752 0.972247
1341846331.786000 -1.713560 -0.258469 0.077192 0.016087 0.234026 0.027808 0.971700
1341846331.818000 -1.710042 -0.244605 0.080677 0.017566 0.234954 0.027537 0.971458
1341846331.854000 -1.708798 -0.262226 0.091301 0.013868 0.236196 0.027009 0.971231
1341846331.886000 -1.706810 -0.278077 0.096969 0.013331 0.239723 0.024729 0.970435
1341846331.922000 -1.706625 -0.260490 0.115186 0.016892 0.243795 0.023070 0.969405
1341846331.954000 -1.690746 -0.261186 0.119593 0.016582 0.244522 0.023652 0.969214
1341846331.986000 -1.654694 -0.283887 0.136435 0.016188 0.246887 0.025269 0.968580
1341846332.022000 -1.673600 -0.324595 0.137614 0.014521 0.252968 0.022353 0.967107
1341846332.054000 -1.676597 -0.313621 0.149632 0.021988 0.253827 0.022306 0.966742
1341846332.087000 -1.665274 -0.318848 0.156292 0.024518 0.253329 0.024285 0.966764
1341846332.122000 -1.668848 -0.304829 0.179875 0.026682 0.256340 0.020624 0.965998
1341846332.154000 -1.667859 -0.282073 0.182164 0.027003 0.255209 0.018653 0.966329
1341846332.190000 -1.658075 -0.274911 0.198399 0.021368 0.253390 0.019045 0.966941
1341846332.254000 -1.646218 -0.288523 0.220384 0.021269 0.253499 0.017828 0.966937
1341846332.290000 -1.640226 -0.281351 0.234311 0.024032 0.253212 0.019367 0.966918
1341846332.322000 -1.634549 -0.281125 0.242904 0.025430 0.252694 0.021065 0.966983
1341846332.354000 -1.654058 -0.265139 0.268665 0.031484 0.255991 0.022431 0.965906
1341846332.390000 -1.675995 -0.264105 0.269001 0.030969 0.263072 0.018742 0.964097
1341846332.422000 -1.684746 -0.261847 0.279845 0.027800 0.265557 0.013689 0.963597
1341846332.458000 -1.706777 -0.281511 0.315938 0.022995 0.276636 0.011446 0.960631
1341846332.490000 -1.724681 -0.277874 0.328242 0.024247 0.280901 0.011893 0.959357
1341846332.522000 -1.773044 -0.282433 0.368712 0.023548 0.289465 0.017031 0.956747
1341846332.558000 -1.770999 -0.283644 0.369383 0.025954 0.283575 0.023679 0.958306
1341846332.590000 -1.771012 -0.278264 0.356064 0.026970 0.280654 0.028699 0.959001
1341846332.622000 -1.761270 -0.251376 0.348795 0.027889 0.279010 0.030912 0.959385
1341846332.658000 -1.752822 -0.269437 0.340953 0.021507 0.278735 0.031242 0.959619
1341846332.690000 -1.757222 -0.242485 0.311665 0.026138 0.275150 0.031350 0.960534
1341846332.726000 -1.770314 -0.281655 0.368710 0.017836 0.279726 0.036831 0.959207
1341846332.758000 -1.770052 -0.279222 0.356945 0.019445 0.275981 0.037256 0.960244
1341846332.790000 -1.771729 -0.279731 0.342818 0.017300 0.275935 0.035885 0.960350
1341846332.826000 -1.776646 -0.276397 0.365185 0.016099 0.278782 0.035450 0.959565
1341846332.858000 -1.783216 -0.283070 0.371290 0.015861 0.280626 0.034827 0.959054
1341846332.894000 -1.770958 -0.271209 0.356757 0.017758 0.274504 0.037819 0.960678
1341846332.926000 -1.789983 -0.273218 0.393987 0.012578 0.279414 0.035971 0.959414
1341846332.958000 -1.794034 -0.274175 0.389199 0.009279 0.280363 0.034523 0.959228
1341846332.994000 -1.791944 -0.262114 0.389484 0.011786 0.277497 0.041555 0.959755
1341846333.027000 -1.812458 -0.270009 0.401184 0.007449 0.283021 0.040012 0.958250
1341846333.058000 -1.835041 -0.271002 0.419274 0.006723 0.289967 0.040025 0.956176
1341846333.094000 -1.861483 -0.280317 0.438752 0.006292 0.297509 0.043213 0.953720
1341846333.126000 -1.885323 -0.284676 0.447430 0.006234 0.303552 0.044644 0.951748
1341846333.162000 -1.925329 -0.289164 0.478868 0.004091 0.316944 0.046829 0.947279
1341846333.196000 -1.949135 -0.293269 0.491921 0.001921 0.323253 0.048895 0.945046
1341846333.226000 -1.975660 -0.305655 0.509034 -0.002393 0.329707 0.048470 0.942835
1341846333.262000 -1.950660 -0.275943 0.439935 0.002556 0.311637 0.048655 0.948951
1341846333.294000 -1.955542 -0.275144 0.449088 -0.000106 0.313490 0.048697 0.948342
1341846333.326000 -2.014108 -0.281478 0.475571 -0.001966 0.324770 0.048693 0.944537
1341846333.362000 -2.032873 -0.278033 0.481461 -0.004910 0.327677 0.048434 0.943535
1341846333.394000 -2.022668 -0.337551 0.447146 -0.028898 0.315777 0.034713 0.947758
1341846333.430000 -2.023273 -0.336276 0.445365 -0.029197 0.314341 0.035551 0.948195
1341846333.462000 -2.059246 -0.342595 0.468248 -0.030574 0.321367 0.033572 0.945865
1341846333.494000 -2.068335 -0.348843 0.472731 -0.031599 0.323549 0.031970 0.945143
1341846333.530000 -2.079769 -0.352937 0.480997 -0.031663 0.326044 0.031846 0.944287
1341846333.562000 -2.110469 -0.360593 0.501073 -0.032900 0.335274 0.032529 0.940984
1341846333.594000 -2.140603 -0.370707 0.527465 -0.037586 0.341269 0.033622 0.938612
1341846333.630000 -2.155506 -0.371577 0.537259 -0.041350 0.341696 0.033841 0.938290
1341846333.662000 -2.177390 -0.375146 0.553471 -0.044542 0.345212 0.035220 0.936805
1341846333.698000 -2.159496 -0.373739 0.552461 -0.045503 0.341333 0.035292 0.938177
1341846333.730000 -2.165503 -0.375048 0.552944 -0.043237 0.341618 0.034011 0.938228
1341846333.762000 -2.170814 -0.374438 0.551320 -0.041332 0.342900 0.034404 0.937831
1341846333.798000 -2.207033 -0.363151 0.566809 -0.036374 0.349712 0.031144 0.935633
1341846333.830000 -2.214156 -0.361916 0.568228 -0.034295 0.351119 0.028139 0.935279
1341846333.866000 -2.235903 -0.358225 0.578798 -0.032876 0.356070 0.024905 0.933549
1341846333.898000 -2.255046 -0.364708 0.588246 -0.032331 0.359374 0.023212 0.932344
1341846333.930000 -2.283632 -0.364780 0.597041 -0.029165 0.364883 0.019960 0.930382
1341846333.966000 -2.280335 -0.353954 0.586964 -0.024864 0.363352 0.017420 0.931157
1341846333.998000 -2.287113 -0.320828 0.581322 -0.015460 0.363411 0.008137 0.931465
1341846334.030000 -2.304908 -0.323640 0.585557 -0.013142 0.366993 0.007924 0.930097
1341846334.066000 -2.336565 -0.347110 0.604974 -0.016767 0.373680 0.008743 0.927365
1341846334.098000 -2.345846 -0.321233 0.600477 -0.008382 0.373197 0.005899 0.927696
1341846334.134000 -2.357911 -0.320734 0.603800 -0.006813 0.375531 0.005231 0.926770
1341846334.166000 -2.370734 -0.321017 0.603594 -0.006363 0.375243 0.005435 0.926889
1341846334.198000 -2.398699 -0.318869 0.617098 -0.005446 0.378756 0.003656 0.925473
1341846334.234000 -2.407308 -0.317539 0.617190 -0.005353 0.380185 0.002289 0.924892
1341846334.266000 -2.412562 -0.317759 0.620017 -0.004726 0.381805 0.002401 0.924228
1341846334.298000 -2.425433 -0.319586 0.618151 -0.003339 0.381180 0.003251 0.924489
1341846334.334000 -2.428540 -0.315169 0.608528 -0.001936 0.379078 0.003484 0.925356
1341846334.366000 -2.437702 -0.328044 0.607867 -0.006323 0.379731 0.002762 0.925071
1341846334.402000 -2.442360 -0.328439 0.600614 -0.007501 0.379903 0.002615 0.924992
1341846334.434000 -2.456829 -0.328423 0.596256 -0.006147 0.379526 0.002776 0.925156
1341846334.466000 -2.455249 -0.313952 0.598726 -0.002710 0.377816 0.002207 0.925874
1341846334.502000 -2.461707 -0.315998 0.591649 -0.004067 0.376060 0.003637 0.926579
1341846334.540000 -2.467447 -0.316444 0.592255 -0.004751 0.375194 0.002510 0.926931
1341846334.602000 -2.505183 -0.317155 0.589224 -0.012534 0.375205 -0.002853 0.926853
1341846334.670000 -2.515303 -0.319110 0.580137 -0.018687 0.372341 -0.006503 0.927885
1341846334.702000 -2.526684 -0.336547 0.574197 -0.022653 0.370281 -0.004072 0.928634
1341846334.735000 -2.536593 -0.337765 0.568196 -0.021503 0.368351 -0.001977 0.929436
1341846334.771000 -2.545182 -0.339603 0.557298 -0.020516 0.366714 0.000974 0.930107
1341846334.802000 -2.557444 -0.341954 0.545193 -0.021010 0.364540 0.001831 0.930949
1341846334.834000 -2.562942 -0.342699 0.533543 -0.021932 0.362677 0.001118 0.931656
1341846334.870000 -2.569221 -0.341217 0.518695 -0.022999 0.361356 0.001364 0.932143
1341846334.902000 -2.572447 -0.340456 0.503969 -0.023508 0.358425 0.002218 0.933260
1341846334.938000 -2.576783 -0.338543 0.492220 -0.023261 0.354591 0.001808 0.934730
1341846334.970000 -2.581690 -0.335947 0.482798 -0.022545 0.353570 0.001234 0.935135
1341846335.002000 -2.585200 -0.349917 0.471938 -0.022241 0.352781 0.003563 0.935435
1341846335.038000 -2.587341 -0.347622 0.452654 -0.018908 0.347434 0.004242 0.937504
1341846335.070000 -2.593976 -0.344270 0.442429 -0.018108 0.345091 0.004354 0.938385
1341846335.106000 -2.598296 -0.355220 0.438070 -0.020046 0.346339 0.003704 0.937888
1341846335.138000 -2.611419 -0.356489 0.433218 -0.018641 0.347981 0.002020 0.937314
1341846335.170000 -2.615829 -0.365139 0.408379 -0.020048 0.341789 0.002995 0.939558
1341846335.206000 -2.618696 -0.365856 0.400779 -0.021472 0.339753 0.001860 0.940268
1341846335.239000 -2.633660 -0.360256 0.404196 -0.020630 0.343317 -0.001849 0.938991
1341846335.270000 -2.639286 -0.363527 0.394606 -0.019712 0.343438 -0.003529 0.938962
1341846335.306000 -2.647952 -0.372987 0.386460 -0.019023 0.341714 -0.002210 0.939609
1341846335.338000 -2.659884 -0.368618 0.380982 -0.015934 0.341490 -0.002025 0.939748
1341846335.374000 -2.675599 -0.342629 0.379261 -0.006668 0.344990 -0.009987 0.938530
1341846335.406000 -2.685474 -0.333887 0.367026 0.002849 0.347110 -0.009900 0.937768
1341846335.438000 -2.694512 -0.325671 0.361074 0.008852 0.347876 -0.009469 0.937451
1341846335.474000 -2.692891 -0.321354 0.360921 0.011365 0.349144 -0.009494 0.936952
1341846335.507000 -2.697692 -0.320293 0.352939 0.011870 0.351173 -0.011489 0.936165
1341846335.538000 -2.707322 -0.314636 0.344862 0.011212 0.353009 -0.013341 0.935457
1341846335.574000 -2.715416 -0.320575 0.334633 0.007761 0.352503 -0.011161 0.935712
1341846335.606000 -2.718882 -0.326228 0.329984 0.005848 0.351568 -0.011193 0.936077
1341846335.642000 -2.726816 -0.322738 0.329344 0.006524 0.353500 -0.014627 0.935298
1341846335.674000 -2.737885 -0.318940 0.324902 0.006643 0.354502 -0.014992 0.934911
1341846335.706000 -2.746749 -0.320224 0.319959 0.006284 0.353388 -0.013967 0.935351
1341846335.742000 -2.749724 -0.323902 0.310071 0.006324 0.352645 -0.014343 0.935626
1341846335.774000 -2.760214 -0.319296 0.303443 0.006548 0.353348 -0.015246 0.935345
1341846335.806000 -2.766954 -0.318189 0.294559 0.004556 0.352549 -0.013637 0.935683
1341846335.842000 -2.770987 -0.323616 0.288727 0.002482 0.353288 -0.013097 0.935419
1341846335.874000 -2.783157 -0.322660 0.283146 0.003422 0.355221 -0.014477 0.934664
1341846335.910000 -2.797356 -0.316278 0.279856 0.004080 0.355803 -0.013380 0.934456
1341846335.942000 -2.810385 -0.320493 0.272911 0.002811 0.354398 -0.012081 0.935012
1341846335.974000 -2.815686 -0.324005 0.261226 0.001579 0.353028 -0.013492 0.935514
1341846336.010000 -2.827086 -0.322639 0.256809 0.001070 0.353396 -0.014840 0.935356
1341846336.042000 -2.834703 -0.321217 0.253314 0.000563 0.351988 -0.014273 0.935895
1341846336.078000 -2.839942 -0.323020 0.248485 0.000375 0.350117 -0.014958 0.936586
1341846336.111000 -2.844484 -0.321847 0.242888 0.000521 0.349790 -0.016081 0.936690
1341846336.142000 -2.856506 -0.321930 0.243848 0.000654 0.350391 -0.015519 0.936475
1341846336.184000 -2.881573 -0.319240 0.243093 0.000572 0.350099 -0.015357 0.936587
1341846336.242000 -2.871640 -0.317410 0.248331 -0.001156 0.348773 -0.014626 0.937093
1341846336.278000 -2.876429 -0.322748 0.248228 -0.000411 0.348940 -0.013082 0.937054
1341846336.310000 -2.879474 -0.313857 0.245198 0.004278 0.346438 -0.013165 0.937971
1341846336.346000 -2.884028 -0.309156 0.242728 0.006480 0.344988 -0.013181 0.938492
1341846336.378000 -2.848573 -0.293327 0.211650 0.010034 0.336664 -0.013640 0.941473
1341846336.410000 -2.858548 -0.291463 0.207325 0.010979 0.337629 -0.014137 0.941109
1341846336.446000 -2.826748 -0.300446 0.166668 0.009326 0.329573 -0.010462 0.944026
1341846336.478000 -2.825591 -0.303859 0.149190 0.008364 0.327977 -0.008386 0.944611
1341846336.510000 -2.792409 -0.301132 0.089105 0.010538 0.319751 -0.005758 0.947426
1341846336.546000 -2.776779 -0.300515 0.058163 0.012694 0.315508 -0.003146 0.948833
1341846336.578000 -2.768223 -0.303490 0.027379 0.012182 0.311990 0.000361 0.950007
1341846336.614000 -2.764787 -0.303524 0.019176 0.011477 0.311774 0.000093 0.950087
1341846336.646000 -2.758846 -0.300474 0.000323 0.010267 0.310497 -0.000419 0.950519
1341846336.678000 -2.733100 -0.303544 -0.021585 0.008632 0.303708 0.001072 0.952725
1341846336.714000 -2.700161 -0.299547 -0.045260 0.011977 0.295472 0.001067 0.955276
1341846336.746000 -2.663197 -0.300931 -0.078914 0.016289 0.285624 0.002063 0.958201
1341846336.778000 -2.652578 -0.298073 -0.105647 0.019730 0.278634 0.005309 0.960180
1341846336.820000 -2.638592 -0.299486 -0.129868 0.020358 0.272269 0.008356 0.961970
1341846336.882000 -2.565590 -0.301832 -0.194008 0.022641 0.256844 0.008041 0.966154
1341846336.914000 -2.529143 -0.297771 -0.220473 0.026415 0.246547 0.008749 0.968731
1341846336.946000 -2.513616 -0.283938 -0.249778 0.036833 0.239609 0.014064 0.970069
1341846336.982000 -2.508654 -0.270244 -0.295631 0.040057 0.233691 0.014198 0.971382
1341846337.014000 -2.502958 -0.263587 -0.326786 0.037043 0.229668 0.014479 0.972456
1341846337.046000 -2.460632 -0.264894 -0.324226 0.034091 0.225175 0.014420 0.973615
1341846337.082000 -2.470753 -0.258730 -0.338495 0.033364 0.225348 0.010671 0.973648
1341846337.114000 -2.470689 -0.261251 -0.355256 0.031529 0.222200 0.011202 0.974427
1341846337.150000 -2.446544 -0.243842 -0.374168 0.033214 0.216344 0.010169 0.975699
1341846337.182000 -2.418474 -0.235129 -0.374292 0.033737 0.214491 0.007551 0.976114
1341846337.214000 -2.390225 -0.228621 -0.381777 0.031328 0.214283 0.007074 0.976244
1341846337.250000 -2.357947 -0.222894 -0.396501 0.031040 0.206093 0.007900 0.978008
1341846337.282000 -2.338665 -0.224809 -0.410944 0.032342 0.199938 0.011624 0.979206
1341846337.318000 -2.336029 -0.222495 -0.424297 0.032143 0.199294 0.012788 0.979329
1341846337.350000 -2.324431 -0.223420 -0.445831 0.030328 0.198211 0.015431 0.979569
1341846337.382000 -2.312992 -0.221698 -0.456167 0.028216 0.196594 0.014333 0.979974
1341846337.418000 -2.312337 -0.222819 -0.470875 0.029644 0.197450 0.014065 0.979764
1341846337.450000 -2.301960 -0.219550 -0.498635 0.030365 0.191124 0.014358 0.980991
1341846337.482000 -2.299759 -0.214285 -0.503379 0.030171 0.190562 0.014347 0.981106
1341846337.518000 -2.292794 -0.215780 -0.505404 0.031721 0.188590 0.014419 0.981438
1341846337.550000 -2.294201 -0.210937 -0.513124 0.031538 0.187535 0.013783 0.981655
1341846337.586000 -2.305404 -0.200294 -0.511775 0.030817 0.188711 0.010942 0.981488
1341846337.618000 -2.303425 -0.219100 -0.514113 0.031340 0.188015 0.011745 0.981596
1341846337.650000 -2.307745 -0.215222 -0.514462 0.031638 0.188435 0.011085 0.981513
1341846337.686000 -2.303211 -0.206916 -0.518321 0.031015 0.187747 0.011806 0.981657
1341846337.718000 -2.298314 -0.209135 -0.518559 0.029509 0.187771 0.011984 0.981696
1341846337.750000 -2.287305 -0.200624 -0.524651 0.029590 0.188430 0.011010 0.981579
1341846337.786000 -2.277282 -0.192479 -0.560527 0.028619 0.188673 0.011659 0.981554
1341846337.818000 -2.264228 -0.192055 -0.553211 0.027042 0.190054 0.013167 0.981313
1341846337.854000 -2.262766 -0.189914 -0.558969 0.025641 0.192825 0.013279 0.980808
1341846337.886000 -2.265199 -0.186780 -0.560721 0.022178 0.194928 0.012482 0.980487
1341846337.918000 -2.251617 -0.187165 -0.556964 0.017258 0.194945 0.011605 0.980594
1341846337.954000 -2.226483 -0.178609 -0.555236 0.016596 0.193455 0.012793 0.980885
1341846337.986000 -2.211310 -0.177857 -0.554013 0.013463 0.193093 0.015541 0.980965
1341846338.018000 -2.221313 -0.169444 -0.551730 0.012135 0.196221 0.015134 0.980368
1341846338.054000 -2.220428 -0.158183 -0.553479 0.011140 0.198120 0.014167 0.980012
1341846338.086000 -2.213386 -0.135157 -0.554492 0.012253 0.200162 0.014022 0.979586
1341846338.122000 -2.211573 -0.140170 -0.553401 0.010322 0.201995 0.016351 0.979196
1341846338.154000 -2.201426 -0.134487 -0.546888 0.011154 0.201058 0.020028 0.979311
1341846338.186000 -2.185373 -0.141241 -0.536103 0.009250 0.199454 0.023417 0.979584
1341846338.222000 -2.165886 -0.132423 -0.537065 0.009106 0.198702 0.023052 0.979747
1341846338.254000 -2.150225 -0.127896 -0.530870 0.008568 0.198406 0.023370 0.979804
1341846338.290000 -2.149950 -0.128071 -0.529760 0.010050 0.198276 0.025561 0.979761
1341846338.322000 -2.146684 -0.129986 -0.523991 0.009363 0.199121 0.026997 0.979558
1341846338.354000 -2.134761 -0.124035 -0.518742 0.010186 0.198428 0.027158 0.979686
1341846338.390000 -2.130518 -0.120672 -0.515853 0.010107 0.199325 0.028455 0.979468
1341846338.422000 -2.126576 -0.125793 -0.503626 0.007102 0.199794 0.028152 0.979408
1341846338.454000 -2.118033 -0.118383 -0.485651 0.007044 0.199565 0.026966 0.979488
1341846338.490000 -2.116821 -0.124861 -0.483951 0.004509 0.199372 0.028071 0.979511
1341846338.522000 -2.114328 -0.128416 -0.475723 0.004573 0.200046 0.027016 0.979403
1341846338.558000 -2.109485 -0.109687 -0.467832 0.007054 0.199459 0.026178 0.979531
1341846338.590000 -2.102493 -0.128275 -0.467760 0.001343 0.198659 0.027617 0.979679
1341846338.622000 -2.083917 -0.127267 -0.460497 0.003055 0.198201 0.029363 0.979717
1341846338.658000 -2.087787 -0.124352 -0.457196 0.003988 0.198736 0.031415 0.979541
1341846338.690000 -2.082211 -0.121839 -0.453005 0.001499 0.197526 0.030529 0.979821
1341846338.722000 -2.065082 -0.121279 -0.442180 0.001618 0.197394 0.031118 0.979829
1341846338.758000 -2.075228 -0.116489 -0.438446 0.002152 0.198425 0.032047 0.979590
1341846338.790000 -2.074570 -0.112025 -0.431321 0.001253 0.197009 0.032509 0.979862
1341846338.826000 -2.068995 -0.113538 -0.414660 0.001424 0.197928 0.032046 0.979692
1341846338.858000 -2.077916 -0.110948 -0.413638 0.001012 0.202405 0.030334 0.978831
1341846338.890000 -2.086344 -0.103523 -0.393362 0.000194 0.205646 0.029929 0.978169
1341846338.926000 -2.083788 -0.101862 -0.385171 -0.000069 0.207154 0.027634 0.977918
1341846338.958000 -2.077285 -0.101196 -0.377697 0.000018 0.208754 0.026873 0.977599
1341846338.990000 -2.065004 -0.103170 -0.366885 0.000145 0.208063 0.027861 0.977719
1341846339.026000 -2.060288 -0.097037 -0.361570 0.004094 0.209337 0.027414 0.977451
1341846339.058000 -2.051798 -0.096793 -0.358565 0.006271 0.210562 0.027844 0.977164
1341846339.094000 -2.054912 -0.089615 -0.351776 0.006219 0.210811 0.029065 0.977075
1341846339.127000 -2.044327 -0.078051 -0.352328 0.005304 0.208842 0.029633 0.977486
1341846339.158000 -2.030376 -0.077805 -0.344076 0.002747 0.210332 0.028544 0.977209
1341846339.194000 -2.039659 -0.077104 -0.339533 0.000945 0.212910 0.029648 0.976621
1341846339.228000 -2.027482 -0.081817 -0.323449 -0.004030 0.210591 0.033903 0.976978
1341846339.258000 -2.017271 -0.089492 -0.319367 -0.008034 0.210681 0.033770 0.976938
1341846339.294000 -2.009414 -0.089180 -0.315074 -0.008289 0.212291 0.036732 0.976481
1341846339.327000 -2.002292 -0.110174 -0.278510 -0.017676 0.212100 0.043236 0.976131
1341846339.362000 -1.999023 -0.075683 -0.300475 -0.013521 0.208732 0.038613 0.977117
1341846339.395000 -1.996649 -0.082441 -0.296354 -0.015782 0.211096 0.038695 0.976572
1341846339.462000 -1.976368 -0.080838 -0.284645 -0.019117 0.208458 0.039113 0.977062
1341846339.497000 -1.933890 -0.099113 -0.265356 -0.021121 0.207564 0.039360 0.977201
1341846339.562000 -1.939552 -0.085543 -0.267920 -0.016135 0.210606 0.039323 0.976646
1341846339.595000 -1.930043 -0.085369 -0.258065 -0.014467 0.212241 0.038594 0.976348
1341846339.632000 -1.912572 -0.081084 -0.257929 -0.013370 0.213406 0.035291 0.976235
1341846339.665000 -1.911159 -0.083511 -0.251374 -0.014090 0.216472 0.032948 0.975631
1341846339.699000 -1.904066 -0.085843 -0.249489 -0.014679 0.216260 0.031977 0.975702
1341846339.732000 -1.891537 -0.080516 -0.241131 -0.013625 0.215721 0.030124 0.975895
1341846339.762000 -1.879571 -0.075034 -0.236983 -0.011879 0.215590 0.029308 0.975972
1341846339.798000 -1.879892 -0.081074 -0.232980 -0.012707 0.216652 0.030908 0.975677
1341846339.830000 -1.871767 -0.077723 -0.226621 -0.012012 0.215649 0.030832 0.975910
1341846339.862000 -1.868114 -0.082241 -0.223109 -0.013591 0.216270 0.031098 0.975744
1341846339.898000 -1.861950 -0.078002 -0.216496 -0.013836 0.217595 0.030173 0.975475
1341846339.930000 -1.856467 -0.074443 -0.205345 -0.012510 0.218615 0.031003 0.975238
1341846339.962000 -1.850468 -0.074790 -0.199619 -0.010804 0.217844 0.031665 0.975410
1341846339.998000 -1.842736 -0.075585 -0.196491 -0.009991 0.219224 0.031204 0.975124
1341846340.030000 -1.835303 -0.073288 -0.188620 -0.008067 0.221164 0.032239 0.974670
1341846340.066000 -1.830292 -0.073585 -0.184034 -0.005799 0.222307 0.032854 0.974406
1341846340.098000 -1.829515 -0.070349 -0.181147 -0.004332 0.222959 0.033204 0.974252
1341846340.130000 -1.819579 -0.069425 -0.177184 -0.005054 0.222025 0.032402 0.974489
1341846340.166000 -1.806115 -0.070086 -0.174982 -0.004140 0.222810 0.030861 0.974364
1341846340.198000 -1.811424 -0.074549 -0.165882 -0.004492 0.226871 0.030546 0.973435
1341846340.230000 -1.807966 -0.070267 -0.159896 -0.005283 0.226914 0.030219 0.973431
1341846340.266000 -1.790372 -0.065337 -0.150133 -0.004342 0.226641 0.029561 0.973520
1341846340.298000 -1.790977 -0.067432 -0.147032 -0.002647 0.229270 0.029864 0.972901
1341846340.334000 -1.794622 -0.054267 -0.140107 -0.001134 0.229298 0.030320 0.972883
1341846340.366000 -1.781333 -0.072367 -0.140143 -0.005983 0.225903 0.032087 0.973603
1341846340.398000 -1.776243 -0.071728 -0.139887 -0.004070 0.226121 0.031113 0.973594
1341846340.434000 -1.775323 -0.073976 -0.137140 -0.004000 0.226022 0.032240 0.973580
1341846340.466000 -1.776758 -0.078123 -0.138538 -0.003738 0.223903 0.033819 0.974017
1341846340.502000 -1.774633 -0.079121 -0.136200 -0.003242 0.221421 0.033792 0.974587
1341846340.534000 -1.767276 -0.062909 -0.130669 0.000735 0.219616 0.032246 0.975053
1341846340.566000 -1.761856 -0.058108 -0.130176 0.003749 0.218391 0.032046 0.975328
1341846340.602000 -1.760201 -0.060745 -0.133421 0.005570 0.218018 0.032163 0.975399
1341846340.634000 -1.757621 -0.052683 -0.134039 0.007187 0.217523 0.030007 0.975567
1341846340.666000 -1.753969 -0.062807 -0.141528 0.004639 0.217268 0.028868 0.975674
1341846340.702000 -1.750090 -0.059678 -0.142650 0.006977 0.218554 0.025996 0.975454
1341846340.734000 -1.751845 -0.055944 -0.145943 0.007870 0.220479 0.023759 0.975070
1341846340.770000 -1.752337 -0.053557 -0.145441 0.006909 0.221155 0.020943 0.974989
1341846340.802000 -1.748622 -0.053615 -0.148705 0.006052 0.221696 0.015798 0.974969
1341846340.834000 -1.750125 -0.049600 -0.149569 0.005305 0.224139 0.011673 0.974473
1341846340.870000 -1.751261 -0.047050 -0.145952 0.004316 0.224418 0.009870 0.974434
1341846340.902000 -1.752103 -0.052914 -0.151288 0.004532 0.223970 0.010226 0.974532
1341846340.934000 -1.758436 -0.063987 -0.156797 0.004448 0.224231 0.012917 0.974440
1341846340.970000 -1.751817 -0.086130 -0.172479 0.001782 0.218863 0.019912 0.975551
1341846341.002000 -1.756414 -0.088852 -0.169615 0.003948 0.216074 0.024619 0.976059
1341846341.038000 -1.768259 -0.065904 -0.165444 0.010583 0.216150 0.024440 0.975997
1341846341.070000 -1.768369 -0.070600 -0.168883 0.010117 0.215282 0.024969 0.976180
1341846341.102000 -1.761815 -0.094408 -0.181117 0.004945 0.211375 0.027636 0.977002
1341846341.138000 -1.771735 -0.073703 -0.173370 0.009652 0.212175 0.025484 0.976852
1341846341.170000 -1.767947 -0.074560 -0.173994 0.010509 0.211339 0.026931 0.976985
1341846341.202000 -1.769954 -0.076208 -0.176740 0.012210 0.211079 0.028255 0.976984
1341846341.238000 -1.769539 -0.077499 -0.180840 0.013616 0.211075 0.028592 0.976957
1341846341.270000 -1.773286 -0.076703 -0.181461 0.014814 0.211944 0.028379 0.976757
1341846341.306000 -1.774437 -0.077440 -0.184145 0.015118 0.211253 0.027370 0.976931
1341846341.338000 -1.773138 -0.080486 -0.187789 0.014827 0.211396 0.025628 0.976952
1341846341.370000 -1.772197 -0.079371 -0.188399 0.015054 0.212437 0.022822 0.976792
1341846341.406000 -1.777755 -0.077932 -0.186112 0.015258 0.213441 0.021981 0.976590
1341846341.438000 -1.778571 -0.084537 -0.184883 0.015743 0.211777 0.022306 0.976937
1341846341.470000 -1.775126 -0.084849 -0.191682 0.017725 0.210857 0.020459 0.977142
1341846341.506000 -1.781097 -0.077606 -0.190076 0.018075 0.212452 0.018659 0.976826
1341846341.538000 -1.784569 -0.080519 -0.187210 0.017281 0.210967 0.019500 0.977146
1341846341.574000 -1.783013 -0.081052 -0.189201 0.018433 0.208702 0.020495 0.977591
1341846341.612000 -1.786822 -0.081052 -0.194052 0.018677 0.208319 0.020895 0.977659
1341846341.644000 -1.801075 -0.087288 -0.195184 0.016030 0.209327 0.019667 0.977516
1341846341.680000 -1.801486 -0.088151 -0.194741 0.016181 0.207835 0.020814 0.977809
1341846341.712000 -1.805871 -0.086192 -0.194563 0.017758 0.206100 0.023181 0.978095
1341846341.744000 -1.804406 -0.091911 -0.199025 0.017515 0.203978 0.025055 0.978498
1341846341.780000 -1.804351 -0.091261 -0.201254 0.018330 0.203150 0.026782 0.978610
1341846341.843000 -1.802778 -0.096651 -0.205446 0.021456 0.202035 0.031668 0.978631
1341846341.906000 -1.807126 -0.106016 -0.210617 0.024379 0.201992 0.035619 0.978436
1341846341.942000 -1.805203 -0.111188 -0.213379 0.027695 0.201500 0.036748 0.978407
1341846341.975000 -1.805025 -0.098476 -0.213418 0.033552 0.201250 0.036957 0.978267
1341846342.010000 -1.807983 -0.100284 -0.214356 0.034012 0.200162 0.038561 0.978413
1341846342.042000 -1.798204 -0.105537 -0.220517 0.035683 0.197911 0.039144 0.978788
1341846342.080000 -1.796562 -0.094763 -0.223305 0.039650 0.199838 0.038330 0.978276
1341846342.112000 -1.800855 -0.094386 -0.218715 0.040949 0.201122 0.039838 0.977899
1341846342.148000 -1.795924 -0.093970 -0.219673 0.044686 0.198966 0.042068 0.978083
1341846342.180000 -1.800208 -0.093503 -0.224219 0.047303 0.200257 0.041500 0.977720
1341846342.212000 -1.799236 -0.092608 -0.222465 0.047719 0.200739 0.041071 0.977619
1341846342.248000 -1.800750 -0.095714 -0.223117 0.048066 0.201297 0.039040 0.977571
1341846342.280000 -1.797777 -0.089522 -0.222124 0.050986 0.201260 0.039246 0.977423
1341846342.316000 -1.796359 -0.088411 -0.225358 0.052658 0.200832 0.039828 0.977398
1341846342.348000 -1.800807 -0.090491 -0.229043 0.052224 0.201535 0.039339 0.977297
1341846342.380000 -1.796180 -0.100253 -0.232818 0.050612 0.201245 0.040995 0.977373
1341846342.416000 -1.803831 -0.108620 -0.234077 0.049767 0.202714 0.042601 0.977044
