# timestamp tx ty tz qx qy qz qw
1341845820.887882 0.000000 0.000000 0.000000 0.000000 0.000000 0.000000 1.000000
1341845820.920082 0.004750 -0.020407 0.002925 -0.005043 -0.000798 0.001022 0.999986
1341845820.955790 -0.045410 0.051978 0.006503 0.006939 0.007024 -0.000176 0.999951
1341845820.987817 -0.060071 0.056846 0.008837 0.007439 0.009441 -0.002209 0.999925
1341845821.019783 -0.025510 0.001362 0.013107 -0.002900 0.002487 0.000390 0.999993
1341845821.055706 -0.009289 0.025645 0.001180 0.002497 -0.001179 0.000186 0.999996
1341845821.087831 -0.026533 -0.004900 -0.002828 -0.002412 -0.000018 0.002450 0.999994
1341845821.119871 0.019077 -0.005490 0.002131 -0.000528 -0.005843 0.003575 0.999976
1341845821.155881 0.021281 -0.005466 0.006549 -0.001159 -0.003036 0.005353 0.999980
1341845821.188556 -0.689727 3.010883 2.528470 0.078296 -0.630336 0.772184 -0.016692
1341845821.223751 0.015286 0.014539 -0.010845 0.005382 -0.001389 0.009012 0.999944
1341845821.256005 0.044521 -0.005069 -0.007577 0.002143 -0.003644 0.007806 0.999961
1341845821.287883 0.047828 -0.065461 -0.006334 -0.009728 -0.001817 0.006938 0.999927
1341845821.323879 0.027906 -0.027980 -0.011298 -0.002639 0.003684 0.003981 0.999982
1341845821.355690 0.065187 -0.013662 -0.007146 0.000563 -0.000390 0.006532 0.999978
1341845821.388161 0.050284 0.004374 -0.005999 0.004026 0.002420 0.008354 0.999954
1341845821.424470 0.075361 -0.060170 -0.005652 -0.006450 -0.000145 0.009898 0.999930
1341845821.455778 0.111360 -0.090912 0.000215 -0.012118 -0.004184 0.010857 0.999859
1341845821.488014 0.122896 -0.104484 -0.000485 -0.014612 -0.005578 0.011176 0.999815
1341845821.524370 0.124450 -0.064151 -0.006668 -0.005486 -0.005110 0.009950 0.999922
1341845821.555644 0.148189 -0.052690 -0.009995 -0.001859 -0.007792 0.010992 0.999907
1341845821.587677 0.133519 -0.120884 0.003688 -0.014848 -0.005847 0.010558 0.999817
1341845821.623761 0.133694 -0.008901 -0.005335 0.004953 -0.006706 0.010303 0.999912
1341845821.655725 0.119375 -0.095694 0.000412 -0.010436 -0.004142 0.006920 0.999913
1341845821.691884 0.128689 -0.055841 -0.009271 -0.004069 -0.005523 0.007395 0.999949
1341845821.724228 0.130273 -0.088031 -0.006777 -0.009589 -0.007220 0.007639 0.999899
1341845821.755681 0.118607 -0.076316 -0.005746 -0.006865 -0.006081 0.008082 0.999925
1341845821.791636 0.115959 -0.059678 -0.007105 -0.003402 -0.005912 0.010131 0.999925
1341845821.823697 0.085392 0.007576 -0.013137 0.009845 -0.000365 0.005727 0.999935
1341845821.855574 0.129295 -0.082492 -0.003627 -0.007810 -0.007021 0.006327 0.999925
1341845821.891741 0.085470 -0.054924 -0.007101 -0.001527 -0.001100 0.003996 0.999990
1341845821.923730 0.112909 -0.031269 -0.012423 0.004353 -0.005932 0.006809 0.999950
1341845821.955750 0.126928 -0.013065 -0.013279 0.007496 -0.006902 0.007747 0.999918
1341845821.991786 0.118755 0.011566 -0.013444 0.011476 -0.005123 0.007091 0.999896
1341845822.023863 -0.782333 3.020419 2.512418 0.080940 -0.619056 0.780964 -0.017694
1341845822.059759 0.112178 -0.046398 -0.014375 0.001008 -0.003908 0.006230 0.999972
1341845822.091719 -0.744430 3.028174 2.519864 0.076711 -0.620980 0.779950 -0.013334
1341845822.123689 0.111495 -0.032543 -0.017707 0.005553 -0.002903 0.005388 0.999966
1341845822.185916 0.107418 0.018639 -0.012206 0.013516 -0.003333 0.006855 0.999880
1341845822.221838 0.139184 -0.006748 -0.007690 0.010072 -0.010866 0.006851 0.999867
1341845822.254004 0.088792 -0.059361 -0.011603 0.000871 -0.003517 0.005718 0.999977
1341845822.289876 0.104482 0.001498 -0.019628 0.011692 -0.006299 0.005823 0.999895
1341845822.321804 -0.733692 3.013231 2.438026 0.080965 -0.607168 0.790298 -0.014825
1341845822.353784 0.048536 0.065417 -0.020343 0.024555 0.001372 0.001987 0.999696
1341845822.391662 0.026006 0.081571 -0.020248 0.028005 0.004914 0.001932 0.999594
1341845822.428074 0.044931 0.093214 -0.022871 0.030517 0.000668 0.002395 0.999531
1341845822.459970 0.025536 0.092556 -0.020861 0.029529 0.003095 0.002538 0.999556
1341845822.495728 0.041738 0.102207 -0.017975 0.031588 -0.000777 0.002467 0.999498
1341845822.527724 0.021598 0.063656 -0.020454 0.024355 0.001325 0.001540 0.999701
1341845822.559648 0.025334 0.050854 -0.020161 0.021430 -0.000707 0.002503 0.999767
1341845822.595852 0.012360 0.125595 -0.011308 0.034878 0.000677 0.003988 0.999383
1341845822.627724 0.020409 0.088837 -0.012382 0.027261 -0.000770 0.004000 0.999620
1341845822.663716 0.032838 -0.071563 -0.016793 -0.001535 -0.004441 0.007861 0.999958
1341845822.695601 0.019360 -0.017532 -0.002355 0.011419 -0.005730 0.011568 0.999851
1341845822.731816 0.005743 0.110659 -0.009257 0.036252 -0.004384 0.013532 0.999241
1341845822.789911 -0.007527 0.088084 -0.005225 0.033200 -0.002362 0.012068 0.999373
1341845822.825897 0.015488 0.020177 -0.010167 0.020193 -0.005776 0.013217 0.999692
1341845822.859721 -0.016595 0.090347 0.002256 0.034262 -0.002693 0.012765 0.999328
1341845822.889712 -0.006522 0.117174 0.005388 0.041211 -0.006482 0.016569 0.998992
1341845822.925900 -0.037423 0.109056 -0.001636 0.040609 -0.002169 0.014715 0.999064
1341845822.957708 -0.063301 0.152374 -0.004669 0.048966 0.002567 0.013381 0.998708
1341845822.989939 -0.045272 0.079201 0.000769 0.036097 -0.000909 0.012738 0.999267
1341845823.025889 -0.042026 0.124576 0.001632 0.046034 -0.002009 0.013691 0.998844
1341845823.057775 -0.272871 -0.038389 -0.016713 0.018191 0.038917 0.003994 0.999069
1341845823.093671 -0.295715 -0.030122 -0.032184 0.021942 0.043877 0.003053 0.998791
1341845823.125951 -0.039192 0.131875 -0.004108 0.051214 0.000075 0.015264 0.998571
1341845823.157773 -0.071468 0.203721 -0.012167 0.065087 0.005899 0.013939 0.997765
1341845823.193885 -0.036394 -0.065590 -0.006272 0.015519 0.000237 0.015026 0.999767
1341845823.225800 -0.056509 0.163886 -0.002064 0.055771 0.001256 0.013712 0.998349
1341845823.261842 -0.082838 0.231832 0.001058 0.068073 0.003892 0.010707 0.997615
1341845823.293622 -0.074573 -0.175174 0.015470 -0.008390 0.003592 0.009286 0.999915
1341845823.325746 -0.284362 -0.383494 0.004466 -0.046466 0.041371 -0.000977 0.998062
1341845823.361852 -0.303698 -0.022143 -0.023862 0.018982 0.046559 0.002222 0.998733
1341845823.394013 -0.110246 0.136009 0.000268 0.048947 0.014444 0.011400 0.998632
1341845823.426028 -0.040457 0.120162 -0.006449 0.047241 0.002838 0.017328 0.998729
1341845823.461869 -0.043949 0.149838 -0.010697 0.053751 0.001678 0.018360 0.998384
1341845823.493758 -0.224532 0.065274 -0.026730 0.039077 0.033918 0.011129 0.998598
1341845823.529780 -0.062591 0.110212 -0.014102 0.046945 0.006682 0.017819 0.998716
1341845823.561916 0.006875 0.106791 -0.016566 0.046433 -0.008498 0.021991 0.998643
1341845823.593678 0.014931 0.085554 -0.011169 0.042870 -0.012256 0.022862 0.998744
1341845823.629815 -0.144689 0.102339 -0.010934 0.046465 0.015542 0.017374 0.998648
1341845823.661750 -0.099725 0.087245 -0.011389 0.043217 0.007741 0.018609 0.998862
1341845823.695523 -0.117159 0.174424 -0.002963 0.061310 0.007496 0.020290 0.997884
1341845823.729635 -0.111123 0.209105 0.014496 0.070787 0.003020 0.021093 0.997264
1341845823.761810 -0.343634 0.074923 -0.005423 0.048826 0.041282 0.013326 0.997865
1341845823.797871 -0.340354 -0.067956 -0.009339 0.022761 0.036800 0.012339 0.998987
1341845823.829660 -0.312576 -0.000770 -0.004184 0.034731 0.027664 0.011619 0.998946
1341845823.861808 -0.461885 -0.198288 -0.005766 0.000872 0.048986 0.004726 0.998788
1341845823.929826 -0.596868 -0.198150 0.008770 -0.000079 0.063648 -0.004016 0.997964
1341845823.961797 -0.682216 -0.580960 0.076651 -0.070802 0.074914 -0.012893 0.994590
1341845823.998070 -0.729955 -0.247280 0.014032 -0.010117 0.082757 -0.012303 0.996442
1341845824.029656 -0.721175 -0.251194 0.013804 -0.010610 0.080326 -0.012142 0.996638
1341845824.065768 -0.782427 -0.203730 0.034572 -0.002658 0.092730 -0.012264 0.995612
1341845824.097956 -0.923228 -0.719017 0.176859 -0.100800 0.120354 -0.025050 0.987283
1341845824.130299 -0.923228 -0.719017 0.176859 -0.100800 0.120354 -0.025050 0.987283
1341845824.165751 -0.753527 -0.528958 0.079000 -0.070958 0.115395 -0.017441 0.990628
1341845824.197930 -0.479542 -0.154957 -0.030830 -0.002572 0.072799 -0.002700 0.997340
1341845824.229907 -0.383207 -0.036630 -0.028593 0.022612 0.056085 0.003302 0.998164
1341845824.265800 -0.217312 -0.128418 -0.066177 0.008855 0.023976 0.012876 0.999590
1341845824.298080 -0.125250 -0.211623 -0.074782 -0.004567 0.000491 0.016265 0.999857
1341845824.333783 -0.495860 -0.214622 -0.031990 -0.003843 0.058405 -0.000538 0.998285
1341845824.365821 -0.773069 -0.233450 0.023530 -0.007332 0.104765 -0.011755 0.994401
1341845824.398039 -0.773069 -0.233450 0.023530 -0.007332 0.104765 -0.011755 0.994401
1341845824.433843 -0.470469 -0.478349 -0.017310 -0.048378 0.047057 0.000172 0.997720
1341845824.465921 -0.584622 -0.430343 -0.012957 -0.039435 0.061923 -0.001310 0.997301
1341845824.501802 -0.566975 -0.585241 -0.006941 -0.066157 0.055410 0.002244 0.996267
1341845824.533723 -0.544560 -0.693682 -0.000482 -0.086191 0.048424 0.005346 0.995087
1341845824.565735 -0.572014 -0.758534 0.022425 -0.098263 0.050330 0.008585 0.993850
1341845824.601758 -0.550446 -0.507220 -0.044473 -0.054182 0.043861 0.013674 0.997474
1341845824.633861 -0.512395 -0.674794 -0.017575 -0.083857 0.034865 0.019401 0.995679
1341845824.665789 -0.617566 -0.591374 -0.011465 -0.070292 0.049508 0.015912 0.996170
1341845824.701769 -0.617566 -0.591374 -0.011465 -0.070292 0.049508 0.015912 0.996170
1341845824.733585 -0.397988 -0.521769 -0.098836 -0.053733 0.007379 0.033883 0.997953
1341845824.769643 -0.420500 -0.730994 -0.047024 -0.093369 0.010625 0.037794 0.994857
1341845824.801632 -0.420500 -0.730994 -0.047024 -0.093369 0.010625 0.037794 0.994857
1341845824.833654 -0.617371 -0.451200 -0.048694 -0.046126 0.031883 0.020985 0.998206
1341845824.869926 -0.648606 -0.443941 -0.039376 -0.042399 0.036897 0.019798 0.998223
1341845824.902071 -0.640292 -0.694707 -0.011776 -0.086840 0.035409 0.026573 0.995238
1341845824.933752 -0.720834 -0.572377 -0.004505 -0.065890 0.046710 0.011622 0.996665
1341845824.969855 -0.756364 -0.559381 0.004141 -0.064373 0.054296 0.008517 0.996411
1341845825.001907 -0.729046 -0.726197 0.028204 -0.095289 0.053394 0.016946 0.993872
1341845825.037975 -0.777413 -0.533230 0.000861 -0.060549 0.061217 0.006687 0.996264
1341845825.075793 -0.603904 -0.620323 -0.046746 -0.071316 0.029749 0.021814 0.996771
1341845825.107881 -0.660291 -0.608139 0.016970 -0.066108 0.033343 -0.002993 0.997251
1341845825.143675 -0.920768 -0.791504 0.088371 -0.098498 0.086706 0.008305 0.991318
1341845825.175707 -0.976876 -0.810286 0.101691 -0.102281 0.096057 0.002530 0.990104
1341845825.211865 -0.959251 -0.771019 0.105935 -0.095025 0.094347 0.002650 0.990990
1341845825.243814 -0.959251 -0.771019 0.105935 -0.095025 0.094347 0.002650 0.990990
1341845825.275795 -0.959251 -0.771019 0.105935 -0.095025 0.094347 0.002650 0.990990
1341845825.311665 -0.959251 -0.771019 0.105935 -0.095025 0.094347 0.002650 0.990990
1341845825.343650 -1.006088 -0.749031 0.132845 -0.093896 0.102119 -0.000935 0.990330
1341845825.379771 -0.967054 -0.762083 0.118774 -0.096376 0.094345 0.004770 0.990852
1341845825.411924 -1.001025 -0.773386 0.141853 -0.099543 0.098945 0.003941 0.990094
1341845825.443786 -0.986249 -0.778148 0.138665 -0.104803 0.092534 0.003032 0.990174
1341845825.480278 -0.853736 -0.900636 0.131672 -0.130035 0.063978 0.010624 0.989386
1341845825.511636 -0.853736 -0.900636 0.131672 -0.130035 0.063978 0.010624 0.989386
1341845825.547911 -0.853736 -0.900636 0.131672 -0.130035 0.063978 0.010624 0.989386
1341845825.579744 -0.865331 -0.918610 0.139359 -0.133625 0.064783 0.012194 0.988837
1341845825.611784 -0.847351 -0.924201 0.131861 -0.132687 0.059426 0.015581 0.989252
1341845825.648004 -0.888183 -0.919512 0.140928 -0.131924 0.066767 0.011928 0.988937
1341845825.679708 -0.887992 -0.959754 0.156216 -0.138198 0.067794 0.010624 0.988024
1341845825.711937 -0.920755 -0.818338 0.097867 -0.114308 0.063581 -0.000997 0.991408
1341845825.747617 -0.878391 -0.896178 0.128540 -0.128926 0.057576 0.007710 0.989951
1341845825.779688 -0.855688 -0.896663 0.127191 -0.130193 0.051275 0.013500 0.990070
1341845825.815954 -0.849347 -0.903890 0.127737 -0.134091 0.046908 0.009357 0.989814
1341845825.847829 -0.863021 -0.887161 0.124744 -0.132595 0.047128 0.008569 0.990012
1341845825.879767 -0.856091 -0.863227 0.114092 -0.128812 0.041734 0.008514 0.990754
1341845825.915646 -0.833780 -0.847945 0.100430 -0.125490 0.036671 0.011933 0.991345
1341845825.947881 -0.835823 -0.863340 0.105486 -0.129121 0.036551 0.013064 0.990869
1341845825.979700 -0.838749 -0.877289 0.110517 -0.131217 0.036374 0.018244 0.990518
1341845826.015845 -0.827130 -0.879518 0.108729 -0.132287 0.032762 0.020334 0.990461
1341845826.047945 -0.828498 -0.888689 0.111027 -0.134017 0.032376 0.019259 0.990263
1341845826.079731 -0.828498 -0.888689 0.111027 -0.134017 0.032376 0.019259 0.990263
1341845826.115655 -0.775724 -0.877695 0.093713 -0.129444 0.020920 0.022355 0.991114
1341845826.147949 -0.787760 -0.851203 0.085122 -0.126198 0.021342 0.011063 0.991714
1341845826.183767 -0.818458 -0.878884 0.092274 -0.131168 0.026318 0.012654 0.990930
1341845826.215780 -0.834513 -0.869409 0.099084 -0.131028 0.027802 0.011396 0.990923
1341845826.247732 -0.831236 -0.884450 0.108981 -0.131807 0.029164 0.032529 0.990312
1341845826.283763 -0.831236 -0.884450 0.108981 -0.131807 0.029164 0.032529 0.990312
1341845826.315658 -0.964123 -0.856863 0.092653 -0.127555 0.042646 0.030841 0.990434
1341845826.347773 -0.868420 -0.850223 0.091704 -0.127439 0.026396 0.033858 0.990917
1341845826.383718 -0.919188 -0.858767 0.123737 -0.130557 0.031709 0.033670 0.990361
1341845826.415712 -0.856971 -0.844718 0.092190 -0.126736 0.018481 0.038825 0.991004
1341845826.447806 -0.877807 -0.834424 0.106971 -0.124809 0.019759 0.035000 0.991366
1341845826.483677 -0.874019 -0.894858 0.106567 -0.137562 0.017761 0.032506 0.989800
1341845826.515677 -0.883173 -0.851527 0.097468 -0.126437 0.019683 0.043055 0.990844
1341845826.551684 -0.901666 -0.876825 0.120579 -0.134728 0.023401 0.036363 0.989939
1341845826.583716 -0.905678 -0.886383 0.121346 -0.137595 0.023874 0.034969 0.989583
1341845826.615875 -0.918631 -0.810496 0.104927 -0.121959 0.023502 0.047613 0.991114
1341845826.651722 -0.921675 -0.791762 0.096521 -0.118388 0.024237 0.050303 0.991396
1341845826.683753 -1.072429 -0.725292 0.143958 -0.114293 0.047787 0.034867 0.991684
1341845826.715643 -1.151186 -0.691142 0.177138 -0.112799 0.060462 0.032969 0.991228
1341845826.751884 -1.073234 -0.687775 0.135753 -0.114860 0.047638 0.035541 0.991602
1341845826.783713 -1.163666 -0.653670 0.171624 -0.110978 0.063115 0.040032 0.991008
1341845826.819713 -1.163666 -0.653670 0.171624 -0.110978 0.063115 0.040032 0.991008
1341845826.851701 -1.163666 -0.653670 0.171624 -0.110978 0.063115 0.040032 0.991008
1341845826.884460 -1.036350 -0.937241 0.188099 -0.172972 0.045563 0.046070 0.982793
1341845826.945792 -0.829406 -1.524283 0.393206 -0.291881 0.022570 0.059177 0.954355
1341845826.981873 -0.829406 -1.524283 0.393206 -0.291881 0.022570 0.059177 0.954355
1341845827.013745 -0.829406 -1.524283 0.393206 -0.291881 0.022570 0.059177 0.954355
1341845827.045694 -0.829406 -1.524283 0.393206 -0.291881 0.022570 0.059177 0.954355
1341845827.082458 -0.766476 -1.546835 0.377335 -0.299363 0.015162 0.062702 0.951956
1341845827.113645 -0.732863 -1.563541 0.366998 -0.300614 0.007126 0.068543 0.951253
1341845827.145773 -0.803441 -1.618133 0.428598 -0.314668 0.021693 0.064233 0.946778
1341845827.182474 -0.844446 -1.554173 0.418276 -0.308600 0.029754 0.055061 0.949131
1341845827.213974 -0.840459 -1.572321 0.432800 -0.311342 0.028992 0.055973 0.948205
1341845827.251751 -0.834154 -1.516385 0.390809 -0.297646 0.028391 0.057210 0.952538
1341845827.313888 -0.846736 -1.589833 0.465697 -0.321314 0.039319 0.058942 0.944318
1341845827.349700 -0.899512 -1.546171 0.407677 -0.305680 0.050509 0.077238 0.947651
1341845827.381963 -1.087834 -2.020739 0.924642 -0.415186 0.098878 0.075928 0.901154
1341845827.413850 -0.904540 -1.555822 0.470483 -0.315059 0.048456 0.050268 0.946500
1341845827.449725 -0.887297 -1.513725 0.414135 -0.302859 0.042884 0.047677 0.950876
1341845827.488394 -0.836022 -1.509877 0.403608 -0.298409 0.034387 0.058069 0.952049
1341845827.555964 -0.901476 -1.500201 0.429182 -0.298819 0.046299 0.045215 0.952113
1341845827.623688 -0.747402 -1.563364 0.409355 -0.303586 0.023067 0.062544 0.950469
1341845827.656212 -0.812695 -1.522505 0.410719 -0.299379 0.032995 0.050550 0.952223
1341845827.687624 -0.861838 -1.521609 0.418995 -0.301776 0.043563 0.043467 0.951391
1341845827.723697 -0.833263 -1.532420 0.414929 -0.301338 0.041474 0.048248 0.951392
1341845827.755778 -0.845934 -1.535081 0.428465 -0.301611 0.045378 0.049979 0.951038
1341845827.791657 -0.850260 -1.515194 0.407045 -0.296361 0.050492 0.049213 0.952470
1341845827.823845 -0.817784 -1.504107 0.392815 -0.293129 0.049157 0.052938 0.953340
1341845827.855606 -0.751656 -1.550115 0.398331 -0.298580 0.040613 0.061502 0.951535
1341845827.891685 -0.826214 -1.522964 0.398350 -0.292094 0.055207 0.051498 0.953405
1341845827.923824 -0.865404 -1.502759 0.375994 -0.286284 0.073743 0.067296 0.952929
1341845827.959777 -0.836186 -1.513857 0.364865 -0.286349 0.072776 0.073766 0.952506
1341845827.991672 -0.804661 -1.511921 0.363783 -0.285333 0.071560 0.078493 0.952525
1341845828.023726 -0.813242 -1.546450 0.415514 -0.295837 0.071119 0.055467 0.950971
1341845828.059622 -0.845554 -1.540205 0.416151 -0.294484 0.088940 0.073108 0.948696
1341845828.091720 -0.875432 -1.528931 0.409980 -0.291639 0.096870 0.071567 0.948916
1341845828.127612 -0.883155 -1.530191 0.421897 -0.293454 0.099735 0.068523 0.948284
1341845828.159638 -0.871925 -1.535706 0.418793 -0.295106 0.100046 0.068005 0.947776
1341845828.191711 -0.845425 -1.489609 0.367157 -0.285542 0.095507 0.066322 0.951286
1341845828.227644 -0.831403 -1.496256 0.367123 -0.285237 0.095736 0.067617 0.951264
1341845828.259785 -0.812256 -1.494728 0.348345 -0.283314 0.095426 0.071286 0.951602
1341845828.291687 -0.853882 -1.506579 0.384705 -0.285412 0.107347 0.072681 0.949597
1341845828.327803 -0.821344 -1.502637 0.399403 -0.286564 0.107173 0.075096 0.949081
1341845828.359694 -0.868020 -1.527968 0.395839 -0.290263 0.118418 0.080784 0.946149
1341845828.395928 -0.876504 -1.513571 0.419823 -0.289423 0.122596 0.076181 0.946256
1341845828.427803 -0.791351 -1.512938 0.412133 -0.291171 0.110111 0.071607 0.947612
1341845828.459660 -0.821470 -1.530049 0.410363 -0.292925 0.115094 0.067782 0.946760
1341845828.495761 -0.692657 -1.393866 0.310676 -0.264245 0.096062 0.083728 0.956000
1341845828.527686 -0.877255 -1.607350 0.458203 -0.308788 0.130397 0.059696 0.940257
1341845828.595750 -0.707447 -1.180686 0.196607 -0.224592 0.099456 0.077438 0.966266
1341845828.654055 -0.923570 -1.553431 0.457354 -0.301927 0.145693 0.055218 0.940513
1341845828.689681 -0.870713 -1.489953 0.411864 -0.288785 0.138184 0.058672 0.945551
1341845828.721870 -0.853098 -1.632360 0.489618 -0.316974 0.137715 0.059725 0.936480
1341845828.757706 -0.853098 -1.632360 0.489618 -0.316974 0.137715 0.059725 0.936480
1341845828.789650 -0.835374 -1.567465 0.464170 -0.306184 0.137467 0.063145 0.939876
1341845828.821914 -0.835207 -1.595201 0.461297 -0.309461 0.137533 0.066021 0.938594
1341845828.857781 -0.835207 -1.595201 0.461297 -0.309461 0.137533 0.066021 0.938594
1341845828.889770 -0.746807 -1.482427 0.389683 -0.288354 0.123598 0.075618 0.946498
1341845828.931671 -0.674165 -1.432863 0.356539 -0.278720 0.111141 0.085172 0.950110
1341845828.989696 -0.751254 -1.256473 0.250314 -0.240043 0.116648 0.073827 0.960897
1341845829.025626 -0.925431 -1.546879 0.451465 -0.298784 0.150928 0.060234 0.940383
1341845829.063840 -0.902613 -1.696669 0.555738 -0.331263 0.149394 0.053909 0.930075
1341845829.089737 -0.706529 -1.240762 0.223252 -0.237205 0.110705 0.073322 0.962342
1341845829.125754 -0.868500 -1.475573 0.384681 -0.284736 0.142527 0.059888 0.946057
1341845829.158048 -0.966279 -1.638081 0.516950 -0.317817 0.162699 0.049486 0.932777
1341845829.193669 -0.960459 -1.635118 0.524143 -0.316692 0.164739 0.051291 0.932704
1341845829.225742 -0.945507 -1.600037 0.488457 -0.306770 0.160103 0.047585 0.937014
1341845829.257763 -0.589623 -1.303512 0.246944 -0.243837 0.099078 0.088778 0.960649
1341845829.293851 -0.592774 -1.330286 0.269314 -0.247127 0.101880 0.091748 0.959235
1341845829.325861 -0.551245 -1.271553 0.210107 -0.233582 0.091261 0.090896 0.963768
1341845829.357901 -0.571054 -1.268158 0.216703 -0.230703 0.090891 0.088183 0.964748
1341845829.393704 -0.553231 -1.265586 0.207542 -0.228647 0.088742 0.086438 0.965595
1341845829.425831 -0.550390 -1.277942 0.206624 -0.231000 0.087073 0.084498 0.965359
1341845829.461720 -0.508085 -1.256036 0.183658 -0.225712 0.077355 0.089136 0.967019
1341845829.493662 -0.568957 -1.197023 0.180623 -0.209495 0.086121 0.086017 0.970204
1341845829.525846 -0.457689 -1.322825 0.208549 -0.233712 0.071606 0.093720 0.965126
1341845829.561864 -0.473552 -1.349136 0.209509 -0.240470 0.072180 0.088762 0.963891
1341845829.593763 -0.497125 -1.293518 0.196719 -0.230327 0.077807 0.087367 0.966055
1341845829.625785 -0.550097 -1.035105 0.092318 -0.174904 0.077900 0.079828 0.978247
1341845829.661787 -0.451539 -1.230233 0.167518 -0.212653 0.066559 0.093525 0.970362
1341845829.693835 -0.512218 -1.417065 0.249801 -0.250078 0.083908 0.086986 0.960653
1341845829.729747 -0.476519 -1.313468 0.203529 -0.233737 0.075765 0.081335 0.965925
1341845829.761817 -0.407413 -1.223297 0.149713 -0.212713 0.056781 0.091506 0.971162
1341845829.793840 -0.537466 -1.005931 0.077221 -0.169000 0.069865 0.069838 0.980653
1341845829.829803 -0.573901 -1.075084 0.109290 -0.181637 0.079320 0.065984 0.977938
1341845829.861640 -0.445456 -1.215446 0.137907 -0.209085 0.057621 0.074717 0.973335
1341845829.897840 -0.498900 -0.943911 0.038840 -0.155507 0.057167 0.070031 0.983690
1341845829.929703 -0.589724 -0.918079 0.058841 -0.149515 0.073865 0.058902 0.984236
1341845829.962023 -0.551212 -1.112822 0.116470 -0.187517 0.073229 0.069384 0.977067
1341845829.997954 -0.438927 -0.949577 0.017873 -0.153902 0.046812 0.074163 0.984186
1341845830.029819 -0.580179 -0.837807 0.028447 -0.127990 0.070428 0.062383 0.987303
1341845830.061836 -0.712568 -1.257128 0.195646 -0.207510 0.101356 0.059045 0.971175
1341845830.097885 -0.512503 -1.114922 0.110844 -0.182430 0.067956 0.071371 0.978268
1341845830.129668 -0.602302 -0.846139 0.035208 -0.125932 0.077818 0.063609 0.986934
1341845830.165590 -0.602302 -0.846139 0.035208 -0.125932 0.077818 0.063609 0.986934
1341845830.197779 -0.378679 -1.074674 0.059518 -0.167503 0.041676 0.087145 0.981128
1341845830.229883 -0.728826 -1.148970 0.125474 -0.176568 0.101472 0.064359 0.976926
1341845830.265730 -0.702801 -1.256439 0.154865 -0.198821 0.098425 0.065243 0.972896
1341845830.297873 -0.449888 -1.025206 0.060007 -0.157406 0.052997 0.090972 0.981906
1341845830.329863 -0.521313 -0.860652 0.013364 -0.124109 0.062718 0.075241 0.987422
1341845830.365740 -0.636357 -1.458101 0.272284 -0.237570 0.093131 0.075582 0.963937
1341845830.397779 -0.675854 -1.208239 0.167501 -0.189928 0.094421 0.074611 0.974395
1341845830.433725 -0.757436 -1.263790 0.182174 -0.199198 0.109126 0.061470 0.971923
1341845830.465762 -0.472521 -0.874322 0.006231 -0.128051 0.056910 0.070362 0.987630
1341845830.507859 -0.447811 -0.871341 -0.009320 -0.125160 0.051467 0.073725 0.988054
1341845830.565943 -0.671017 -1.164177 0.129419 -0.178732 0.100804 0.059299 0.976922
1341845830.597841 -0.671017 -1.164177 0.129419 -0.178732 0.100804 0.059299 0.976922
1341845830.633627 -0.521055 -0.720156 -0.032650 -0.094154 0.069833 0.066690 0.990864
1341845830.665700 -0.459254 -0.867539 0.001459 -0.123117 0.064848 0.070233 0.987777
1341845830.701788 -0.433892 -0.933581 0.020361 -0.136533 0.063236 0.071129 0.986053
1341845830.733901 -0.433892 -0.933581 0.020361 -0.136533 0.063236 0.071129 0.986053
1341845830.765759 -0.377622 -1.009390 0.040123 -0.155333 0.060609 0.066764 0.983738
1341845830.801839 -0.444693 -0.853200 -0.000660 -0.125366 0.072596 0.060830 0.987579
1341845830.833774 -0.423467 -0.763338 -0.034893 -0.106754 0.069731 0.058660 0.990101
1341845830.865751 -0.389296 -0.879656 -0.012505 -0.128848 0.067706 0.061398 0.987443
1341845830.901883 -0.378705 -0.983994 0.026248 -0.150448 0.070866 0.059792 0.984260
1341845830.933811 -0.344270 -0.776239 -0.044130 -0.110472 0.063620 0.058332 0.990124
1341845830.969705 -0.280901 -1.035556 0.024916 -0.158841 0.058219 0.065076 0.983435
1341845831.001855 -0.289473 -1.023576 0.022687 -0.158223 0.058819 0.061657 0.983720
1341845831.033886 -0.273597 -0.944027 -0.016912 -0.143138 0.056925 0.059897 0.986247
1341845831.069727 -0.293063 -0.786440 -0.051691 -0.113616 0.058721 0.055889 0.990212
1341845831.101853 -0.274618 -0.758483 -0.066296 -0.108048 0.055675 0.055697 0.991022
1341845831.137817 -0.192487 -1.030638 0.009423 -0.160857 0.050684 0.059478 0.983879
1341845831.169942 -0.143070 -0.878419 -0.049609 -0.133065 0.042013 0.059684 0.988416
1341845831.201715 -0.156647 -0.752528 -0.083068 -0.107847 0.041307 0.059510 0.991525
1341845831.237723 -0.279119 -0.751270 -0.064887 -0.104686 0.064201 0.054580 0.990929
1341845831.269903 -0.211193 -0.826733 -0.064411 -0.119186 0.054588 0.059635 0.989575
1341845831.301755 -0.203282 -0.787764 -0.074663 -0.112177 0.050710 0.058929 0.990642
1341845831.337779 -0.271207 -0.770400 -0.065270 -0.107674 0.058248 0.055522 0.990924
1341845831.369742 -0.412128 -0.805790 -0.017247 -0.114764 0.079539 0.047723 0.989053
1341845831.405710 -0.111162 -1.010179 -0.020809 -0.154821 0.033272 0.060513 0.985526
1341845831.437646 -0.111162 -1.010179 -0.020809 -0.154821 0.033272 0.060513 0.985526
1341845831.469752 -0.111162 -1.010179 -0.020809 -0.154821 0.033272 0.060513 0.985526
1341845831.505745 -0.111162 -1.010179 -0.020809 -0.154821 0.033272 0.060513 0.985526
1341845831.537844 -0.112360 -0.826773 -0.114826 -0.121482 0.032993 0.032826 0.991502
1341845831.569610 -0.112360 -0.826773 -0.114826 -0.121482 0.032993 0.032826 0.991502
1341845831.605848 -0.191403 -0.809639 -0.066826 -0.121674 0.054057 0.043038 0.990162
1341845831.637789 -0.191403 -0.809639 -0.066826 -0.121674 0.054057 0.043038 0.990162
1341845831.673597 -0.191403 -0.809639 -0.066826 -0.121674 0.054057 0.043038 0.990162
1341845831.705652 -0.154531 -0.958011 -0.027550 -0.158369 0.061947 0.047582 0.984285
1341845831.737705 -0.062994 -0.821290 -0.085506 -0.132912 0.047767 0.053091 0.988552
1341845831.773629 0.016922 -0.887531 -0.082993 -0.145615 0.038944 0.058752 0.986827
1341845831.805810 -0.065021 -1.399490 0.187650 -0.252829 0.059676 0.025892 0.965322
1341845831.837719 0.107112 -1.004999 -0.049283 -0.173698 0.033216 0.067625 0.981913
1341845831.873791 -0.034514 -1.187746 0.074952 -0.213870 0.052926 0.021679 0.975186
1341845831.905728 0.234160 -1.164549 0.001828 -0.208188 0.022284 0.077301 0.974775
1341845831.941628 0.028868 -1.339185 0.147447 -0.248067 0.050495 0.022464 0.967165
1341845831.973784 -0.061566 -1.270483 0.139200 -0.236636 0.065447 0.014824 0.969278
1341845832.005729 0.052511 -1.309675 0.137677 -0.243173 0.050883 0.020813 0.968424
1341845832.041627 0.074416 -1.426171 0.200127 -0.267819 0.052441 0.017078 0.961889
1341845832.073865 0.112831 -1.459308 0.218030 -0.275688 0.049451 0.016072 0.959840
1341845832.109730 0.005392 -1.175660 0.082059 -0.218643 0.064622 0.012212 0.973586
1341845832.141683 0.013875 -1.177276 0.080815 -0.217893 0.065230 0.016541 0.973650
1341845832.173988 0.096319 -1.359894 0.145856 -0.253528 0.054544 0.014449 0.965681
1341845832.209956 0.034310 -1.197187 0.085269 -0.223010 0.061793 0.012350 0.972777
1341845832.241796 0.102344 -1.299533 0.133487 -0.243587 0.051323 0.018988 0.968334
1341845832.273776 0.150061 -1.420570 0.184600 -0.267989 0.045651 0.015064 0.962222
1341845832.309916 0.208937 -1.491781 0.226681 -0.285431 0.039251 0.017914 0.957427
1341845832.341687 0.063743 -1.191122 0.067979 -0.225417 0.059562 0.010266 0.972386
1341845832.377708 0.090612 -1.434682 0.195628 -0.274857 0.055756 0.008128 0.959833
1341845832.409802 0.446657 -1.454284 0.326422 -0.295862 -0.001431 0.032499 0.954677
1341845832.442187 0.441834 -1.387151 0.268478 -0.281793 0.000373 0.034243 0.958864
1341845832.477743 0.056778 -1.378361 0.142976 -0.265120 0.062582 0.004870 0.962170
1341845832.509635 0.007128 -1.302546 0.096217 -0.254414 0.065633 0.003132 0.964861
1341845832.541586 0.166262 -1.678756 0.333319 -0.329092 0.041236 -0.012447 0.943315
1341845832.577871 0.166262 -1.678756 0.333319 -0.329092 0.041236 -0.012447 0.943315
1341845832.609738 0.102841 -1.639092 0.303147 -0.320028 0.052966 -0.015096 0.945806
1341845832.645699 0.102841 -1.639092 0.303147 -0.320028 0.052966 -0.015096 0.945806
1341845832.677817 0.235064 -2.007377 0.597543 -0.401015 0.032308 -0.020243 0.915278
1341845832.710177 0.225412 -1.797302 0.421577 -0.356927 0.036967 -0.018105 0.933225
1341845832.745710 0.225412 -1.797302 0.421577 -0.356927 0.036967 -0.018105 0.933225
1341845832.777849 0.225412 -1.797302 0.421577 -0.356927 0.036967 -0.018105 0.933225
1341845832.810110 0.225412 -1.797302 0.421577 -0.356927 0.036967 -0.018105 0.933225
1341845832.845797 0.219467 -1.852605 0.489056 -0.372503 0.038953 -0.022023 0.926951
1341845832.877696 0.219467 -1.852605 0.489056 -0.372503 0.038953 -0.022023 0.926951
1341845832.913787 0.259833 -1.832635 0.475407 -0.370113 0.039019 -0.013114 0.928074
1341845832.945664 0.228531 -1.923622 0.601862 -0.395391 0.039997 -0.028512 0.917199
1341845832.978015 0.228531 -1.923622 0.601862 -0.395391 0.039997 -0.028512 0.917199
1341845833.045857 0.443599 -2.067875 0.724795 -0.431068 0.017807 -0.001095 0.902143
1341845833.077785 0.158327 -1.809474 0.425567 -0.366047 0.062226 -0.024231 0.928197
1341845833.113636 0.158327 -1.809474 0.425567 -0.366047 0.062226 -0.024231 0.928197
1341845833.145767 0.074743 -1.842621 0.435511 -0.370001 0.078543 -0.036576 0.924982
1341845833.181891 0.636027 -2.172895 0.873994 -0.459999 0.001163 -0.005198 0.887903
1341845833.213878 0.636027 -2.172895 0.873994 -0.459999 0.001163 -0.005198 0.887903
1341845833.245714 0.636027 -2.172895 0.873994 -0.459999 0.001163 -0.005198 0.887903
1341845833.281847 0.627671 -2.157674 0.831830 -0.451278 0.007577 -0.001486 0.892350
1341845833.313771 0.713046 -2.190766 0.883887 -0.459836 -0.000148 0.005517 0.887987
1341845833.349756 0.713046 -2.190766 0.883887 -0.459836 -0.000148 0.005517 0.887987
1341845833.381840 0.619017 -2.261918 0.929044 -0.471521 0.017430 -0.010815 0.881616
1341845833.414644 0.734519 -2.245725 0.905396 -0.468721 0.002446 -0.003390 0.883337
1341845833.449819 0.671028 -2.210094 0.897443 -0.465332 0.010413 -0.006531 0.885051
1341845833.488616 0.691815 -2.204817 0.896115 -0.463268 0.010769 -0.001613 0.886151
1341845833.549835 0.814071 -2.267206 0.996185 -0.484042 -0.007341 0.003904 0.875005
1341845833.581733 0.689244 -2.198703 0.889538 -0.461821 0.008411 -0.005816 0.886914
1341845833.617817 0.844342 -2.089961 0.741149 -0.434594 -0.004081 0.026401 0.900230
1341845833.649899 1.027736 -2.387448 1.286779 -0.530338 -0.041616 0.018152 0.846570
1341845833.681671 0.659968 -2.152345 0.795121 -0.446305 0.016181 -0.004192 0.894725
1341845833.717606 0.689588 -2.166958 0.848427 -0.454672 0.010721 0.001279 0.890593
1341845833.752940 1.130360 -2.329992 1.226407 -0.519082 -0.055232 0.033186 0.852292
1341845833.817827 0.783320 -2.256363 0.977609 -0.482390 -0.006946 0.001028 0.875928
1341845833.849860 0.662691 -2.143390 0.812532 -0.450863 0.012591 -0.002464 0.892501
1341845833.885667 0.662691 -2.143390 0.812532 -0.450863 0.012591 -0.002464 0.892501
1341845833.917724 0.801260 -2.310636 1.065309 -0.498347 -0.011181 -0.004263 0.866895
1341845833.949675 0.692013 -2.188995 0.883484 -0.464256 0.007213 -0.006003 0.885651
1341845833.985662 0.711557 -2.157886 0.836328 -0.454345 0.006308 -0.003009 0.890798
1341845834.018158 1.084864 -2.389615 1.348250 -0.541004 -0.053547 0.015764 0.839166
1341845834.049769 0.679663 -2.184310 0.867633 -0.462864 0.007193 -0.011779 0.886322
1341845834.085753 0.725676 -2.163541 0.852580 -0.458741 -0.000117 -0.008475 0.888529
1341845834.153871 0.752855 -2.173647 0.871706 -0.463666 -0.004521 -0.008253 0.885960
1341845834.185736 0.662199 -2.192161 0.873673 -0.465203 0.007581 -0.020086 0.884944
1341845834.217802 0.661940 -2.242407 0.884105 -0.475636 0.006517 -0.013667 0.879512
1341845834.253824 0.661940 -2.242407 0.884105 -0.475636 0.006517 -0.013667 0.879512
1341845834.285756 1.036914 -2.406150 1.358792 -0.549746 -0.057248 0.002364 0.833364
1341845834.321783 0.678410 -2.151960 0.833650 -0.460772 -0.000538 -0.019079 0.887313
1341845834.355135 0.616851 -2.125360 0.795530 -0.449955 0.012480 -0.015308 0.892833
1341845834.385801 0.646282 -2.169663 0.850455 -0.458379 0.006755 -0.015372 0.888598
1341845834.421748 0.718770 -2.176974 0.877089 -0.463152 -0.004889 -0.010329 0.886205
1341845834.453840 0.820934 -2.272558 1.025807 -0.490870 -0.024284 -0.005177 0.870879
1341845834.485639 0.736429 -2.193297 0.880120 -0.464528 -0.014009 -0.011684 0.885370
1341845834.521785 0.673439 -2.145894 0.833792 -0.453223 -0.009941 -0.021988 0.891070
1341845834.553727 0.715112 -2.170143 0.880933 -0.463100 -0.014330 -0.013126 0.886093
1341845834.589787 0.679338 -2.210109 0.930215 -0.471793 -0.014625 -0.017356 0.881417
1341845834.621791 0.684930 -2.177500 0.888357 -0.463164 -0.015801 -0.012122 0.886049
1341845834.653808 1.078162 -2.414100 1.406746 -0.549259 -0.081370 0.008395 0.831638
1341845834.689847 1.041580 -2.408191 1.370094 -0.547010 -0.077681 0.006507 0.833489
1341845834.721856 0.661689 -2.246503 0.958876 -0.482538 -0.025022 -0.022345 0.875233
1341845834.753919 0.616639 -2.169929 0.869993 -0.461879 -0.017643 -0.019739 0.886548
1341845834.789834 0.845622 -2.360889 1.142322 -0.514962 -0.057347 -0.000178 0.855293
1341845834.821826 0.940948 -2.401531 1.317109 -0.539629 -0.070214 0.006771 0.838942
1341845834.857804 0.740252 -2.435989 1.428719 -0.552949 -0.061968 -0.029538 0.830383
1341845834.889796 0.770778 -2.439465 1.419947 -0.553828 -0.063640 -0.020584 0.829940
1341845834.921771 0.928061 -2.426198 1.437443 -0.557176 -0.078797 0.009509 0.826593
1341845834.957942 0.755260 -2.411226 1.362199 -0.543927 -0.065226 -0.012986 0.836493
1341845834.989806 0.863534 -2.442587 1.533761 -0.566537 -0.096741 -0.013417 0.818228
1341845835.021804 0.863534 -2.442587 1.533761 -0.566537 -0.096741 -0.013417 0.818228
1341845835.058003 0.863534 -2.442587 1.533761 -0.566537 -0.096741 -0.013417 0.818228
1341845835.089820 0.688104 -2.388246 1.298099 -0.532239 -0.063857 -0.003171 0.844177
1341845835.125663 0.745828 -2.430900 1.432449 -0.552913 -0.079580 0.003059 0.829424
1341845835.157750 0.747547 -2.460155 1.482342 -0.562250 -0.083998 0.003318 0.822683
1341845835.189830 0.645805 -2.378666 1.288374 -0.530172 -0.069276 0.000033 0.845056
1341845835.225912 0.629854 -2.388522 1.315401 -0.532290 -0.070853 0.000843 0.843591
1341845835.258001 0.644985 -2.415077 1.359034 -0.539843 -0.074352 0.003928 0.838466
1341845835.290164 0.677629 -2.456553 1.446959 -0.553810 -0.083924 0.006114 0.828380
1341845835.325788 0.566863 -2.384506 1.267989 -0.524681 -0.071570 -0.001740 0.848283
1341845835.363902 0.538649 -2.392013 1.285793 -0.526401 -0.071068 -0.004460 0.847249
1341845835.431742 0.562498 -2.405589 1.299784 -0.529166 -0.082259 0.001520 0.844520
1341845835.493790 0.430620 -2.336572 1.164917 -0.505139 -0.067599 -0.005966 0.860366
1341845835.527633 0.430620 -2.336572 1.164917 -0.505139 -0.067599 -0.005966 0.860366
1341845835.561788 0.407226 -2.412568 1.266360 -0.525513 -0.072600 -0.002316 0.847679
1341845835.594173 0.319329 -2.400534 1.249008 -0.523686 -0.062044 -0.012517 0.849557
1341845835.625859 0.271695 -2.277167 1.028344 -0.482604 -0.053298 -0.013000 0.874119
1341845835.661923 0.262187 -2.272078 1.022183 -0.477789 -0.055355 -0.008791 0.876685
1341845835.693994 0.274475 -2.340203 1.162154 -0.501777 -0.057806 -0.002943 0.863058
1341845835.725724 0.297137 -2.310340 1.130305 -0.493901 -0.060797 0.000912 0.867390
1341845835.761816 0.268962 -2.223928 0.951154 -0.459805 -0.057847 0.003116 0.886128
1341845835.793927 0.284920 -2.208581 0.935278 -0.454694 -0.061118 0.007046 0.888520
1341845835.829809 0.264433 -2.200179 0.909963 -0.451476 -0.058510 0.003893 0.890354
1341845835.868224 0.264433 -2.200179 0.909963 -0.451476 -0.058510 0.003893 0.890354
1341845835.903857 0.284909 -2.227953 0.946183 -0.456006 -0.065575 0.015194 0.887427
1341845835.935727 0.254547 -2.193142 0.893819 -0.445806 -0.062346 0.011754 0.892878
1341845835.967812 0.243270 -2.204346 0.913344 -0.448666 -0.060233 0.009824 0.891613
1341845836.003789 0.282304 -2.179494 0.859556 -0.436428 -0.065264 0.020108 0.897144
1341845836.035920 0.247956 -2.179270 0.854734 -0.434194 -0.062362 0.016229 0.898512
1341845836.067671 0.257439 -2.167125 0.845848 -0.432321 -0.062714 0.016879 0.899378
1341845836.104034 0.337792 -2.161776 0.837890 -0.429083 -0.076453 0.027839 0.899593
1341845836.135769 0.299269 -2.160279 0.835391 -0.427226 -0.075141 0.026203 0.900636
1341845836.172097 0.233233 -2.231371 0.900641 -0.443654 -0.068887 0.016939 0.893386
1341845836.203642 0.238715 -2.231786 0.897387 -0.443644 -0.069242 0.017022 0.893362
1341845836.235687 0.330921 -2.169518 0.836205 -0.427379 -0.083471 0.031711 0.899652
1341845836.271774 0.307838 -2.137070 0.799820 -0.417213 -0.082798 0.036301 0.904301
1341845836.303797 0.294002 -2.209960 0.854674 -0.431516 -0.082043 0.033582 0.897739
1341845836.335742 0.293691 -2.156454 0.821582 -0.423751 -0.081100 0.034409 0.901484
1341845836.372549 0.295900 -2.185732 0.820707 -0.424210 -0.079622 0.036205 0.901330
1341845836.403992 0.297472 -2.121921 0.771809 -0.409636 -0.079014 0.041972 0.907851
1341845836.435705 0.305149 -2.125385 0.766128 -0.408791 -0.078932 0.041271 0.908271
1341845836.471817 0.302761 -2.111773 0.744776 -0.404454 -0.077195 0.039436 0.910441
1341845836.503945 0.354024 -2.113734 0.736158 -0.403338 -0.087333 0.041921 0.909909
1341845836.539832 0.333414 -2.117319 0.739614 -0.404522 -0.085949 0.041374 0.909540
1341845836.571973 0.294918 -2.187436 0.804140 -0.420522 -0.077455 0.041648 0.903010
1341845836.604373 0.259420 -2.162574 0.785293 -0.417281 -0.073168 0.038688 0.905001
1341845836.639724 0.273075 -2.147416 0.792062 -0.417459 -0.075886 0.041055 0.904590
1341845836.672049 0.287873 -2.132746 0.756163 -0.408675 -0.079141 0.041225 0.908307
1341845836.704020 0.312000 -2.159412 0.788051 -0.413473 -0.083570 0.043642 0.905622
1341845836.739779 0.397761 -2.067849 0.694095 -0.385093 -0.102935 0.042529 0.916132
1341845836.771652 0.397761 -2.067849 0.694095 -0.385093 -0.102935 0.042529 0.916132
1341845836.803601 0.397761 -2.067849 0.694095 -0.385093 -0.102935 0.042529 0.916132
1341845836.839643 0.397761 -2.067849 0.694095 -0.385093 -0.102935 0.042529 0.916132
1341845836.871771 0.397761 -2.067849 0.694095 -0.385093 -0.102935 0.042529 0.916132
1341845836.907663 0.397761 -2.067849 0.694095 -0.385093 -0.102935 0.042529 0.916132
1341845836.939824 0.397761 -2.067849 0.694095 -0.385093 -0.102935 0.042529 0.916132
1341845836.971802 0.397761 -2.067849 0.694095 -0.385093 -0.102935 0.042529 0.916132
1341845837.007714 0.397761 -2.067849 0.694095 -0.385093 -0.102935 0.042529 0.916132
1341845837.039752 0.220370 -2.397125 1.000434 -0.439956 -0.061090 0.037498 0.895154
1341845837.071715 0.203991 -2.404692 1.005772 -0.435626 -0.059082 0.035886 0.897470
1341845837.107691 0.142053 -2.420154 1.024434 -0.439211 -0.049408 0.028175 0.896582
1341845837.139763 0.142053 -2.420154 1.024434 -0.439211 -0.049408 0.028175 0.896582
1341845837.171636 0.190222 -2.403143 0.992435 -0.427488 -0.057573 0.029811 0.901693
1341845837.207675 0.164969 -2.389316 0.981264 -0.425087 -0.056306 0.028451 0.902951
1341845837.239749 0.182880 -2.414250 1.014215 -0.431238 -0.060886 0.025231 0.899828
1341845837.275755 0.185319 -2.412350 1.015754 -0.428673 -0.061238 0.022636 0.901097
1341845837.307686 0.185319 -2.412350 1.015754 -0.428673 -0.061238 0.022636 0.901097
1341845837.339628 0.221957 -2.326037 0.896926 -0.393909 -0.066127 0.036616 0.916036
1341845837.375710 0.221349 -2.363255 0.935923 -0.397769 -0.065504 0.032008 0.914584
1341845837.407709 0.221349 -2.363255 0.935923 -0.397769 -0.065504 0.032008 0.914584
1341845837.439656 0.246631 -2.399982 0.985970 -0.412742 -0.067569 0.025557 0.907979
1341845837.475671 0.190250 -2.394676 0.972697 -0.410329 -0.058906 0.017355 0.909868
1341845837.507973 0.224195 -2.422788 1.005730 -0.416497 -0.061076 0.016938 0.906925
1341845837.543708 0.196349 -2.429149 1.004765 -0.419019 -0.054614 0.010455 0.906273
1341845837.575706 0.193406 -2.425128 1.013311 -0.419024 -0.053677 0.008307 0.906349
1341845837.607609 0.199843 -2.407195 0.984502 -0.411255 -0.053385 0.006350 0.909934
1341845837.643704 0.218451 -2.393939 0.957829 -0.403711 -0.052949 0.007867 0.913319
1341845837.675706 0.238680 -2.395826 0.955822 -0.400344 -0.054087 0.008603 0.914727
1341845837.711803 0.222230 -2.396698 0.945846 -0.397455 -0.050533 0.004489 0.916218
1341845837.743935 0.254997 -2.388975 0.933289 -0.393427 -0.052469 0.006290 0.917836
1341845837.775698 0.237142 -2.381644 0.923245 -0.388583 -0.048285 0.003188 0.920142
1341845837.811909 0.232431 -2.416692 0.966667 -0.398294 -0.045576 0.000036 0.916125
1341845837.843915 0.239642 -2.397604 0.928354 -0.392113 -0.044357 -0.001014 0.918847
1341845837.879790 0.239642 -2.397604 0.928354 -0.392113 -0.044357 -0.001014 0.918847
1341845837.911946 0.239642 -2.397604 0.928354 -0.392113 -0.044357 -0.001014 0.918847
1341845837.946188 0.239642 -2.397604 0.928354 -0.392113 -0.044357 -0.001014 0.918847
1341845837.979709 0.239642 -2.397604 0.928354 -0.392113 -0.044357 -0.001014 0.918847
1341845838.041927 0.239642 -2.397604 0.928354 -0.392113 -0.044357 -0.001014 0.918847
1341845838.073905 0.239642 -2.397604 0.928354 -0.392113 -0.044357 -0.001014 0.918847
1341845838.105792 0.201971 -2.355317 0.870334 -0.378314 -0.036290 -0.001414 0.924965
1341845838.141667 0.220979 -2.438685 0.991160 -0.401875 -0.043228 -0.005298 0.914658
1341845838.173678 0.202410 -2.474987 1.047058 -0.412858 -0.045935 -0.016887 0.909480
1341845838.205767 0.175106 -2.513002 1.145195 -0.431955 -0.047633 -0.029597 0.900150
1341845838.241893 0.175106 -2.513002 1.145195 -0.431955 -0.047633 -0.029597 0.900150
1341845838.273791 0.175106 -2.513002 1.145195 -0.431955 -0.047633 -0.029597 0.900150
1341845838.309852 0.175106 -2.513002 1.145195 -0.431955 -0.047633 -0.029597 0.900150
1341845838.341805 0.175106 -2.513002 1.145195 -0.431955 -0.047633 -0.029597 0.900150
1341845838.373872 0.180853 -2.494035 1.106131 -0.422231 -0.047305 -0.028273 0.904811
1341845838.409713 0.197247 -2.532078 1.172023 -0.434839 -0.050310 -0.025040 0.898753
1341845838.441818 0.192752 -2.554972 1.247154 -0.450113 -0.050435 -0.024113 0.891220
1341845838.473754 0.175257 -2.534692 1.201634 -0.442280 -0.048517 -0.029151 0.895089
1341845838.509713 0.177522 -2.543618 1.204167 -0.442776 -0.047596 -0.030828 0.894837
1341845838.541649 0.179598 -2.505056 1.127038 -0.426307 -0.048981 -0.031739 0.902694
1341845838.577804 0.161751 -2.515997 1.119889 -0.423288 -0.046157 -0.035072 0.904138
1341845838.609807 0.183307 -2.510499 1.122767 -0.422579 -0.045324 -0.031910 0.904630
1341845838.641690 0.183307 -2.510499 1.122767 -0.422579 -0.045324 -0.031910 0.904630
1341845838.677850 0.157173 -2.491849 1.088046 -0.413304 -0.040705 -0.036163 0.908964
1341845838.709635 0.157173 -2.491849 1.088046 -0.413304 -0.040705 -0.036163 0.908964
1341845838.745913 0.157173 -2.491849 1.088046 -0.413304 -0.040705 -0.036163 0.908964
1341845838.777723 0.234690 -2.569947 1.273321 -0.445648 -0.056872 -0.036385 0.892659
1341845838.809656 0.349595 -2.216957 0.797759 -0.355446 -0.051985 0.000752 0.933250
1341845838.845874 0.213028 -2.181761 0.703617 -0.339603 -0.029346 -0.009108 0.940067
1341845838.877695 0.236718 -2.569087 1.261582 -0.448133 -0.055617 -0.039535 0.891359
1341845838.909636 0.291636 -2.407134 0.999292 -0.402360 -0.050306 -0.026799 0.913705
1341845838.945837 0.291636 -2.407134 0.999292 -0.402360 -0.050306 -0.026799 0.913705
1341845838.977758 0.291636 -2.407134 0.999292 -0.402360 -0.050306 -0.026799 0.913705
1341845839.013907 0.309886 -2.240556 0.749637 -0.353563 -0.038046 -0.012426 0.934554
1341845839.046225 0.408856 -2.178645 0.716988 -0.344079 -0.048092 -0.003064 0.937703
1341845839.077750 0.408856 -2.178645 0.716988 -0.344079 -0.048092 -0.003064 0.937703
1341845839.113934 0.408856 -2.178645 0.716988 -0.344079 -0.048092 -0.003064 0.937703
1341845839.145852 0.408856 -2.178645 0.716988 -0.344079 -0.048092 -0.003064 0.937703
1341845839.177741 0.354845 -2.257255 0.777908 -0.358015 -0.044675 -0.009655 0.932597
1341845839.214000 0.324529 -2.253841 0.758844 -0.353913 -0.038290 -0.014522 0.934381
1341845839.246198 0.298765 -2.287711 0.790589 -0.359043 -0.033132 -0.017395 0.932571
1341845839.281774 0.298765 -2.287711 0.790589 -0.359043 -0.033132 -0.017395 0.932571
1341845839.314004 0.277762 -2.332940 0.809593 -0.364492 -0.027796 -0.026135 0.930425
1341845839.345945 0.305294 -2.324920 0.807567 -0.362809 -0.028733 -0.021920 0.931162
1341845839.381741 0.257906 -2.295462 0.765953 -0.353991 -0.019000 -0.019586 0.934851
1341845839.413801 0.271498 -2.321673 0.785046 -0.356343 -0.018598 -0.018013 0.933996
1341845839.445714 0.271498 -2.321673 0.785046 -0.356343 -0.018598 -0.018013 0.933996
1341845839.481741 0.382143 -2.434406 0.954529 -0.387192 -0.036864 -0.017809 0.921090
1341845839.514001 0.281857 -2.359851 0.824658 -0.365426 -0.017889 -0.024874 0.930336
1341845839.549791 0.281857 -2.359851 0.824658 -0.365426 -0.017889 -0.024874 0.930336
1341845839.587666 0.281857 -2.359851 0.824658 -0.365426 -0.017889 -0.024874 0.930336
1341845839.681817 0.281857 -2.359851 0.824658 -0.365426 -0.017889 -0.024874 0.930336
1341845839.713876 0.281857 -2.359851 0.824658 -0.365426 -0.017889 -0.024874 0.930336
1341845839.749808 0.281857 -2.359851 0.824658 -0.365426 -0.017889 -0.024874 0.930336
1341845839.781785 0.339647 -2.337139 0.829383 -0.364394 -0.022102 -0.020631 0.930754
1341845839.817825 0.401857 -2.478778 1.079086 -0.408918 -0.040559 -0.023044 0.911378
1341845839.849994 0.337793 -2.370201 0.882812 -0.376625 -0.025934 -0.023869 0.925695
1341845839.881829 0.415186 -2.519827 1.130327 -0.421416 -0.046374 -0.026391 0.905296
1341845839.917855 0.415186 -2.519827 1.130327 -0.421416 -0.046374 -0.026391 0.905296
1341845839.950283 0.415186 -2.519827 1.130327 -0.421416 -0.046374 -0.026391 0.905296
1341845839.985757 0.415186 -2.519827 1.130327 -0.421416 -0.046374 -0.026391 0.905296
1341845840.017660 0.415186 -2.519827 1.130327 -0.421416 -0.046374 -0.026391 0.905296
1341845840.049741 0.415186 -2.519827 1.130327 -0.421416 -0.046374 -0.026391 0.905296
1341845840.085650 0.380560 -2.374493 0.886739 -0.377407 -0.042985 -0.029055 0.924593
1341845840.117698 0.252735 -2.349774 0.862659 -0.374580 -0.028499 -0.040862 0.925855
1341845840.149796 0.183149 -2.375394 0.929449 -0.390343 -0.021163 -0.045379 0.919307
1341845840.186069 0.183149 -2.375394 0.929449 -0.390343 -0.021163 -0.045379 0.919307
1341845840.217657 0.183149 -2.375394 0.929449 -0.390343 -0.021163 -0.045379 0.919307
1341845840.253694 0.490533 -2.552942 1.214406 -0.452614 -0.065505 -0.009315 0.889249
1341845840.285914 0.495646 -2.507420 1.160477 -0.443987 -0.068805 -0.007315 0.893358
1341845840.317753 0.427644 -2.538636 1.190376 -0.453371 -0.061954 -0.013926 0.889057
1341845840.353861 0.447644 -2.532179 1.171916 -0.452105 -0.064338 -0.012526 0.889553
1341845840.385775 0.488863 -2.620936 1.338050 -0.483726 -0.069801 -0.009107 0.872384
1341845840.417676 0.485794 -2.593738 1.298246 -0.480119 -0.070824 -0.009157 0.874292
1341845840.453598 0.432877 -2.534914 1.196297 -0.463723 -0.065914 -0.015656 0.883386
1341845840.485943 0.396402 -2.487311 1.117810 -0.450389 -0.061501 -0.020496 0.890476
1341845840.521810 0.384290 -2.516624 1.158912 -0.460684 -0.059189 -0.018832 0.885388
1341845840.553677 0.386176 -2.501845 1.135288 -0.458711 -0.061693 -0.017846 0.886262
1341845840.585765 0.307670 -2.451543 1.056779 -0.445518 -0.052596 -0.027117 0.893315
1341845840.621850 0.260895 -2.496505 1.097203 -0.457076 -0.046321 -0.032565 0.887624
1341845840.653789 0.380132 -2.561651 1.222128 -0.481130 -0.064578 -0.020662 0.874023
1341845840.685850 0.258966 -2.457151 1.037890 -0.449340 -0.050556 -0.036490 0.891183
1341845840.721832 0.310084 -2.356043 0.884509 -0.417602 -0.056848 -0.031292 0.906310
1341845840.753824 0.306524 -2.363481 0.897557 -0.418057 -0.060220 -0.026947 0.906022
1341845840.789783 0.217038 -2.315795 0.854378 -0.407647 -0.049744 -0.035296 0.911100
1341845840.821733 0.177727 -2.345117 0.889156 -0.415126 -0.043375 -0.040551 0.907824
1341845840.853661 0.200950 -2.367263 0.921996 -0.422194 -0.046720 -0.036425 0.904568
1341845840.889737 0.212995 -2.372886 0.911267 -0.421606 -0.048237 -0.032721 0.904904
1341845840.921786 0.285023 -2.339725 0.843055 -0.409290 -0.055741 -0.027839 0.910274
1341845840.957782 0.243387 -2.465499 1.015867 -0.446582 -0.050201 -0.034398 0.892671
1341845840.989777 0.268263 -2.387177 0.925469 -0.429291 -0.052504 -0.031581 0.901086
1341845841.021755 0.290344 -2.307781 0.823900 -0.407550 -0.053921 -0.029156 0.911123
1341845841.057797 0.256830 -2.263342 0.806508 -0.398388 -0.049456 -0.033154 0.915282
1341845841.089861 0.250145 -2.294632 0.835992 -0.403695 -0.045997 -0.032844 0.913146
1341845841.127763 0.265088 -2.308802 0.846241 -0.406121 -0.049670 -0.033876 0.911839
1341845841.189794 0.245043 -2.300826 0.821440 -0.400721 -0.049341 -0.040404 0.913978
1341845841.225871 0.250295 -2.269958 0.786882 -0.391278 -0.050363 -0.040460 0.918002
1341845841.257769 0.251858 -2.275948 0.795259 -0.391743 -0.051257 -0.040213 0.917765
1341845841.289834 0.278193 -2.315914 0.854620 -0.403869 -0.056260 -0.036077 0.912372
1341845841.325856 0.305306 -2.414478 0.971236 -0.430557 -0.060069 -0.032761 0.899966
1341845841.357778 0.287578 -2.398716 0.957210 -0.429425 -0.058399 -0.033381 0.900594
1341845841.389747 0.243992 -2.264476 0.795992 -0.394310 -0.054901 -0.035541 0.916647
1341845841.425648 0.191810 -2.198970 0.731343 -0.376283 -0.046796 -0.033803 0.924705
1341845841.457784 0.188332 -2.186083 0.719587 -0.368654 -0.045463 -0.028228 0.928025
1341845841.493636 0.249562 -2.253273 0.783236 -0.382573 -0.053171 -0.019281 0.922193
1341845841.525800 0.291243 -2.381249 0.930011 -0.417263 -0.059153 -0.016053 0.906717
1341845841.557776 0.282979 -2.358859 0.908455 -0.415222 -0.057839 -0.016715 0.907726
1341845841.593697 0.259083 -2.289969 0.831584 -0.400167 -0.055290 -0.016702 0.914620
1341845841.625800 0.232206 -2.203126 0.760982 -0.381224 -0.051776 -0.016926 0.922877
1341845841.657778 0.229677 -2.201593 0.758423 -0.379527 -0.050825 -0.015868 0.923647
1341845841.693890 0.256776 -2.194139 0.757045 -0.378623 -0.055000 -0.011591 0.923842
1341845841.725831 0.281522 -2.253937 0.818847 -0.393497 -0.058780 -0.008973 0.917401
1341845841.761977 0.265398 -2.300452 0.871534 -0.405925 -0.056881 -0.010813 0.912070
1341845841.793705 0.301012 -2.347187 0.925618 -0.420155 -0.062096 -0.005642 0.905308
1341845841.825907 0.247065 -2.306946 0.877014 -0.411602 -0.056518 -0.011256 0.909540
1341845841.862456 0.202496 -2.224390 0.779866 -0.390070 -0.052093 -0.015379 0.919182
1341845841.893840 0.179049 -2.185592 0.758128 -0.380148 -0.050651 -0.013513 0.923439
1341845841.925729 0.190720 -2.215421 0.784459 -0.385991 -0.051649 -0.008359 0.921018
1341845841.961799 0.166094 -2.195895 0.760349 -0.380980 -0.049285 -0.012794 0.923180
1341845841.994063 0.155447 -2.212025 0.775618 -0.385711 -0.047520 -0.016711 0.921244
1341845842.030345 0.189854 -2.384902 0.981450 -0.433275 -0.052419 -0.010763 0.899672
1341845842.061842 0.155740 -2.292958 0.871372 -0.411097 -0.049041 -0.012710 0.910183
1341845842.095648 0.116553 -2.196362 0.767062 -0.387641 -0.042947 -0.016999 0.920652
1341845842.130144 0.109178 -2.345363 0.931972 -0.425499 -0.041101 -0.015969 0.903884
1341845842.168651 0.095542 -2.170026 0.738037 -0.383034 -0.038691 -0.017745 0.922753
1341845842.204415 0.136166 -2.295264 0.882162 -0.415339 -0.044265 -0.012352 0.908505
1341845842.236995 0.116034 -2.209515 0.775158 -0.391949 -0.043121 -0.012592 0.918890
1341845842.298056 0.057598 -2.118905 0.686843 -0.370000 -0.036132 -0.012264 0.928248
1341845842.330531 0.098591 -2.150630 0.717227 -0.377273 -0.041376 -0.008460 0.925139
1341845842.362365 0.031142 -2.382973 0.945407 -0.433938 -0.032069 -0.012612 0.900284
1341845842.399606 0.052678 -2.288581 0.865652 -0.416707 -0.036207 -0.012534 0.908233
1341845842.439754 0.013590 -2.128521 0.693134 -0.377428 -0.030879 -0.019332 0.925322
1341845842.472222 0.013590 -2.128521 0.693134 -0.377428 -0.030879 -0.019332 0.925322
1341845842.506051 0.007122 -2.131630 0.710609 -0.381223 -0.031189 -0.016577 0.923808
1341845842.539739 -0.025708 -2.146239 0.709659 -0.382880 -0.025273 -0.020718 0.923220
1341845842.597810 0.026822 -2.081406 0.672860 -0.369240 -0.034521 -0.016881 0.928539
1341845842.671782 0.007831 -2.214733 0.793223 -0.398733 -0.031186 -0.016818 0.916382
1341845842.733828 0.045510 -2.072087 0.659683 -0.364606 -0.036523 -0.007342 0.930416
1341845842.772554 -0.015032 -2.188745 0.783274 -0.393724 -0.028070 -0.014967 0.918678
1341845842.803667 -0.015032 -2.188745 0.783274 -0.393724 -0.028070 -0.014967 0.918678
1341845842.839779 -0.015032 -2.188745 0.783274 -0.393724 -0.028070 -0.014967 0.918678
1341845842.871951 -0.015032 -2.188745 0.783274 -0.393724 -0.028070 -0.014967 0.918678
1341845842.903766 -0.081719 -2.192227 0.806806 -0.405291 -0.016724 -0.019885 0.913818
1341845842.939694 -0.062172 -2.203363 0.823229 -0.410333 -0.020465 -0.022008 0.911440
1341845842.971703 -0.064003 -2.184654 0.801652 -0.405263 -0.020039 -0.021697 0.913723
1341845843.003637 -0.067600 -2.206119 0.816482 -0.410146 -0.021145 -0.020383 0.911547
1341845843.039687 -0.072785 -2.247047 0.845500 -0.418536 -0.020016 -0.020021 0.907759
1341845843.071786 -0.069969 -2.196183 0.810397 -0.409027 -0.018219 -0.017753 0.912168
1341845843.103725 -0.029229 -2.201143 0.808346 -0.409461 -0.025235 -0.011194 0.911910
1341845843.139742 -0.034293 -2.177702 0.770720 -0.401107 -0.025648 -0.010416 0.915613
1341845843.171825 -0.062161 -2.188464 0.779296 -0.405342 -0.022054 -0.018176 0.913718
1341845843.207907 -0.085038 -2.252137 0.837050 -0.423026 -0.021063 -0.023582 0.905566
1341845843.240014 -0.101080 -2.221154 0.848940 -0.425190 -0.020340 -0.026257 0.904495
1341845843.281910 -0.101080 -2.221154 0.848940 -0.425190 -0.020340 -0.026257 0.904495
1341845843.307930 -0.117343 -2.229289 0.849291 -0.427615 -0.019942 -0.027488 0.903323
1341845843.339844 -0.081239 -2.214602 0.832489 -0.423934 -0.024195 -0.021102 0.905124
1341845843.407961 -0.127445 -2.228249 0.822775 -0.422283 -0.013324 -0.027807 0.905940
1341845843.469698 -0.117442 -2.251527 0.828052 -0.429626 -0.016749 -0.035631 0.902148
1341845843.501755 -0.160493 -2.277292 0.872332 -0.439891 -0.005351 -0.036632 0.897288
1341845843.537749 -0.152469 -2.295193 0.917024 -0.448451 -0.006357 -0.030835 0.893253
1341845843.601912 -0.058016 -2.537584 1.248979 -0.520165 -0.027892 -0.040154 0.852665
1341845843.637854 -0.201403 -2.365711 1.018630 -0.478207 -0.005681 -0.053710 0.876585
1341845843.669935 -0.126304 -2.320450 0.954347 -0.464949 -0.012644 -0.045338 0.884085
1341845843.705705 -0.126304 -2.320450 0.954347 -0.464949 -0.012644 -0.045338 0.884085
1341845843.738087 -0.126304 -2.320450 0.954347 -0.464949 -0.012644 -0.045338 0.884085
1341845843.769868 -0.126304 -2.320450 0.954347 -0.464949 -0.012644 -0.045338 0.884085
1341845843.805741 -0.169898 -2.292427 0.938300 -0.461984 0.004568 -0.047737 0.885591
1341845843.837731 -0.142405 -2.423607 1.067766 -0.492025 0.001637 -0.046038 0.869361
1341845843.869723 -0.156798 -2.303211 0.950863 -0.465870 0.008453 -0.045671 0.883633
1341845843.905817 -0.193727 -2.189712 0.768168 -0.431389 0.024572 -0.034945 0.901154
1341845843.937846 -0.171378 -2.198131 0.808290 -0.432958 0.017631 -0.042410 0.900243
1341845843.973843 -0.153348 -2.297174 0.919348 -0.456262 0.015889 -0.047961 0.888410
1341845844.005877 -0.110749 -2.194617 0.753847 -0.426845 0.023100 -0.023624 0.903721
1341845844.037839 -0.081906 -2.170892 0.741361 -0.421964 0.017615 -0.019113 0.906240
1341845844.073843 -0.097139 -2.315296 0.826458 -0.449309 0.019794 -0.027093 0.892746
1341845844.105844 -0.226345 -2.180686 0.721546 -0.421773 0.041413 -0.042402 0.904762
1341845844.137727 -0.238951 -2.158871 0.736170 -0.421153 0.040956 -0.048860 0.904746
1341845844.173729 -0.238951 -2.158871 0.736170 -0.421153 0.040956 -0.048860 0.904746
1341845844.205772 -0.128918 -2.221378 0.770708 -0.433828 0.023852 -0.038975 0.899836
1341845844.241826 -0.324872 -2.013477 0.648987 -0.394520 0.051085 -0.072838 0.914570
1341845844.273743 -0.324872 -2.013477 0.648987 -0.394520 0.051085 -0.072838 0.914570
1341845844.305737 -0.324872 -2.013477 0.648987 -0.394520 0.051085 -0.072838 0.914570
1341845844.341702 -0.324872 -2.013477 0.648987 -0.394520 0.051085 -0.072838 0.914570
1341845844.373700 -0.324872 -2.013477 0.648987 -0.394520 0.051085 -0.072838 0.914570
1341845844.409780 -0.398314 -1.982324 0.573584 -0.389115 0.060979 -0.086000 0.915137
1341845844.441868 -0.398314 -1.982324 0.573584 -0.389115 0.060979 -0.086000 0.915137
1341845844.473633 -0.398314 -1.982324 0.573584 -0.389115 0.060979 -0.086000 0.915137
1341845844.509732 -0.398314 -1.982324 0.573584 -0.389115 0.060979 -0.086000 0.915137
1341845844.541734 -0.398314 -1.982324 0.573584 -0.389115 0.060979 -0.086000 0.915137
1341845844.573798 -0.398314 -1.982324 0.573584 -0.389115 0.060979 -0.086000 0.915137
1341845844.609774 -0.398314 -1.982324 0.573584 -0.389115 0.060979 -0.086000 0.915137
1341845844.641742 -0.388975 -1.890148 0.487628 -0.378881 0.061122 -0.068108 0.920910
1341845844.677619 -0.464223 -1.747135 0.427558 -0.352225 0.068525 -0.087672 0.929277
1341845844.709820 -0.427053 -1.859562 0.449326 -0.371739 0.059872 -0.080929 0.922863
1341845844.741764 -0.427053 -1.859562 0.449326 -0.371739 0.059872 -0.080929 0.922863
1341845844.778110 -0.516955 -1.804696 0.423826 -0.368547 0.071000 -0.066857 0.924480
1341845844.811162 -0.516955 -1.804696 0.423826 -0.368547 0.071000 -0.066857 0.924480
1341845844.842336 -0.516955 -1.804696 0.423826 -0.368547 0.071000 -0.066857 0.924480
1341845844.883762 -0.530436 -1.794059 0.433855 -0.374453 0.065300 -0.071669 0.922163
1341845844.947016 -0.530436 -1.794059 0.433855 -0.374453 0.065300 -0.071669 0.922163
1341845844.977793 -0.530436 -1.794059 0.433855 -0.374453 0.065300 -0.071669 0.922163
1341845845.009670 -0.523875 -1.824686 0.462514 -0.389163 0.048355 -0.077467 0.916631
1341845845.045698 -0.523875 -1.824686 0.462514 -0.389163 0.048355 -0.077467 0.916631
1341845845.077748 -0.523875 -1.824686 0.462514 -0.389163 0.048355 -0.077467 0.916631
1341845845.109679 -0.612572 -1.807065 0.434859 -0.388037 0.060545 -0.091790 0.915061
1341845845.145640 -0.581112 -1.798335 0.427245 -0.388328 0.053450 -0.094071 0.915147
1341845845.177719 -0.581112 -1.798335 0.427245 -0.388328 0.053450 -0.094071 0.915147
1341845845.213604 -0.581112 -1.798335 0.427245 -0.388328 0.053450 -0.094071 0.915147
1341845845.245741 -0.581112 -1.798335 0.427245 -0.388328 0.053450 -0.094071 0.915147
1341845845.277905 -0.581112 -1.798335 0.427245 -0.388328 0.053450 -0.094071 0.915147
1341845845.314159 -0.581112 -1.798335 0.427245 -0.388328 0.053450 -0.094071 0.915147
1341845845.345748 -0.581112 -1.798335 0.427245 -0.388328 0.053450 -0.094071 0.915147
1341845845.381704 -0.581112 -1.798335 0.427245 -0.388328 0.053450 -0.094071 0.915147
1341845845.413648 -0.581112 -1.798335 0.427245 -0.388328 0.053450 -0.094071 0.915147
1341845845.445777 -0.581112 -1.798335 0.427245 -0.388328 0.053450 -0.094071 0.915147
1341845845.481809 -0.581112 -1.798335 0.427245 -0.388328 0.053450 -0.094071 0.915147
1341845845.514332 -0.540783 -1.755483 0.385469 -0.384372 0.043869 -0.099782 0.916721
1341845845.545717 -0.573797 -1.814366 0.457857 -0.397453 0.051843 -0.087955 0.911925
1341845845.581658 -0.636937 -1.837922 0.436744 -0.401721 0.061315 -0.088054 0.909454
1341845845.613959 -0.549614 -1.827615 0.439267 -0.406069 0.047555 -0.080151 0.909078
1341845845.649696 -0.606000 -1.751688 0.379536 -0.396782 0.052948 -0.107756 0.910027
1341845845.682034 -0.589837 -1.709574 0.366991 -0.387350 0.053617 -0.092819 0.915680
1341845845.714232 -0.589837 -1.709574 0.366991 -0.387350 0.053617 -0.092819 0.915680
1341845845.751971 -0.589837 -1.709574 0.366991 -0.387350 0.053617 -0.092819 0.915680
1341845845.787747 -0.589837 -1.709574 0.366991 -0.387350 0.053617 -0.092819 0.915680
1341845845.820616 -0.587829 -1.864445 0.452586 -0.419226 0.052183 -0.081557 0.902704
1341845845.887653 -0.587829 -1.864445 0.452586 -0.419226 0.052183 -0.081557 0.902704
1341845845.949895 -0.587829 -1.864445 0.452586 -0.419226 0.052183 -0.081557 0.902704
1341845845.981855 -0.587829 -1.864445 0.452586 -0.419226 0.052183 -0.081557 0.902704
1341845846.017822 -0.591462 -2.019071 0.604296 -0.452840 0.051118 -0.081097 0.886423
1341845846.049788 -0.594247 -2.022796 0.643491 -0.456368 0.044580 -0.100466 0.882976
1341845846.081697 -0.325371 -1.453367 0.172552 -0.332918 0.024856 -0.023784 0.942328
1341845846.117753 -0.720595 -1.952729 0.569629 -0.445417 0.064235 -0.114095 0.885698
1341845846.149729 -0.222338 -1.418165 0.199569 -0.331839 0.000399 -0.050279 0.941995
1341845846.185551 -0.222338 -1.418165 0.199569 -0.331839 0.000399 -0.050279 0.941995
1341845846.217670 -0.222338 -1.418165 0.199569 -0.331839 0.000399 -0.050279 0.941995
1341845846.249670 -0.195290 -1.449630 0.217642 -0.341295 -0.003824 -0.049259 0.938657
1341845846.285621 -0.195290 -1.449630 0.217642 -0.341295 -0.003824 -0.049259 0.938657
1341845846.318706 -0.195290 -1.449630 0.217642 -0.341295 -0.003824 -0.049259 0.938657
1341845846.349746 -0.165229 -1.433185 0.213629 -0.346877 -0.002657 -0.024017 0.937599
1341845846.385823 -0.165229 -1.433185 0.213629 -0.346877 -0.002657 -0.024017 0.937599
1341845846.417804 -0.165229 -1.433185 0.213629 -0.346877 -0.002657 -0.024017 0.937599
1341845846.453757 -0.165229 -1.433185 0.213629 -0.346877 -0.002657 -0.024017 0.937599
1341845846.485915 -0.165229 -1.433185 0.213629 -0.346877 -0.002657 -0.024017 0.937599
1341845846.517804 -0.165229 -1.433185 0.213629 -0.346877 -0.002657 -0.024017 0.937599
1341845846.553866 -0.165229 -1.433185 0.213629 -0.346877 -0.002657 -0.024017 0.937599
1341845846.585802 -0.165229 -1.433185 0.213629 -0.346877 -0.002657 -0.024017 0.937599
1341845846.621952 -0.165229 -1.433185 0.213629 -0.346877 -0.002657 -0.024017 0.937599
1341845846.653735 -0.165229 -1.433185 0.213629 -0.346877 -0.002657 -0.024017 0.937599
1341845846.687048 -0.165229 -1.433185 0.213629 -0.346877 -0.002657 -0.024017 0.937599
1341845846.721930 -0.165229 -1.433185 0.213629 -0.346877 -0.002657 -0.024017 0.937599
1341845846.755684 -0.165229 -1.433185 0.213629 -0.346877 -0.002657 -0.024017 0.937599
1341845846.785987 -0.165229 -1.433185 0.213629 -0.346877 -0.002657 -0.024017 0.937599
1341845846.821760 -0.165229 -1.433185 0.213629 -0.346877 -0.002657 -0.024017 0.937599
1341845846.853756 -0.210542 -1.503044 0.221707 -0.371039 0.010130 -0.002565 0.928558
1341845846.889724 -0.193856 -1.524534 0.230371 -0.367387 0.003889 -0.011817 0.929985
1341845846.921756 -0.193856 -1.524534 0.230371 -0.367387 0.003889 -0.011817 0.929985
1341845846.953776 -0.193856 -1.524534 0.230371 -0.367387 0.003889 -0.011817 0.929985
1341845846.989607 -0.193856 -1.524534 0.230371 -0.367387 0.003889 -0.011817 0.929985
1341845847.021791 -0.193856 -1.524534 0.230371 -0.367387 0.003889 -0.011817 0.929985
1341845847.053671 -0.193856 -1.524534 0.230371 -0.367387 0.003889 -0.011817 0.929985
1341845847.089677 -0.193856 -1.524534 0.230371 -0.367387 0.003889 -0.011817 0.929985
1341845847.121825 0.015741 -1.156918 0.077779 -0.288752 -0.036215 0.005111 0.956705
1341845847.157737 -0.235157 -1.676864 0.324594 -0.382389 0.004641 -0.020840 0.923755
1341845847.189613 -0.172847 -1.612056 0.268746 -0.365889 -0.004177 -0.013739 0.930548
1341845847.221790 -0.343108 -1.508492 0.164495 -0.335871 0.027149 -0.022498 0.941248
1341845847.257718 -0.130593 -1.001342 -0.035399 -0.237176 -0.000664 -0.020056 0.971259
1341845847.289652 -0.025163 -1.154128 0.041391 -0.262849 -0.025088 0.007623 0.964481
1341845847.321777 -0.012881 -1.163837 0.051301 -0.261022 -0.024468 0.002065 0.965021
1341845847.357899 -0.039604 -1.010418 -0.003098 -0.228407 -0.019101 -0.014884 0.973265
1341845847.390176 -0.039604 -1.010418 -0.003098 -0.228407 -0.019101 -0.014884 0.973265
1341845847.425786 -0.039604 -1.010418 -0.003098 -0.228407 -0.019101 -0.014884 0.973265
1341845847.489945 -0.039604 -1.010418 -0.003098 -0.228407 -0.019101 -0.014884 0.973265
1341845847.525805 -0.094597 -0.803653 -0.074714 -0.187647 -0.012241 -0.022612 0.981900
1341845847.557741 -0.094597 -0.803653 -0.074714 -0.187647 -0.012241 -0.022612 0.981900
1341845847.593782 -0.060343 -0.919046 -0.064174 -0.211995 -0.023514 -0.027629 0.976597
1341845847.625656 -0.022843 -0.759385 -0.087815 -0.181879 -0.026589 -0.056724 0.981323
1341845847.657670 -0.140195 -0.896341 -0.059616 -0.202772 -0.008710 -0.035764 0.978534
1341845847.693751 -0.102110 -0.990131 -0.030621 -0.216740 -0.014523 -0.027516 0.975733
1341845847.725684 -0.140388 -0.907915 -0.069681 -0.200033 -0.006462 -0.033001 0.979212
1341845847.757787 -0.140388 -0.907915 -0.069681 -0.200033 -0.006462 -0.033001 0.979212
1341845847.793826 -0.213340 -1.002073 -0.037265 -0.215071 0.003319 -0.015105 0.976476
1341845847.825684 -0.208387 -0.964795 -0.056087 -0.208023 0.002075 -0.017186 0.977971
1341845847.861928 -0.181226 -1.022370 -0.033783 -0.216531 -0.002443 -0.010076 0.976221
1341845847.893697 -0.096680 -0.886381 -0.106156 -0.189802 -0.017598 -0.016356 0.981528
1341845847.925644 -0.096680 -0.886381 -0.106156 -0.189802 -0.017598 -0.016356 0.981528
1341845847.961946 -0.096680 -0.886381 -0.106156 -0.189802 -0.017598 -0.016356 0.981528
1341845847.993685 -0.096680 -0.886381 -0.106156 -0.189802 -0.017598 -0.016356 0.981528
1341845848.025620 -0.338583 -0.906815 -0.145904 -0.190437 0.022742 -0.030630 0.980958
1341845848.061715 -0.322156 -0.809348 -0.178232 -0.170330 0.020757 -0.029896 0.984715
1341845848.093689 -0.322305 -0.906187 -0.141466 -0.187762 0.018402 -0.028700 0.981623
1341845848.132119 -0.153466 -0.867040 -0.113975 -0.182149 -0.011022 -0.034456 0.982605
1341845848.167711 -0.153466 -0.867040 -0.113975 -0.182149 -0.011022 -0.034456 0.982605
1341845848.200502 -0.153466 -0.867040 -0.113975 -0.182149 -0.011022 -0.034456 0.982605
1341845848.232265 -0.153744 -0.879617 -0.119362 -0.183587 -0.012219 -0.033061 0.982371
1341845848.267873 -0.144839 -0.857300 -0.126152 -0.178041 -0.015419 -0.036456 0.983227
1341845848.301135 -0.155998 -0.884575 -0.118694 -0.183636 -0.012941 -0.038536 0.982154
1341845848.335735 -0.145716 -0.919636 -0.136560 -0.190612 -0.016341 -0.036652 0.980845
1341845848.367757 -0.156908 -0.883735 -0.119431 -0.185839 -0.016113 -0.040836 0.981599
1341845848.399644 -0.144479 -0.877329 -0.124829 -0.183622 -0.017906 -0.033205 0.982273
1341845848.435802 -0.120231 -0.869450 -0.121618 -0.182062 -0.026785 -0.027674 0.982532
1341845848.467705 -0.148758 -0.970479 -0.107435 -0.198749 -0.023667 -0.016164 0.979631
1341845848.503759 -0.158424 -0.886375 -0.131892 -0.186039 -0.017831 -0.041943 0.981485
1341845848.536036 -0.119722 -0.871251 -0.137352 -0.180694 -0.024110 -0.027428 0.982861
1341845848.567958 -0.123216 -0.924147 -0.113583 -0.189825 -0.025471 -0.031597 0.980979
1341845848.603657 -0.141963 -0.934927 -0.116748 -0.191388 -0.021877 -0.031928 0.980751
1341845848.635797 0.012172 -0.965323 -0.059322 -0.198720 -0.048794 -0.020602 0.978624
1341845848.671815 0.012172 -0.965323 -0.059322 -0.198720 -0.048794 -0.020602 0.978624
1341845848.703677 -0.112159 -0.869491 -0.135336 -0.171055 -0.028473 -0.030546 0.984376
1341845848.735781 -0.137480 -0.952865 -0.116263 -0.183024 -0.023704 -0.031954 0.982303
1341845848.771647 -0.137480 -0.952865 -0.116263 -0.183024 -0.023704 -0.031954 0.982303
1341845848.803783 -0.137480 -0.952865 -0.116263 -0.183024 -0.023704 -0.031954 0.982303
1341845848.839757 -0.175415 -0.941214 -0.113138 -0.177981 -0.008572 -0.016026 0.983866
1341845848.871829 -0.175415 -0.941214 -0.113138 -0.177981 -0.008572 -0.016026 0.983866
1341845848.903622 -0.205293 -1.091455 -0.082723 -0.205158 0.001080 -0.022759 0.978464
1341845848.940608 -0.145335 -1.038015 -0.102343 -0.185123 -0.003136 -0.021126 0.982483
1341845848.972843 -0.166979 -0.981757 -0.086119 -0.173213 0.004195 -0.017866 0.984713
1341845849.008613 -0.166979 -0.981757 -0.086119 -0.173213 0.004195 -0.017866 0.984713
1341845849.072005 0.175334 -0.548250 -0.159877 -0.091408 -0.046430 0.014553 0.994624
1341845849.133777 -0.178488 -1.029734 -0.097716 -0.178523 0.014654 -0.036566 0.983147
1341845849.165908 -0.088614 -0.872976 -0.118693 -0.149406 0.005549 -0.030900 0.988277
1341845849.201651 -0.114754 -0.881154 -0.100881 -0.150235 0.010191 -0.029305 0.988163
1341845849.233648 -0.093995 -0.912185 -0.093604 -0.155376 0.007324 -0.026302 0.987478
1341845849.265690 -0.383672 -1.053544 -0.082667 -0.184065 0.059041 -0.048334 0.979948
1341845849.301701 -0.107871 -0.863187 -0.099621 -0.149777 0.011812 -0.029169 0.988219
1341845849.333730 -0.026059 -0.808426 -0.082478 -0.142535 -0.003689 -0.022616 0.989524
1341845849.369727 -0.027776 -0.780437 -0.084806 -0.138872 -0.003942 -0.021082 0.990078
1341845849.401811 -0.065132 -0.634524 -0.140927 -0.112705 0.005701 -0.006004 0.993594
1341845849.433692 -0.086124 -0.811142 -0.067695 -0.143952 0.005177 -0.022991 0.989304
1341845849.469648 -0.135242 -0.904307 -0.037093 -0.163191 0.013055 -0.030888 0.986024
1341845849.501641 -0.136394 -0.896596 -0.028843 -0.162953 0.012440 -0.030545 0.986082
1341845849.533689 -0.166278 -0.890378 -0.013625 -0.162699 0.017727 -0.032393 0.985984
1341845849.569780 -0.161304 -0.841828 0.003019 -0.156775 0.017474 -0.031477 0.986978
1341845849.601759 -0.174901 -0.943394 0.000983 -0.176325 0.018037 -0.041989 0.983271
1341845849.637837 -0.253016 -0.894247 0.048089 -0.168752 0.035643 -0.041792 0.984127
1341845849.669719 -0.213346 -0.715882 -0.022205 -0.133242 0.031944 -0.030564 0.990097
1341845849.701927 -0.279061 -0.588722 -0.043229 -0.115595 0.046051 -0.055756 0.990661
1341845849.737804 -0.195733 -0.761761 0.006943 -0.143263 0.032704 -0.032448 0.988612
1341845849.769688 -0.109992 -0.674640 0.013259 -0.127699 0.017901 -0.026940 0.991285
1341845849.805874 -0.174143 -0.800435 0.030611 -0.151960 0.027001 -0.032343 0.987488
1341845849.838002 -0.174143 -0.800435 0.030611 -0.151960 0.027001 -0.032343 0.987488
1341845849.873756 -0.174143 -0.800435 0.030611 -0.151960 0.027001 -0.032343 0.987488
1341845849.905773 -0.174143 -0.800435 0.030611 -0.151960 0.027001 -0.032343 0.987488
1341845849.942380 -0.174143 -0.800435 0.030611 -0.151960 0.027001 -0.032343 0.987488
1341845849.969808 -0.174143 -0.800435 0.030611 -0.151960 0.027001 -0.032343 0.987488
1341845850.006040 -0.200657 -0.658063 0.056052 -0.127709 0.034842 -0.032583 0.990664
1341845850.038041 -0.192405 -0.657839 0.063360 -0.128685 0.032749 -0.032765 0.990603
1341845850.073843 -0.200597 -0.651770 0.080999 -0.127375 0.033875 -0.038381 0.990533
1341845850.137727 -0.200597 -0.651770 0.080999 -0.127375 0.033875 -0.038381 0.990533
1341845850.173748 -0.200597 -0.651770 0.080999 -0.127375 0.033875 -0.038381 0.990533
1341845850.205888 -0.200597 -0.651770 0.080999 -0.127375 0.033875 -0.038381 0.990533
1341845850.242190 -0.200597 -0.651770 0.080999 -0.127375 0.033875 -0.038381 0.990533
1341845850.276369 -0.200597 -0.651770 0.080999 -0.127375 0.033875 -0.038381 0.990533
1341845850.311979 -0.237444 -0.727119 0.090933 -0.144169 0.039057 -0.038517 0.988031
1341845850.343827 -0.224693 -0.731389 0.098963 -0.146611 0.035746 -0.041237 0.987688
1341845850.380151 -0.244314 -0.724441 0.111705 -0.147002 0.039458 -0.042769 0.987423
1341845850.412359 -0.252161 -0.727647 0.121199 -0.147049 0.041481 -0.042861 0.987329
1341845850.447279 -0.234997 -0.735571 0.120780 -0.148711 0.040011 -0.038988 0.987301
1341845850.511722 -0.155592 -0.639169 0.132375 -0.126051 0.025909 -0.024207 0.991390
1341845850.573894 -0.176226 -0.647517 0.153935 -0.126704 0.032352 -0.025090 0.991095
1341845850.609794 -0.180918 -0.676962 0.167813 -0.132438 0.033130 -0.025999 0.990296
1341845850.641744 -0.178822 -0.702448 0.167150 -0.137702 0.032023 -0.024895 0.989643
1341845850.673755 -0.193621 -0.718200 0.176364 -0.139632 0.034200 -0.030860 0.989131
1341845850.709784 -0.206359 -0.718571 0.190003 -0.139952 0.038441 -0.030827 0.988931
1341845850.741802 -0.164244 -0.721712 0.195487 -0.139793 0.029569 -0.028309 0.989334
1341845850.777740 -0.185863 -0.729403 0.203781 -0.142062 0.033012 -0.030387 0.988840
1341845850.841900 -0.190945 -0.747576 0.212610 -0.146313 0.033664 -0.030397 0.988198
1341845850.877766 -0.248342 -0.798459 0.216613 -0.158362 0.044072 -0.034611 0.985790
1341845850.909781 -0.217518 -0.712856 0.225276 -0.141089 0.040342 -0.027078 0.988804
1341845850.941758 -0.204715 -0.757745 0.234697 -0.152396 0.037234 -0.030897 0.987134
1341845850.977762 -0.244430 -0.702664 0.242889 -0.140458 0.047011 -0.022040 0.988724
1341845851.009834 -0.207026 -0.725774 0.249642 -0.147147 0.038389 -0.025325 0.988045
1341845851.045751 -0.300779 -0.780049 0.243209 -0.160588 0.055598 -0.028280 0.985049
1341845851.077894 -0.186884 -0.715761 0.260372 -0.146145 0.034905 -0.020684 0.988431
1341845851.109747 -0.198490 -0.674421 0.252159 -0.136533 0.039255 -0.014167 0.989756
1341845851.145889 -0.198490 -0.674421 0.252159 -0.136533 0.039255 -0.014167 0.989756
1341845851.177904 -0.198490 -0.674421 0.252159 -0.136533 0.039255 -0.014167 0.989756
1341845851.209882 -0.198490 -0.674421 0.252159 -0.136533 0.039255 -0.014167 0.989756
1341845851.251733 -0.239456 -0.759435 0.293298 -0.167188 0.043957 -0.028210 0.984541
1341845851.313813 -0.244956 -0.652992 0.297504 -0.139933 0.048723 -0.023709 0.988677
1341845851.345834 -0.157503 -0.570662 0.284692 -0.120748 0.028639 -0.015222 0.992153
1341845851.377718 -0.245284 -0.721786 0.324814 -0.154533 0.045335 -0.016299 0.986812
1341845851.413805 -0.214445 -0.717323 0.308934 -0.153682 0.038396 -0.018332 0.987204
1341845851.445896 -0.157382 -0.745612 0.318801 -0.165626 0.022189 -0.022359 0.985685
1341845851.478163 -0.173681 -0.726947 0.316227 -0.161584 0.023181 -0.020385 0.986376
1341845851.514640 -0.161293 -0.757845 0.329279 -0.171187 0.021213 -0.019446 0.984818
1341845851.546201 -0.159235 -0.766130 0.336881 -0.176088 0.021150 -0.019441 0.983955
1341845851.581975 -0.195714 -0.706308 0.338240 -0.162722 0.030162 -0.016679 0.986070
1341845851.616214 -0.200814 -0.686116 0.339516 -0.155820 0.032451 -0.011763 0.987182
1341845851.681977 -0.191391 -0.698923 0.352291 -0.160308 0.029139 -0.007718 0.986607
1341845851.714139 -0.191453 -0.680926 0.349691 -0.155782 0.029944 -0.009035 0.987296
1341845851.745927 -0.159305 -0.730259 0.348277 -0.167167 0.020679 -0.007214 0.985685
1341845851.781911 -0.130822 -0.734908 0.358618 -0.170154 0.013032 -0.010668 0.985274
1341845851.813848 -0.149369 -0.697357 0.360876 -0.160811 0.018770 -0.012967 0.986722
1341845851.849910 -0.154984 -0.694136 0.361471 -0.160312 0.019532 -0.014038 0.986773
1341845851.881832 -0.166876 -0.663665 0.357990 -0.150239 0.021557 -0.014193 0.988313
1341845851.913735 -0.161420 -0.632633 0.347939 -0.139073 0.023030 -0.018370 0.989844
1341845851.949904 -0.146400 -0.676721 0.349392 -0.150395 0.020072 -0.019778 0.988224
1341845851.982005 -0.186630 -0.621574 0.345964 -0.135999 0.029057 -0.025274 0.989960
1341845852.017909 -0.186630 -0.621574 0.345964 -0.135999 0.029057 -0.025274 0.989960
1341845852.050012 -0.184033 -0.634952 0.337073 -0.137763 0.034951 -0.020944 0.989627
1341845852.082035 -0.264555 -0.599040 0.345750 -0.127598 0.056158 -0.016166 0.990103
1341845852.121076 -0.170500 -0.660536 0.332055 -0.142324 0.037481 -0.023704 0.988826
1341845852.163838 -0.170500 -0.660536 0.332055 -0.142324 0.037481 -0.023704 0.988826
1341845852.190660 -0.170500 -0.660536 0.332055 -0.142324 0.037481 -0.023704 0.988826
1341845852.223981 -0.170500 -0.660536 0.332055 -0.142324 0.037481 -0.023704 0.988826
1341845852.286726 -0.166281 -0.725691 0.330198 -0.154898 0.042099 -0.028687 0.986616
1341845852.349834 -0.166281 -0.725691 0.330198 -0.154898 0.042099 -0.028687 0.986616
1341845852.385657 -0.213170 -0.665827 0.302520 -0.142741 0.049597 -0.017903 0.988354
1341845852.417731 -0.172825 -0.728861 0.313581 -0.156922 0.036892 -0.021634 0.986685
1341845852.449741 -0.172825 -0.728861 0.313581 -0.156922 0.036892 -0.021634 0.986685
1341845852.485861 -0.177129 -0.732361 0.305653 -0.158591 0.036489 -0.026179 0.986323
1341845852.517876 -0.177129 -0.732361 0.305653 -0.158591 0.036489 -0.026179 0.986323
1341845852.553887 -0.177129 -0.732361 0.305653 -0.158591 0.036489 -0.026179 0.986323
1341845852.617891 -0.190885 -0.848445 0.306766 -0.186491 0.031412 -0.026727 0.981591
1341845852.653840 -0.166284 -0.782963 0.283135 -0.170747 0.026527 -0.025684 0.984623
1341845852.685926 -0.171654 -0.748726 0.267128 -0.163247 0.027618 -0.027743 0.985808
1341845852.717821 -0.127586 -0.726585 0.255920 -0.159035 0.015502 -0.025838 0.986813
1341845852.753958 -0.212825 -0.766444 0.252765 -0.166532 0.033045 -0.020855 0.985261
1341845852.785766 -0.212825 -0.766444 0.252765 -0.166532 0.033045 -0.020855 0.985261
1341845852.822784 -0.243456 -0.604570 0.247034 -0.134848 0.039197 -0.013977 0.989992
1341845852.885924 -0.093451 -0.529515 0.189815 -0.117331 0.013260 -0.007466 0.992976
1341845852.921581 -0.093451 -0.529515 0.189815 -0.117331 0.013260 -0.007466 0.992976
1341845852.953977 -0.123457 -0.572062 0.186929 -0.126127 0.020044 -0.003714 0.991805
1341845852.989721 -0.123457 -0.572062 0.186929 -0.126127 0.020044 -0.003714 0.991805
1341845853.021716 -0.123457 -0.572062 0.186929 -0.126127 0.020044 -0.003714 0.991805
1341845853.053750 -0.127376 -0.559272 0.168522 -0.123442 0.016675 -0.016368 0.992077
1341845853.089814 -0.127376 -0.559272 0.168522 -0.123442 0.016675 -0.016368 0.992077
1341845853.121864 -0.068962 -0.638898 0.143432 -0.140027 0.002990 -0.020383 0.989933
1341845853.159690 -0.063574 -0.450268 0.131389 -0.099687 0.003584 -0.012295 0.994936
1341845853.195824 -0.156775 -0.553894 0.132316 -0.120253 0.020258 -0.014266 0.992434
1341845853.227731 -0.058068 -0.399766 0.108445 -0.088229 0.002051 -0.008298 0.996064
1341845853.263703 -0.097365 -0.468066 0.112154 -0.101321 0.009278 -0.010409 0.994756
1341845853.296490 -0.071280 -0.390292 0.096793 -0.082500 0.004960 -0.012125 0.996505
1341845853.327753 -0.063349 -0.381453 0.093275 -0.079451 0.001089 -0.007906 0.996807
1341845853.363891 -0.078716 -0.384570 0.081386 -0.078687 0.003724 -0.006633 0.996870
1341845853.395726 -0.066847 -0.387406 0.065198 -0.077018 0.003711 -0.006590 0.997001
1341845853.463774 -0.059865 -0.388731 0.058897 -0.076906 0.000563 -0.006900 0.997014
1341845853.525799 -0.017732 -0.489646 0.039167 -0.097200 -0.008916 -0.013686 0.995131
1341845853.557770 -0.070386 -0.319549 0.035056 -0.063686 -0.000372 -0.007924 0.997938
1341845853.589705 -0.101021 -0.307744 0.030166 -0.060783 0.005361 -0.008411 0.998101
1341845853.625908 -0.032009 -0.241561 0.027747 -0.047731 -0.008763 -0.006039 0.998804
1341845853.657783 -0.109810 -0.312994 0.012420 -0.062250 0.005133 -0.008531 0.998011
1341845853.689930 -0.145206 -0.294882 0.008042 -0.056310 0.012987 -0.004760 0.998318
1341845853.725779 -0.109254 -0.293284 0.001056 -0.055471 0.006216 -0.003330 0.998435
1341845853.757962 -0.109985 -0.281116 -0.017280 -0.052187 0.006531 -0.001599 0.998615
1341845853.793750 -0.090049 -0.291237 -0.010375 -0.054045 0.001957 -0.004885 0.998525
1341845853.825783 -0.042199 -0.352052 -0.042195 -0.064709 -0.007016 0.001015 0.997879
1341845853.857700 -0.065175 -0.293527 -0.049503 -0.052850 -0.003591 -0.001354 0.998595
1341845853.893805 -0.035348 -0.314952 -0.052545 -0.056837 -0.012364 -0.004306 0.998298
1341845853.925836 -0.095987 -0.366530 -0.082668 -0.066831 -0.001027 -0.007399 0.997736
1341845853.957735 -0.120254 -0.351181 -0.050960 -0.066102 0.003559 -0.012507 0.997728
1341845853.993852 -0.097707 -0.265175 -0.050069 -0.047517 -0.001057 -0.002758 0.998866
1341845854.025830 -0.110672 -0.303961 -0.064514 -0.053778 0.000305 -0.005157 0.998540
1341845854.061903 -0.110672 -0.303961 -0.064514 -0.053778 0.000305 -0.005157 0.998540
1341845854.093760 -0.122737 -0.329249 -0.079766 -0.061988 0.004306 -0.013067 0.997982
1341845854.125736 -0.098782 -0.292397 -0.076616 -0.053435 -0.004250 -0.010394 0.998508
1341845854.161837 -0.084021 -0.446023 -0.105759 -0.082802 -0.009128 -0.014471 0.996419
1341845854.193844 -0.084021 -0.446023 -0.105759 -0.082802 -0.009128 -0.014471 0.996419
1341845854.229884 -0.063258 -0.383328 -0.078574 -0.073430 -0.013026 -0.008041 0.997183
1341845854.261692 -0.078209 -0.154423 -0.091201 -0.031615 -0.011444 0.003531 0.999428
1341845854.293781 -0.126249 -0.179706 -0.091801 -0.036928 -0.002247 0.006971 0.999291
1341845854.330249 -0.061831 -0.400035 -0.125676 -0.079055 -0.012525 -0.003375 0.996786
1341845854.361687 0.214806 -0.026780 -0.096031 -0.011902 -0.058095 0.012599 0.998161
1341845854.393726 0.337111 0.098672 -0.003462 0.011424 -0.084812 0.023776 0.996048
1341845854.429762 0.337111 0.098672 -0.003462 0.011424 -0.084812 0.023776 0.996048
1341845854.462072 0.337111 0.098672 -0.003462 0.011424 -0.084812 0.023776 0.996048
1341845854.497796 0.337111 0.098672 -0.003462 0.011424 -0.084812 0.023776 0.996048
1341845854.529719 0.337111 0.098672 -0.003462 0.011424 -0.084812 0.023776 0.996048
1341845854.561884 0.337111 0.098672 -0.003462 0.011424 -0.084812 0.023776 0.996048
1341845854.597860 0.337111 0.098672 -0.003462 0.011424 -0.084812 0.023776 0.996048
1341845854.629736 0.210421 0.029412 -0.083413 0.000721 -0.056435 0.010737 0.998348
1341845854.662835 0.210421 0.029412 -0.083413 0.000721 -0.056435 0.010737 0.998348
1341845854.697815 0.210421 0.029412 -0.083413 0.000721 -0.056435 0.010737 0.998348
1341845854.729806 0.211829 0.004489 -0.081895 -0.000798 -0.057065 0.016104 0.998240
1341845854.765688 0.216315 -0.006510 -0.088092 -0.001562 -0.058650 0.014920 0.998166
1341845854.797997 0.205234 -0.036682 -0.087748 -0.007185 -0.050927 -0.010715 0.998619
1341845854.829779 0.231903 -0.018290 -0.089913 -0.004032 -0.058049 -0.003232 0.998300
1341845854.865670 0.229208 0.003181 -0.096576 0.000428 -0.059526 -0.006300 0.998207
1341845854.897712 0.229208 0.003181 -0.096576 0.000428 -0.059526 -0.006300 0.998207
1341845854.930302 0.229208 0.003181 -0.096576 0.000428 -0.059526 -0.006300 0.998207
1341845854.965801 0.229208 0.003181 -0.096576 0.000428 -0.059526 -0.006300 0.998207
1341845854.997629 0.303557 -0.030564 -0.042912 -0.008717 -0.072670 -0.005377 0.997303
1341845855.033841 0.354694 -0.057715 -0.057477 -0.013558 -0.079842 -0.003369 0.996710
1341845855.065777 0.581409 0.358066 0.040209 0.061836 -0.117066 0.017189 0.991048
1341845855.097795 0.581409 0.358066 0.040209 0.061836 -0.117066 0.017189 0.991048
1341845855.133841 0.581409 0.358066 0.040209 0.061836 -0.117066 0.017189 0.991048
1341845855.165831 0.587602 0.304041 0.026998 0.049619 -0.123429 0.011328 0.991047
1341845855.201780 -0.501644 2.559519 3.780669 0.019826 0.831287 -0.546121 0.101595
1341845855.233747 -0.501644 2.559519 3.780669 0.019826 0.831287 -0.546121 0.101595
1341845855.265823 -0.501644 2.559519 3.780669 0.019826 0.831287 -0.546121 0.101595
1341845855.301716 -0.501644 2.559519 3.780669 0.019826 0.831287 -0.546121 0.101595
1341845855.333726 -0.530608 2.572519 3.754831 0.021409 0.826849 -0.550973 0.110862
1341845855.365773 -0.535465 2.566687 3.773833 0.017664 0.828766 -0.549184 0.105976
1341845855.401892 -0.535465 2.566687 3.773833 0.017664 0.828766 -0.549184 0.105976
1341845855.433652 -0.520988 2.582141 3.783992 0.027105 0.827647 -0.549086 0.113009
1341845855.469817 -0.562602 2.574483 3.807258 0.030358 0.827895 -0.545824 0.125478
1341845855.502750 -0.562521 2.556204 3.866569 0.028713 0.833550 -0.537415 0.124720
1341845855.533846 -0.494041 2.588662 3.821825 0.024522 0.829596 -0.547283 0.107940
1341845855.569986 -0.500831 2.593879 3.807410 0.023701 0.828265 -0.548934 0.109939
1341845855.601707 -0.523731 2.630403 3.761726 0.022911 0.821127 -0.558200 0.116783
1341845855.633953 -0.488904 2.581444 3.862874 0.047272 0.828429 -0.543300 0.127653
1341845855.669628 -0.488904 2.581444 3.862874 0.047272 0.828429 -0.543300 0.127653
1341845855.701786 -0.600346 2.612464 3.830466 0.017338 0.826263 -0.547357 0.131867
1341845855.737762 -0.500783 2.622715 3.792785 0.020280 0.822169 -0.556926 0.116022
1341845855.769674 -0.528792 2.615227 3.832152 0.013422 0.826306 -0.550382 0.118821
1341845855.802152 -0.494044 2.666529 3.826416 0.016969 0.823803 -0.554798 0.115155
1341845855.837801 -0.413746 2.609316 3.873554 0.020783 0.830888 -0.546872 0.100616
1341845855.869788 -0.487668 2.580301 3.903304 0.019011 0.833066 -0.541055 0.113578
1341845855.901958 -0.457562 2.586941 3.930759 0.020700 0.835064 -0.539220 0.107150
1341845855.937711 -0.442455 2.631453 3.844220 0.020984 0.826263 -0.552680 0.106738
1341845855.969840 -0.479855 2.590749 3.897009 0.023234 0.831100 -0.544020 0.113032
1341845856.038077 -0.492387 2.598551 3.885866 0.024690 0.829917 -0.545149 0.115933
1341845856.069815 -0.455724 2.617600 3.876943 0.027258 0.828904 -0.547961 0.109148
1341845856.105773 -0.250685 2.762678 3.830156 0.045075 0.820501 -0.564295 0.079483
1341845856.137725 -0.284627 2.729734 3.827023 0.044073 0.821724 -0.561420 0.087373
1341845856.169966 -0.263948 2.745489 3.830666 0.048972 0.822321 -0.560359 0.085951
1341845856.205833 -0.291548 2.774943 3.629589 0.033039 0.807902 -0.583207 0.077921
1341845856.237587 -0.452322 2.688593 3.866053 0.033224 0.829937 -0.545577 0.111561
1341845856.273683 -0.311261 2.708377 3.942048 0.048279 0.835229 -0.540056 0.091658
1341845856.305723 -0.236428 2.768120 3.826687 0.047976 0.825205 -0.557413 0.077626
1341845856.337653 -0.383216 2.739039 3.769326 0.036251 0.822342 -0.558811 0.100847
1341845856.373714 -0.400179 2.756222 3.733832 0.039489 0.816713 -0.565564 0.107508
1341845856.405678 -0.275578 2.804159 3.735119 0.049324 0.814615 -0.570842 0.090053
1341845856.441799 -0.281871 2.821905 3.707875 0.040539 0.814009 -0.572941 0.086512
1341845856.473680 -0.281871 2.821905 3.707875 0.040539 0.814009 -0.572941 0.086512
1341845856.505768 -0.500057 2.703893 3.759791 0.024996 0.821628 -0.556370 0.121469
1341845856.541718 -0.264869 2.780681 3.880859 0.051133 0.828514 -0.550658 0.087898
1341845856.573678 -0.235085 2.805166 3.778598 0.047373 0.820676 -0.563687 0.080647
1341845856.605758 -0.379783 2.815918 3.645757 0.030102 0.809200 -0.578950 0.095431
1341845856.641782 -0.451617 2.747263 3.805902 0.031837 0.824310 -0.553662 0.113835
1341845856.673977 -0.451617 2.747263 3.805902 0.031837 0.824310 -0.553662 0.113835
1341845856.709876 -0.272950 2.797363 3.853074 0.050792 0.826686 -0.553450 0.087772
1341845856.741736 -0.429786 2.791360 3.703697 0.032010 0.813781 -0.569708 0.110313
1341845856.773960 -0.429786 2.791360 3.703697 0.032010 0.813781 -0.569708 0.110313
1341845856.809797 -0.197309 2.836675 3.766384 0.053604 0.817986 -0.567814 0.074914
1341845856.841746 -0.260364 2.846019 3.722812 0.046059 0.814427 -0.572025 0.085875
1341845856.873762 -0.260364 2.846019 3.722812 0.046059 0.814427 -0.572025 0.085875
1341845856.915904 -0.260364 2.846019 3.722812 0.046059 0.814427 -0.572025 0.085875
1341845856.977900 -0.328717 2.980585 2.935066 0.071605 0.731314 -0.663411 0.141205
1341845857.009735 -0.384483 2.793911 3.739170 0.035973 0.821697 -0.559673 0.101422
1341845857.041737 -0.450089 2.942524 2.932908 0.070141 0.730442 -0.658810 0.165844
1341845857.077896 -0.183924 2.805513 3.841399 0.070201 0.826585 -0.551731 0.086147
1341845857.109633 -0.183924 2.805513 3.841399 0.070201 0.826585 -0.551731 0.086147
1341845857.141583 0.133310 2.356203 4.707613 0.076462 0.906883 -0.414090 0.015673
1341845857.178255 0.133310 2.356203 4.707613 0.076462 0.906883 -0.414090 0.015673
1341845857.209846 0.133310 2.356203 4.707613 0.076462 0.906883 -0.414090 0.015673
1341845857.245767 -0.108355 2.854102 3.825466 0.063415 0.825996 -0.556383 0.064400
1341845857.277737 -0.108355 2.854102 3.825466 0.063415 0.825996 -0.556383 0.064400
1341845857.309994 -0.108355 2.854102 3.825466 0.063415 0.825996 -0.556383 0.064400
1341845857.345862 -0.108355 2.854102 3.825466 0.063415 0.825996 -0.556383 0.064400
1341845857.377787 -0.108355 2.854102 3.825466 0.063415 0.825996 -0.556383 0.064400
1341845857.413693 -0.108355 2.854102 3.825466 0.063415 0.825996 -0.556383 0.064400
1341845857.445790 -0.108355 2.854102 3.825466 0.063415 0.825996 -0.556383 0.064400
1341845857.477853 -0.129545 2.862425 3.819634 0.067583 0.826628 -0.553859 0.073206
1341845857.513902 -0.129545 2.862425 3.819634 0.067583 0.826628 -0.553859 0.073206
1341845857.545992 -0.129545 2.862425 3.819634 0.067583 0.826628 -0.553859 0.073206
1341845857.613882 -0.129545 2.862425 3.819634 0.067583 0.826628 -0.553859 0.073206
1341845857.646056 -0.145545 2.824621 3.923291 0.081429 0.830890 -0.545442 0.074049
1341845857.681834 -0.141857 2.907841 3.691243 0.059505 0.811279 -0.578922 0.055992
1341845857.713765 -0.141857 2.907841 3.691243 0.059505 0.811279 -0.578922 0.055992
1341845857.745825 -0.141857 2.907841 3.691243 0.059505 0.811279 -0.578922 0.055992
1341845857.781799 -0.141857 2.907841 3.691243 0.059505 0.811279 -0.578922 0.055992
1341845857.813817 -0.141857 2.907841 3.691243 0.059505 0.811279 -0.578922 0.055992
1341845857.846046 -0.141857 2.907841 3.691243 0.059505 0.811279 -0.578922 0.055992
1341845857.881939 -0.141857 2.907841 3.691243 0.059505 0.811279 -0.578922 0.055992
1341845857.913666 -0.141984 2.951744 3.603694 0.050424 0.805506 -0.588129 0.052166
1341845857.949845 -0.141984 2.951744 3.603694 0.050424 0.805506 -0.588129 0.052166
1341845857.982166 -0.141984 2.951744 3.603694 0.050424 0.805506 -0.588129 0.052166
1341845858.013803 -0.141984 2.951744 3.603694 0.050424 0.805506 -0.588129 0.052166
1341845858.050247 -0.073808 2.893690 3.754359 0.056795 0.823336 -0.562469 0.050199
1341845858.081715 -0.142370 2.865184 3.879477 0.055968 0.836232 -0.542045 0.061397
1341845858.113782 -0.142370 2.865184 3.879477 0.055968 0.836232 -0.542045 0.061397
1341845858.149725 -0.142370 2.865184 3.879477 0.055968 0.836232 -0.542045 0.061397
1341845858.181831 -0.142370 2.865184 3.879477 0.055968 0.836232 -0.542045 0.061397
1341845858.217730 -0.142370 2.865184 3.879477 0.055968 0.836232 -0.542045 0.061397
1341845858.281842 -0.142370 2.865184 3.879477 0.055968 0.836232 -0.542045 0.061397
1341845858.317768 -0.142370 2.865184 3.879477 0.055968 0.836232 -0.542045 0.061397
1341845858.349904 -0.142370 2.865184 3.879477 0.055968 0.836232 -0.542045 0.061397
1341845858.381855 0.059721 2.617754 4.444347 0.061016 0.886663 -0.457838 0.022134
1341845858.417827 0.004132 2.864815 3.847040 0.046636 0.834288 -0.548798 0.024683
1341845858.449872 -0.106724 2.858506 3.900457 0.042067 0.837328 -0.543312 0.043863
1341845858.485842 -0.152121 2.844382 3.931203 0.049239 0.840004 -0.537170 0.058454
1341845858.517682 -0.152121 2.844382 3.931203 0.049239 0.840004 -0.537170 0.058454
1341845858.549803 -0.075125 2.872371 3.871658 0.052515 0.834423 -0.546570 0.047340
1341845858.585823 -0.075125 2.872371 3.871658 0.052515 0.834423 -0.546570 0.047340
1341845858.618138 -0.220765 2.766993 4.206073 0.046784 0.862495 -0.498734 0.071959
1341845858.654134 -0.220765 2.766993 4.206073 0.046784 0.862495 -0.498734 0.071959
1341845858.685756 -0.219343 2.790062 4.105938 0.055330 0.854848 -0.509932 0.078379
1341845858.717690 -0.089691 2.821519 4.048556 0.046562 0.850225 -0.522049 0.049132
1341845858.753674 -0.121460 2.836955 4.062389 0.035218 0.853781 -0.517389 0.046114
1341845858.785618 -0.021900 2.850474 4.070452 0.053861 0.853444 -0.517124 0.036260
1341845858.817756 -0.231020 2.721053 4.262530 0.048808 0.870956 -0.483484 0.072779
1341845858.853864 -0.145949 2.686760 4.328277 0.054252 0.876914 -0.474206 0.056638
1341845858.885702 -0.145949 2.686760 4.328277 0.054252 0.876914 -0.474206 0.056638
1341845858.922000 -0.145949 2.686760 4.328277 0.054252 0.876914 -0.474206 0.056638
1341845858.954158 0.323862 1.229998 0.037540 0.170830 -0.072746 -0.045169 0.981573
1341845858.985944 0.095599 0.839727 -0.151617 0.100291 -0.035410 -0.047035 0.993215
1341845859.021830 0.070627 0.761254 -0.206110 0.086656 -0.024748 -0.087232 0.992103
1341845859.053720 0.161451 0.714125 -0.183629 0.079400 -0.039123 -0.089798 0.992019
1341845859.085862 0.110117 0.769270 -0.186983 0.084737 -0.029863 -0.080641 0.992686
1341845859.121873 0.185718 0.552110 -0.221386 0.050694 -0.044846 -0.071975 0.995107
1341845859.153800 0.187379 0.494470 -0.225062 0.042016 -0.044822 -0.071587 0.995541
1341845859.189853 0.070166 0.763947 -0.174671 0.081381 -0.021533 -0.074676 0.993648
1341845859.221654 0.192519 0.631486 -0.201355 0.059909 -0.043994 -0.062057 0.995301
1341845859.253689 0.119709 0.667817 -0.207713 0.066620 -0.031258 -0.057213 0.995646
1341845859.289745 0.143005 0.722940 -0.187439 0.075778 -0.028956 -0.082134 0.993314
1341845859.321911 0.181446 0.724828 -0.192714 0.070977 -0.038144 -0.056116 0.995168
1341845859.353758 0.166569 0.764089 -0.187381 0.078146 -0.032446 -0.059987 0.994606
1341845859.389950 0.434167 1.105246 -0.018996 0.139361 -0.075858 -0.041806 0.986446
1341845859.421715 0.307908 1.520507 0.153977 0.212159 -0.041881 -0.059289 0.974536
1341845859.457807 0.307908 1.520507 0.153977 0.212159 -0.041881 -0.059289 0.974536
1341845859.489859 0.351583 1.355357 0.058808 0.180434 -0.051334 -0.056260 0.980634
1341845859.521735 0.389108 1.362698 0.077266 0.184558 -0.050256 -0.060223 0.979687
1341845859.557712 0.389108 1.362698 0.077266 0.184558 -0.050256 -0.060223 0.979687
1341845859.589783 -0.008616 0.704443 -0.261517 0.074027 0.011232 -0.093914 0.992761
1341845859.625646 0.023771 1.082304 -0.098807 0.137012 0.020144 -0.104797 0.984804
1341845859.657759 0.006701 1.074284 -0.109089 0.136637 0.026941 -0.105098 0.984662
1341845859.689869 -0.107737 1.043533 -0.156625 0.128079 0.045689 -0.100480 0.985602
1341845859.725812 -0.107737 1.043533 -0.156625 0.128079 0.045689 -0.100480 0.985602
1341845859.757824 -0.107737 1.043533 -0.156625 0.128079 0.045689 -0.100480 0.985602
1341845859.789818 -0.107737 1.043533 -0.156625 0.128079 0.045689 -0.100480 0.985602
1341845859.825831 0.077737 1.105678 -0.097320 0.153403 0.020067 -0.099525 0.982934
1341845859.857647 0.077737 1.105678 -0.097320 0.153403 0.020067 -0.099525 0.982934
1341845859.893646 0.077737 1.105678 -0.097320 0.153403 0.020067 -0.099525 0.982934
1341845859.925740 0.077737 1.105678 -0.097320 0.153403 0.020067 -0.099525 0.982934
1341845859.957775 0.066579 1.126666 -0.087952 0.161865 0.021905 -0.097049 0.981785
1341845859.993847 0.066579 1.126666 -0.087952 0.161865 0.021905 -0.097049 0.981785
1341845860.025774 0.350310 1.635509 0.201447 0.251984 -0.030731 -0.051481 0.965872
1341845860.057745 0.350310 1.635509 0.201447 0.251984 -0.030731 -0.051481 0.965872
1341845860.093794 0.350310 1.635509 0.201447 0.251984 -0.030731 -0.051481 0.965872
1341845860.125763 0.350310 1.635509 0.201447 0.251984 -0.030731 -0.051481 0.965872
1341845860.161703 0.433379 1.614218 0.204447 0.254548 -0.053326 -0.063214 0.963517
1341845860.193724 0.419190 1.692121 0.257011 0.268618 -0.062317 -0.044341 0.960206
1341845860.225730 0.419190 1.692121 0.257011 0.268618 -0.062317 -0.044341 0.960206
1341845860.261716 0.419190 1.692121 0.257011 0.268618 -0.062317 -0.044341 0.960206
1341845860.294553 0.419190 1.692121 0.257011 0.268618 -0.062317 -0.044341 0.960206
1341845860.325872 0.392639 1.619335 0.186738 0.265039 -0.063422 -0.082255 0.958627
1341845860.361673 0.038684 1.114853 -0.129737 0.173544 -0.006197 -0.125797 0.976739
1341845860.393714 0.038684 1.114853 -0.129737 0.173544 -0.006197 -0.125797 0.976739
1341845860.429768 0.038684 1.114853 -0.129737 0.173544 -0.006197 -0.125797 0.976739
1341845860.461780 0.038684 1.114853 -0.129737 0.173544 -0.006197 -0.125797 0.976739
1341845860.493718 0.038684 1.114853 -0.129737 0.173544 -0.006197 -0.125797 0.976739
1341845860.529831 0.038684 1.114853 -0.129737 0.173544 -0.006197 -0.125797 0.976739
1341845860.567950 0.038684 1.114853 -0.129737 0.173544 -0.006197 -0.125797 0.976739
1341845860.604131 0.030648 0.649021 -0.278538 0.099990 -0.041176 -0.088548 0.990185
1341845860.638227 -0.014734 0.688082 -0.270575 0.106461 -0.035300 -0.093927 0.989241
1341845860.668441 0.052934 0.695549 -0.261339 0.102762 -0.045223 -0.095990 0.989030
1341845860.706028 0.080324 0.690109 -0.251645 0.107492 -0.050660 -0.097835 0.988083
1341845860.736338 -0.125607 1.149848 -0.103071 0.167896 0.003109 -0.141334 0.975616
1341845860.772400 0.053298 0.758935 -0.230820 0.115084 -0.050142 -0.095313 0.987500
1341845860.803824 0.005679 0.767599 -0.248600 0.115818 -0.044356 -0.091665 0.988037
