# timestamp tx ty tz qx qy qz qw
1341846313.654000 0.000000 0.000000 0.000000 0.000000 0.000000 0.000000 1.000000
1341846313.686000 0.002954 0.002493 -0.004603 0.001516 -0.001534 -0.000258 0.999998
1341846313.722000 0.006080 0.003425 -0.008661 0.001333 -0.002141 0.000425 0.999997
1341846313.754000 0.015088 0.001088 -0.012378 0.000535 -0.002987 0.002201 0.999993
1341846313.790000 0.021613 0.002166 -0.009202 0.001852 -0.003772 0.000920 0.999991
1341846313.822000 0.018997 0.004141 -0.012248 0.002052 -0.001308 0.000163 0.999997
1341846313.854000 0.009152 0.004593 -0.014898 0.001542 0.003715 -0.000585 0.999992
1341846313.890000 0.005140 0.005327 -0.009488 0.001422 0.006859 -0.000812 0.999975
1341846313.922000 -0.006639 0.006716 -0.016004 -0.000571 0.009552 0.000028 0.999954
1341846313.958000 -0.017453 0.007344 -0.013623 -0.002133 0.016066 0.001452 0.999868
1341846313.990000 -0.044166 0.009069 -0.019611 -0.002772 0.027635 0.001826 0.999613
1341846314.022000 -0.059774 0.010019 -0.025671 -0.004797 0.031691 0.002477 0.999483
1341846314.058000 -0.067838 0.009624 -0.024817 -0.007777 0.035141 0.004638 0.999341
1341846314.090000 -0.100547 0.006016 -0.017606 -0.007461 0.048018 0.005578 0.998803
1341846314.122000 -0.108249 -0.012664 -0.024376 -0.012699 0.052964 0.008949 0.998476
1341846314.158000 -0.116180 -0.015360 -0.021595 -0.015125 0.057553 0.010523 0.998172
1341846314.190000 -0.128752 -0.016321 -0.021530 -0.014981 0.064218 0.011354 0.997759
1341846314.226000 -0.130431 -0.016965 -0.029171 -0.017474 0.066085 0.012902 0.997578
1341846314.258000 -0.137233 -0.017197 -0.026561 -0.018850 0.069661 0.013195 0.997305
1341846314.290000 -0.147588 -0.010491 -0.029241 -0.016102 0.073028 0.010834 0.997141
1341846314.326000 -0.165928 -0.030062 -0.037520 -0.020911 0.074643 0.010277 0.996938
1341846314.358000 -0.178105 -0.029391 -0.026333 -0.021521 0.079744 0.010433 0.996528
1341846314.390000 -0.181914 -0.021899 -0.016176 -0.018556 0.084885 0.008680 0.996180
1341846314.428000 -0.201056 -0.039115 -0.035820 -0.021807 0.085091 0.007540 0.996106
1341846314.494000 -0.210468 -0.036962 -0.029072 -0.019714 0.098512 -0.001444 0.994940
1341846314.526000 -0.211859 -0.039767 -0.045719 -0.020320 0.098333 -0.002233 0.994944
1341846314.558000 -0.215767 -0.033690 -0.039824 -0.020222 0.102448 -0.002128 0.994531
1341846314.594000 -0.244275 -0.033752 -0.037726 -0.018722 0.112068 -0.002897 0.993520
1341846314.626000 -0.246950 -0.030813 -0.053846 -0.017849 0.115338 -0.002761 0.993162
1341846314.658000 -0.230029 -0.029745 -0.054855 -0.019697 0.115004 -0.003237 0.993164
1341846314.694000 -0.214698 -0.038167 -0.044590 -0.020685 0.118235 -0.004618 0.992759
1341846314.726000 -0.269786 -0.028367 -0.031592 -0.017423 0.130700 -0.010135 0.991217
1341846314.762000 -0.213649 -0.052300 -0.042828 -0.014718 0.122473 0.003940 0.992355
1341846314.794000 -0.232228 -0.051390 -0.040859 -0.011810 0.126328 0.005827 0.991901
1341846314.826000 -0.251814 -0.037339 -0.042117 -0.007073 0.134149 0.004117 0.990927
1341846314.862000 -0.340379 -0.049083 -0.050299 -0.008796 0.155657 0.007430 0.987744
1341846314.894000 -0.194927 -0.050438 -0.078131 -0.009114 0.129755 0.007641 0.991475
1341846314.926000 -0.231270 -0.046372 -0.056489 -0.008288 0.140822 0.008331 0.989965
1341846314.962000 -0.155114 -0.042401 -0.059926 -0.011199 0.131558 0.014700 0.991136
1341846314.995000 -0.152509 -0.047080 -0.066253 -0.015243 0.132155 0.015734 0.990987
1341846315.030000 -0.158016 -0.053276 -0.071678 -0.016384 0.137390 0.014511 0.990275
1341846315.062000 -0.144827 -0.043433 -0.054813 -0.014784 0.139112 0.014917 0.990054
1341846315.094000 -0.146195 -0.050259 -0.058019 -0.015960 0.138867 0.016433 0.990046
1341846315.130000 -0.149412 -0.041813 -0.058762 -0.012723 0.140369 0.013449 0.989926
1341846315.162000 -0.169928 -0.036666 -0.080730 -0.015607 0.143049 0.014726 0.989483
1341846315.198000 -0.172234 -0.027439 -0.085288 -0.018332 0.141497 0.015931 0.989641
1341846315.230000 -0.161147 -0.027142 -0.081095 -0.023429 0.139636 0.008349 0.989890
1341846315.262000 -0.176274 -0.020060 -0.087686 -0.024591 0.139832 0.009168 0.989827
1341846315.298000 -0.165849 -0.041747 -0.089474 -0.030493 0.135118 0.013741 0.990265
1341846315.330000 -0.168528 -0.062788 -0.087122 -0.032333 0.135288 0.014056 0.990179
1341846315.362000 -0.186483 -0.043121 -0.088875 -0.024007 0.138411 0.012795 0.990001
1341846315.398000 -0.176526 -0.028401 -0.083162 -0.019840 0.137650 0.013320 0.990193
1341846315.430000 -0.185663 -0.036535 -0.071508 -0.020381 0.142602 0.013801 0.989474
1341846315.466000 -0.183257 -0.025123 -0.067257 -0.017478 0.145959 0.011466 0.989070
1341846315.498000 -0.166037 -0.011525 -0.076453 -0.015570 0.147158 0.016584 0.988851
1341846315.530000 -0.164896 -0.012067 -0.073161 -0.015607 0.148720 0.017369 0.988604
1341846315.566000 -0.164298 -0.009473 -0.069710 -0.016065 0.150660 0.017864 0.988294
1341846315.598000 -0.163768 -0.008566 -0.066686 -0.016046 0.152156 0.017106 0.988078
1341846315.630000 -0.161820 -0.004460 -0.065055 -0.015390 0.153001 0.015117 0.987991
1341846315.666000 -0.160237 0.005779 -0.073952 -0.015004 0.153786 0.012882 0.987906
1341846315.698000 -0.194121 0.026274 -0.061755 -0.016246 0.163084 0.008030 0.986446
1341846315.734000 -0.221221 -0.022827 -0.041057 -0.025892 0.171488 0.015903 0.984718
1341846315.766000 -0.262342 -0.019454 -0.033824 -0.026442 0.175747 0.011975 0.984007
1341846315.798000 -0.276522 -0.012125 -0.037084 -0.025454 0.178100 0.014578 0.983575
1341846315.834000 -0.269699 0.004213 -0.053509 -0.020089 0.173966 0.011281 0.984482
1341846315.867000 -0.282540 0.012571 -0.048742 -0.016544 0.177198 0.008734 0.983997
1341846315.898000 -0.328652 0.018926 -0.051043 -0.014304 0.185444 0.007462 0.982522
1341846315.937000 -0.331561 0.025858 -0.062997 -0.010921 0.186228 0.004595 0.982435
1341846315.967000 -0.319650 0.014922 -0.034285 -0.010035 0.185842 0.002753 0.982524
1341846316.034000 -0.312354 0.040853 -0.035144 -0.003793 0.182813 -0.003074 0.983135
1341846316.066000 -0.321292 0.040611 -0.032352 -0.001409 0.183192 -0.002947 0.983072
1341846316.102000 -0.330095 0.040157 -0.034581 -0.000086 0.182255 -0.001814 0.983250
1341846316.134000 -0.345878 0.044918 -0.029828 -0.000415 0.180941 -0.003291 0.983488
1341846316.202000 -0.367680 0.038259 -0.011542 -0.001340 0.178874 -0.007261 0.983844
1341846316.234000 -0.375842 0.039645 -0.012793 -0.001022 0.178546 -0.008687 0.983893
1341846316.270000 -0.388765 0.034404 -0.008729 -0.003683 0.180370 -0.012182 0.983517
1341846316.302000 -0.404966 0.026891 0.004843 -0.004374 0.182773 -0.014530 0.983038
1341846316.334000 -0.405088 0.028638 0.008017 -0.002329 0.180808 -0.013047 0.983429
1341846316.370000 -0.420996 0.028308 0.017287 -0.000576 0.181820 -0.013300 0.983242
1341846316.402000 -0.432330 0.029535 0.019419 0.001222 0.181532 -0.012139 0.983309
1341846316.438000 -0.424772 0.031275 0.025980 0.003160 0.180002 -0.009631 0.983614
1341846316.470000 -0.446115 0.024160 0.038317 0.005102 0.181747 -0.007925 0.983300
1341846316.502000 -0.449190 0.035553 0.042677 0.008546 0.179308 -0.003665 0.983749
1341846316.538000 -0.443158 0.032249 0.027117 0.005796 0.174536 -0.003322 0.984628
1341846316.570000 -0.440256 0.030447 0.043579 0.005453 0.174203 -0.004309 0.984685
1341846316.602000 -0.454252 0.031095 0.047812 0.007579 0.174974 -0.005573 0.984528
1341846316.638000 -0.463789 0.027259 0.051748 0.009499 0.174206 -0.004407 0.984653
1341846316.670000 -0.452404 0.023454 0.056885 0.010800 0.171627 -0.004900 0.985091
1341846316.706000 -0.428281 0.048383 0.061022 0.020037 0.167486 -0.005293 0.985657
1341846316.738000 -0.436346 0.046530 0.056517 0.021710 0.166593 -0.001906 0.985785
1341846316.770000 -0.464218 0.032352 0.066344 0.017833 0.170337 -0.000227 0.985225
1341846316.806000 -0.471835 0.028919 0.078049 0.018318 0.170848 -0.001822 0.985126
1341846316.838000 -0.420110 0.051028 0.071007 0.023275 0.160825 -0.002422 0.986706
1341846316.870000 -0.419827 0.048786 0.071678 0.023614 0.156563 -0.000856 0.987385
1341846316.906000 -0.417701 0.051459 0.076438 0.024879 0.152906 -0.000996 0.987927
1341846316.938000 -0.396541 0.059514 0.050034 0.026108 0.147407 -0.001427 0.988730
1341846316.974000 -0.425421 0.056538 0.059510 0.024614 0.149658 -0.002040 0.988429
1341846317.006000 -0.403858 0.073445 0.060166 0.026799 0.141654 -0.001300 0.989553
1341846317.038000 -0.409127 0.067440 0.061192 0.026073 0.139473 -0.001918 0.989881
1341846317.074000 -0.419669 0.064644 0.071059 0.026850 0.138699 -0.001830 0.989969
1341846317.106000 -0.411129 0.063712 0.074920 0.029401 0.134261 0.000886 0.990509
1341846317.138000 -0.399400 0.059822 0.069409 0.031337 0.125851 0.003419 0.991548
1341846317.174000 -0.440396 0.061503 0.073617 0.032758 0.125374 0.007618 0.991539
1341846317.206000 -0.409262 0.065296 0.068387 0.033121 0.114879 0.007068 0.992802
1341846317.248000 -0.456843 0.051998 0.074405 0.032008 0.121248 0.008359 0.992071
1341846317.306000 -0.458012 0.058666 0.073716 0.034194 0.110791 0.011026 0.993194
1341846317.348000 -0.481413 0.052607 0.083676 0.034403 0.115305 0.010723 0.992676
1341846317.410000 -0.496968 0.054971 0.078561 0.036343 0.114354 0.015850 0.992649
1341846317.443000 -0.508669 0.044636 0.085334 0.037027 0.115560 0.016221 0.992478
1341846317.474000 -0.499328 0.060256 0.082835 0.046486 0.112516 0.021423 0.992331
1341846317.510000 -0.506765 0.064488 0.081203 0.049243 0.109550 0.024415 0.992461
1341846317.542000 -0.508097 0.065217 0.075244 0.048313 0.106088 0.025649 0.992851
1341846317.574000 -0.489833 0.064583 0.086845 0.048562 0.104034 0.026173 0.993043
1341846317.610000 -0.507488 0.057020 0.088846 0.049902 0.106806 0.024229 0.992731
1341846317.644000 -0.522400 0.066109 0.086133 0.053722 0.107074 0.027468 0.992419
1341846317.678000 -0.527209 0.060066 0.083880 0.053694 0.102657 0.029427 0.992831
1341846317.710000 -0.526004 0.059251 0.080872 0.055987 0.099251 0.028933 0.993065
1341846317.742000 -0.528060 0.065990 0.068871 0.056515 0.097393 0.029657 0.993197
1341846317.778000 -0.529328 0.065182 0.069618 0.054504 0.095841 0.028756 0.993487
1341846317.810000 -0.516989 0.063241 0.071034 0.053780 0.090386 0.027152 0.994083
1341846317.842000 -0.505926 0.073915 0.062713 0.054486 0.085372 0.026070 0.994517
1341846317.878000 -0.492914 0.075301 0.060340 0.052241 0.082225 0.023300 0.994971
1341846317.910000 -0.476399 0.072834 0.059348 0.051239 0.079979 0.020410 0.995269
1341846317.946000 -0.482695 0.080004 0.087808 0.053965 0.081516 0.021593 0.994976
1341846317.978000 -0.482714 0.077592 0.096250 0.055516 0.078817 0.021865 0.995102
1341846318.010000 -0.451114 0.063727 0.059691 0.055233 0.072871 0.020651 0.995597
1341846318.046000 -0.448549 0.067093 0.043145 0.055762 0.072396 0.020840 0.995598
1341846318.078000 -0.421805 0.069114 0.035807 0.055273 0.066717 0.019722 0.996045
1341846318.110000 -0.440817 0.066689 0.049721 0.054433 0.068214 0.017958 0.996023
1341846318.146000 -0.452186 0.068577 0.058870 0.053760 0.064422 0.015632 0.996351
1341846318.178000 -0.449579 0.069642 0.059891 0.053352 0.063931 0.013116 0.996441
1341846318.214000 -0.444178 0.073393 0.058365 0.055248 0.060019 0.012988 0.996583
1341846318.246000 -0.446950 0.084417 0.066746 0.060204 0.054705 0.015053 0.996572
1341846318.278000 -0.470491 0.076462 0.073927 0.062162 0.053777 0.014678 0.996508
1341846318.314000 -0.480963 0.075373 0.084422 0.064054 0.048195 0.013753 0.996687
1341846318.346000 -0.451171 0.075037 0.041318 0.064419 0.032464 0.011579 0.997328
1341846318.382000 -0.457821 0.084315 0.055349 0.067604 0.025348 0.010620 0.997334
1341846318.414000 -0.456914 0.100907 0.047138 0.072335 0.016418 0.014183 0.997144
1341846318.446000 -0.461339 0.098401 0.057313 0.073995 0.010338 0.014431 0.997101
1341846318.482000 -0.463918 0.100780 0.059191 0.075452 0.007787 0.014562 0.997013
1341846318.514000 -0.476860 0.097287 0.062301 0.075091 0.007050 0.015095 0.997037
1341846318.546000 -0.490121 0.095130 0.067688 0.076208 0.006623 0.013855 0.996974
1341846318.582000 -0.498236 0.100784 0.067624 0.078042 0.006914 0.014066 0.996827
1341846318.614000 -0.510991 0.099064 0.062073 0.077138 0.006832 0.013164 0.996910
1341846318.650000 -0.523523 0.099011 0.073314 0.076609 0.006712 0.009855 0.996990
1341846318.682000 -0.520028 0.099995 0.059673 0.076264 0.004165 0.008350 0.997044
1341846318.714000 -0.535622 0.099801 0.068487 0.075888 0.003832 0.007812 0.997078
1341846318.750000 -0.560701 0.096117 0.079132 0.076329 0.004837 0.008169 0.997037
1341846318.782000 -0.580545 0.100103 0.083448 0.078480 0.005136 0.009744 0.996855
1341846318.814000 -0.610863 0.097260 0.091109 0.077651 0.002229 0.007437 0.996950
1341846318.850000 -0.640690 0.098598 0.099994 0.078806 -0.000183 0.005582 0.996874
1341846318.884000 -0.643151 0.093813 0.106897 0.080814 -0.010086 0.001733 0.996677
1341846318.918000 -0.670540 0.095207 0.103528 0.082907 -0.018118 0.001299 0.996392
1341846318.950000 -0.719127 0.093006 0.111462 0.084688 -0.023377 -0.002701 0.996130
1341846318.982000 -0.727862 0.093713 0.102818 0.085776 -0.027074 -0.005283 0.995932
1341846319.018000 -0.747378 0.090095 0.079358 0.084604 -0.032346 -0.005205 0.995876
1341846319.051000 -0.772405 0.083167 0.106417 0.086086 -0.036933 -0.007453 0.995575
1341846319.082000 -0.791808 0.084175 0.108341 0.091429 -0.035625 -0.010951 0.995114
1341846319.118000 -0.828388 0.094289 0.097968 0.094699 -0.033317 -0.005749 0.994932
1341846319.150000 -0.854620 0.092573 0.103892 0.096792 -0.036263 0.000293 0.994644
1341846319.186000 -0.885313 0.095489 0.099023 0.098388 -0.037094 0.003831 0.994449
1341846319.218000 -0.917367 0.098510 0.098022 0.095031 -0.029999 0.003769 0.995015
1341846319.250000 -0.950007 0.093379 0.106719 0.088708 -0.021537 0.003201 0.995820
1341846319.287000 -0.986006 0.089603 0.109488 0.087205 -0.015822 0.005832 0.996048
1341846319.318000 -1.027410 0.085963 0.116736 0.087663 -0.014177 0.011059 0.995988
1341846319.350000 -1.040793 0.085914 0.118461 0.088960 -0.013212 0.016576 0.995810
1341846319.386000 -1.084391 0.084456 0.124598 0.091132 -0.012151 0.021940 0.995523
1341846319.418000 -1.072542 0.083647 0.119804 0.091624 -0.020412 0.025353 0.995262
1341846319.454000 -1.129184 0.085180 0.129740 0.092213 -0.013524 0.019803 0.995450
1341846319.486000 -1.142639 0.086261 0.128792 0.091151 -0.013242 0.018748 0.995573
1341846319.554000 -1.092485 0.101500 0.141600 0.088396 -0.029115 0.015747 0.995535
1341846319.586000 -1.109001 0.099309 0.142024 0.088230 -0.028755 0.011257 0.995621
1341846319.622000 -1.151262 0.101507 0.142576 0.086404 -0.028476 0.008497 0.995817
1341846319.654000 -1.153423 0.094176 0.168364 0.085240 -0.034099 0.008060 0.995744
1341846319.686000 -1.172956 0.104821 0.186062 0.088592 -0.037502 0.008344 0.995327
1341846319.722000 -1.179262 0.109187 0.171605 0.089221 -0.041593 0.009606 0.995097
1341846319.754000 -1.179780 0.116011 0.170105 0.086157 -0.044394 0.010392 0.995238
1341846319.786000 -1.183190 0.121151 0.182642 0.083003 -0.044332 0.013971 0.995465
1341846319.822000 -1.191692 0.125854 0.181880 0.080524 -0.044779 0.017935 0.995585
1341846319.854000 -1.195333 0.125588 0.186555 0.075697 -0.045648 0.022339 0.995835
1341846319.890000 -1.202875 0.110996 0.190033 0.071563 -0.045970 0.027083 0.996008
1341846319.922000 -1.212597 0.108921 0.182960 0.071214 -0.049743 0.027133 0.995850
1341846319.954000 -1.217784 0.110994 0.221584 0.072340 -0.054451 0.023727 0.995610
1341846319.990000 -1.228989 0.114426 0.230359 0.075037 -0.056603 0.016319 0.995439
1341846320.028000 -1.241021 0.109851 0.239942 0.076147 -0.059503 0.014682 0.995211
1341846320.090000 -1.230346 0.118145 0.229016 0.081805 -0.067216 0.016774 0.994238
1341846320.122000 -1.235981 0.116444 0.233611 0.082280 -0.063584 0.018896 0.994399
1341846320.158000 -1.220417 0.114002 0.249168 0.082394 -0.061777 0.019427 0.994494
1341846320.190000 -1.192392 0.099320 0.263132 0.083565 -0.060870 0.019328 0.994454
1341846320.222000 -1.196567 0.100556 0.249699 0.087974 -0.056179 0.018673 0.994362
1341846320.258000 -1.199799 0.083175 0.232659 0.089978 -0.053806 0.021186 0.994264
1341846320.290000 -1.190654 0.083400 0.213846 0.096945 -0.054909 0.018076 0.993610
1341846320.322000 -1.166272 0.105985 0.252760 0.107682 -0.058249 0.017048 0.992331
1341846320.358000 -1.147560 0.090424 0.200586 0.110306 -0.058566 0.017289 0.992020
1341846320.390000 -1.130682 0.087699 0.203738 0.111833 -0.053787 0.018131 0.992105
1341846320.427000 -1.109675 0.084535 0.171348 0.114098 -0.047280 0.013802 0.992248
1341846320.458000 -1.108433 0.084278 0.173947 0.115200 -0.039566 0.011471 0.992488
1341846320.490000 -1.099323 0.081970 0.187087 0.119404 -0.032840 0.009668 0.992255
1341846320.526000 -1.073088 0.082052 0.169758 0.122474 -0.027049 0.008583 0.992066
1341846320.558000 -1.047531 0.083839 0.157450 0.123507 -0.024780 0.005305 0.992020
1341846320.594000 -1.042321 0.081623 0.174247 0.125094 -0.018473 0.000281 0.991973
1341846320.632000 -1.031971 0.083752 0.164412 0.127688 -0.011240 -0.000635 0.991750
1341846320.665000 -1.016275 0.085227 0.153589 0.127803 -0.007751 -0.001961 0.991767
1341846320.700000 -0.970143 0.085698 0.148803 0.128411 -0.008881 -0.004274 0.991672
1341846320.732000 -0.938443 0.083210 0.145825 0.129835 -0.006299 -0.003678 0.991509
1341846320.764000 -0.925002 0.098500 0.097326 0.127807 -0.005434 -0.001986 0.991782
1341846320.800000 -0.887114 0.087219 0.123248 0.121068 -0.008506 -0.006770 0.992585
1341846320.832000 -0.835757 0.073285 0.140287 0.121408 -0.002934 -0.008509 0.992562
1341846320.864000 -0.798140 0.092564 0.065329 0.120985 0.002208 -0.005707 0.992636
1341846320.900000 -0.767366 0.081542 0.087708 0.114770 -0.004713 -0.001433 0.993380
1341846320.932000 -0.734131 0.070176 0.096868 0.115089 -0.005695 -0.002032 0.993337
1341846320.968000 -0.749429 0.077388 0.054335 0.113613 0.008788 -0.000639 0.993486
1341846321.000000 -0.719434 0.077167 0.084796 0.108446 0.006852 -0.000868 0.994078
1341846321.032000 -0.683007 0.076308 0.053891 0.105663 0.006720 -0.004709 0.994368
1341846321.068000 -0.666765 0.077100 0.047121 0.105581 0.009992 -0.006221 0.994341
1341846321.100000 -0.641490 0.075824 0.037517 0.102977 0.010019 -0.004842 0.994621
1341846321.132000 -0.615880 0.067070 0.031844 0.102685 0.010469 -0.004201 0.994650
1341846321.168000 -0.589827 0.073414 0.026864 0.105967 0.013361 -0.003300 0.994274
1341846321.200000 -0.570204 0.078681 0.029263 0.106838 0.014745 -0.002737 0.994163
1341846321.232000 -0.552706 0.081769 0.024914 0.107222 0.014871 -0.004799 0.994112
1341846321.268000 -0.526883 0.085896 0.014231 0.107901 0.015499 -0.008180 0.994007
1341846321.300000 -0.515160 0.082529 0.014831 0.106263 0.020219 -0.013828 0.994036
1341846321.332000 -0.492361 0.078475 0.010147 0.105869 0.022197 -0.016949 0.993988
1341846321.368000 -0.452668 0.078653 0.004317 0.108044 0.021469 -0.019467 0.993724
1341846321.400000 -0.426278 0.081435 -0.001383 0.110043 0.024605 -0.019658 0.993428
1341846321.436000 -0.394867 0.088232 0.003449 0.113073 0.025848 -0.018366 0.993081
1341846321.468000 -0.386527 0.090420 0.004452 0.115251 0.028489 -0.017844 0.992767
1341846321.500000 -0.383045 0.087349 -0.006648 0.115999 0.032645 -0.017890 0.992552
1341846321.536000 -0.404878 0.088555 -0.017379 0.114853 0.044632 -0.019582 0.992186
1341846321.569000 -0.411954 0.080174 -0.016547 0.109224 0.053732 -0.021404 0.992333
1341846321.604000 -0.336686 0.099173 -0.032253 0.110119 0.045630 -0.019752 0.992674
1341846321.637000 -0.294645 0.101587 -0.052347 0.107517 0.046812 -0.019523 0.992909
1341846321.668000 -0.305639 0.097719 -0.048257 0.102426 0.057928 -0.016861 0.992909
1341846321.704000 -0.280614 0.110537 -0.038880 0.101916 0.055401 -0.007005 0.993224
1341846321.737000 -0.230588 0.112706 -0.042127 0.101753 0.044016 -0.001357 0.993834
1341846321.772000 -0.306412 0.108777 -0.048606 0.097138 0.059356 -0.000279 0.993499
1341846321.804000 -0.255138 0.121229 -0.048946 0.095091 0.055392 0.009011 0.993885
1341846321.836000 -0.246458 0.154084 -0.049023 0.097634 0.055884 0.012030 0.993579
1341846321.872000 -0.229512 0.148072 -0.094193 0.094546 0.055041 0.023156 0.993728
1341846321.904000 -0.220971 0.132850 -0.104369 0.086742 0.055876 0.022208 0.994415
1341846321.940000 -0.229841 0.121317 -0.089582 0.080855 0.060700 0.017215 0.994727
1341846322.004000 -0.224018 0.085799 -0.114977 0.069894 0.057388 0.018545 0.995730
1341846322.066000 -0.173647 0.104465 -0.119308 0.068885 0.056775 0.016287 0.995875
1341846322.108000 -0.176679 0.089392 -0.118192 0.066139 0.058776 0.015079 0.995964
1341846322.166000 -0.198494 0.071273 -0.090191 0.069448 0.061558 0.013597 0.995592
1341846322.203000 -0.190758 0.067403 -0.096626 0.070758 0.058330 0.013616 0.995693
1341846322.234000 -0.188262 0.061098 -0.111740 0.069298 0.056498 0.012077 0.995922
1341846322.266000 -0.186437 0.050427 -0.106836 0.066619 0.053443 0.012796 0.996264
1341846322.302000 -0.178931 0.038956 -0.099436 0.065019 0.051312 0.013941 0.996466
1341846322.334000 -0.192592 0.026436 -0.109436 0.064310 0.050419 0.013452 0.996565
1341846322.370000 -0.173671 0.019405 -0.097107 0.065951 0.043509 0.010512 0.996818
1341846322.402000 -0.148202 0.019615 -0.099455 0.069119 0.043080 0.007074 0.996653
1341846322.434000 -0.172347 0.025889 -0.068586 0.076440 0.046988 0.000340 0.995966
1341846322.470000 -0.176997 -0.008432 -0.064751 0.082374 0.042998 0.005183 0.995660
1341846322.502000 -0.161347 -0.029971 -0.085328 0.086735 0.038804 0.007027 0.995451
1341846322.534000 -0.157179 -0.045857 -0.083903 0.095077 0.038490 0.007622 0.994696
1341846322.570000 -0.156729 -0.046405 -0.071254 0.105547 0.038022 0.010420 0.993633
1341846322.602000 -0.171411 -0.053885 -0.077114 0.111342 0.036297 0.013112 0.993033
1341846322.638000 -0.150845 -0.073008 -0.085115 0.115638 0.031772 0.012134 0.992709
1341846322.670000 -0.140085 -0.087089 -0.092547 0.118341 0.034449 0.012079 0.992302
1341846322.702000 -0.142739 -0.092215 -0.099714 0.122391 0.035766 0.015565 0.991715
1341846322.738000 -0.137007 -0.083237 -0.097103 0.125317 0.032208 0.016491 0.991457
1341846322.770000 -0.141502 -0.104084 -0.080633 0.125033 0.034502 0.014824 0.991442
1341846322.806000 -0.154084 -0.112424 -0.071784 0.128721 0.035186 0.015795 0.990931
1341846322.838000 -0.165526 -0.113543 -0.074866 0.131360 0.031967 0.016632 0.990680
1341846322.870000 -0.149935 -0.132441 -0.077362 0.133089 0.025291 0.017646 0.990624
1341846322.906000 -0.142583 -0.136091 -0.072082 0.137878 0.023933 0.017477 0.990006
1341846322.938000 -0.144664 -0.104352 -0.060597 0.141699 0.024973 0.019134 0.989410
1341846322.970000 -0.142007 -0.115510 -0.059220 0.136630 0.024415 0.020870 0.990101
1341846323.012000 -0.137657 -0.149814 -0.066467 0.130991 0.024687 0.021653 0.990840
1341846323.074000 -0.139454 -0.134997 -0.054789 0.130495 0.024325 0.025811 0.990814
1341846323.106000 -0.136057 -0.147724 -0.050908 0.127689 0.024071 0.025333 0.991198
1341846323.138000 -0.137162 -0.149438 -0.051253 0.128275 0.024331 0.021786 0.991201
1341846323.174000 -0.139087 -0.145345 -0.050391 0.127033 0.023871 0.020456 0.991400
1341846323.206000 -0.130105 -0.151920 -0.052037 0.124002 0.022816 0.018905 0.991839
1341846323.238000 -0.124908 -0.154649 -0.067683 0.121093 0.025697 0.017963 0.992146
1341846323.274000 -0.147908 -0.149396 -0.046250 0.118660 0.027722 0.016507 0.992411
1341846323.306000 -0.137172 -0.152190 -0.042791 0.114082 0.022526 0.019387 0.993027
1341846323.342000 -0.118943 -0.197092 -0.079688 0.107192 0.023884 0.017730 0.993793
1341846323.374000 -0.144114 -0.205988 -0.082604 0.107487 0.028840 0.018337 0.993619
1341846323.406000 -0.152530 -0.212332 -0.080067 0.108088 0.024585 0.022501 0.993583
1341846323.442000 -0.145135 -0.230186 -0.079916 0.108295 0.020338 0.025179 0.993592
1341846323.474000 -0.140983 -0.237892 -0.082826 0.112691 0.021773 0.022863 0.993128
1341846323.506000 -0.146758 -0.223236 -0.078117 0.116354 0.021847 0.019961 0.992767
1341846323.542000 -0.139880 -0.223347 -0.072174 0.115266 0.021608 0.018280 0.992931
1341846323.574000 -0.101811 -0.248725 -0.096916 0.112572 0.023676 0.013356 0.993272
1341846323.610000 -0.132911 -0.238248 -0.074097 0.115064 0.031879 0.009305 0.992803
1341846323.642000 -0.140094 -0.261266 -0.091116 0.111583 0.033477 0.010660 0.993134
1341846323.674000 -0.146211 -0.259032 -0.067305 0.113610 0.032150 0.012345 0.992928
1341846323.710000 -0.144411 -0.277523 -0.067724 0.114706 0.030552 0.016775 0.992788
1341846323.742000 -0.146745 -0.287633 -0.074174 0.119254 0.028946 0.015498 0.992321
1341846323.775000 -0.145772 -0.286620 -0.075549 0.122453 0.026726 0.012859 0.992031
1341846323.810000 -0.145143 -0.295362 -0.079632 0.123452 0.025649 0.008489 0.991983
1341846323.842000 -0.144662 -0.299025 -0.081455 0.124661 0.026018 0.003525 0.991852
1341846323.878000 -0.152333 -0.310140 -0.081779 0.125212 0.025719 -0.000875 0.991796
1341846323.910000 -0.146323 -0.333706 -0.084813 0.126518 0.023672 -0.004302 0.991673
1341846323.942000 -0.153500 -0.318858 -0.086609 0.132238 0.024255 -0.005044 0.990908
1341846323.978000 -0.165608 -0.327406 -0.085977 0.134109 0.022284 -0.004824 0.990704
1341846324.016000 -0.152022 -0.337904 -0.090059 0.136737 0.019174 -0.004708 0.990411
1341846324.048000 -0.150161 -0.330130 -0.091332 0.140152 0.020883 -0.005391 0.989895
1341846324.084000 -0.149844 -0.317062 -0.096646 0.141125 0.022237 -0.006317 0.989722
1341846324.116000 -0.143661 -0.317547 -0.096849 0.138225 0.023451 -0.007384 0.990096
1341846324.152000 -0.137083 -0.310453 -0.097075 0.138035 0.026066 -0.011861 0.990013
1341846324.184000 -0.140262 -0.292600 -0.092881 0.135804 0.030265 -0.014887 0.990161
1341846324.220000 -0.142272 -0.298343 -0.101604 0.130560 0.031981 -0.014418 0.990820
1341846324.252000 -0.147327 -0.291803 -0.087488 0.130887 0.032274 -0.015369 0.990753
1341846324.284000 -0.145378 -0.286121 -0.103672 0.130641 0.031275 -0.016277 0.990803
1341846324.320000 -0.150096 -0.271588 -0.103257 0.129607 0.027992 -0.017333 0.991019
1341846324.352000 -0.143824 -0.253720 -0.100015 0.126366 0.024267 -0.018411 0.991516
1341846324.388000 -0.133951 -0.244145 -0.101448 0.122195 0.024001 -0.021478 0.991983
1341846324.420000 -0.139761 -0.230711 -0.095773 0.117658 0.026619 -0.023818 0.992412
1341846324.452000 -0.143652 -0.226692 -0.093163 0.112992 0.027028 -0.024173 0.992934
1341846324.488000 -0.143747 -0.226432 -0.097072 0.111438 0.026633 -0.021377 0.993184
1341846324.520000 -0.148820 -0.214205 -0.110754 0.110192 0.024388 -0.016782 0.993469
1341846324.556000 -0.148831 -0.192949 -0.115466 0.108983 0.019019 -0.013161 0.993774
1341846324.588000 -0.146901 -0.180930 -0.112863 0.105798 0.016117 -0.011326 0.994193
1341846324.620000 -0.142022 -0.176149 -0.106789 0.103100 0.012997 -0.012241 0.994511
1341846324.656000 -0.141489 -0.165707 -0.108233 0.101760 0.012305 -0.013862 0.994636
1341846324.688000 -0.141029 -0.171860 -0.115801 0.100018 0.012280 -0.012318 0.994834
1341846324.756000 -0.146089 -0.135322 -0.127921 0.102004 0.008654 -0.009537 0.994701
1341846324.814000 -0.145505 -0.113948 -0.099339 0.094672 0.003845 -0.013577 0.995409
1341846324.850000 -0.148553 -0.113225 -0.118027 0.088315 0.006848 -0.014492 0.995964
1341846324.882000 -0.160185 -0.098460 -0.095239 0.086123 0.006438 -0.015368 0.996145
1341846324.914000 -0.155831 -0.085397 -0.093890 0.085596 0.004817 -0.012430 0.996241
1341846324.950000 -0.158089 -0.090754 -0.094835 0.086020 0.004727 -0.009581 0.996236
1341846324.982000 -0.195651 -0.052482 -0.027464 0.094977 0.005219 -0.010688 0.995408
1341846325.018000 -0.199620 -0.041239 -0.031538 0.099002 0.000363 -0.009234 0.995044
1341846325.050000 -0.194207 -0.029357 -0.046380 0.100504 -0.005830 -0.010571 0.994863
1341846325.082000 -0.186105 -0.021841 -0.074854 0.098610 -0.011642 -0.012057 0.994985
1341846325.119000 -0.173228 -0.032339 -0.135590 0.091023 -0.013245 -0.014092 0.995661
1341846325.150000 -0.174516 -0.021804 -0.110268 0.086509 -0.010758 -0.014916 0.996081
1341846325.182000 -0.189803 -0.005834 -0.091056 0.085052 -0.008356 -0.013140 0.996255
1341846325.218000 -0.187677 -0.001285 -0.090105 0.081916 -0.008512 -0.008254 0.996569
1341846325.250000 -0.186189 0.002604 -0.093131 0.079527 -0.008899 -0.004558 0.996783
1341846325.286000 -0.183690 0.006643 -0.115342 0.076085 -0.009332 -0.000646 0.997057
1341846325.318000 -0.145218 0.009417 -0.079240 0.074591 -0.011594 0.002664 0.997143
1341846325.350000 -0.186127 0.006145 -0.075932 0.077401 -0.001502 0.002037 0.996997
1341846325.387000 -0.164498 0.030470 -0.081649 0.084548 -0.002017 0.006548 0.996396
1341846325.418000 -0.148116 0.034323 -0.083996 0.087226 0.001892 0.009507 0.996141
1341846325.451000 -0.145400 0.027067 -0.083637 0.090940 0.010025 0.012155 0.995732
1341846325.486000 -0.164802 0.043383 -0.069377 0.099916 0.017854 0.012967 0.994751
1341846325.518000 -0.165095 0.055399 -0.081514 0.104252 0.020345 0.015564 0.994221
1341846325.554000 -0.165762 0.055940 -0.094862 0.106305 0.024092 0.015145 0.993926
1341846325.586000 -0.172514 0.071559 -0.105906 0.108702 0.027501 0.013018 0.993609
1341846325.618000 -0.171812 0.092607 -0.099571 0.106191 0.028970 0.011793 0.993854
1341846325.654000 -0.171887 0.077979 -0.099008 0.103332 0.030695 0.009754 0.994125
1341846325.686000 -0.173092 0.085182 -0.096976 0.109708 0.032173 0.012688 0.993362
1341846325.718000 -0.177903 0.103912 -0.086539 0.115300 0.033270 0.018928 0.992593
1341846325.754000 -0.178437 0.101203 -0.093284 0.117687 0.032922 0.022661 0.992246
1341846325.786000 -0.176781 0.107136 -0.093447 0.124112 0.033418 0.023623 0.991424
1341846325.822000 -0.179083 0.126226 -0.091757 0.128499 0.035438 0.025111 0.990758
1341846325.854000 -0.188298 0.131969 -0.094678 0.129241 0.036654 0.028308 0.990531
1341846325.886000 -0.197978 0.141448 -0.103109 0.129578 0.034131 0.032930 0.990434
1341846325.922000 -0.193668 0.144227 -0.099638 0.128421 0.030127 0.038100 0.990530
1341846325.954000 -0.179555 0.148074 -0.083766 0.131360 0.029246 0.040403 0.990079
1341846325.986000 -0.188298 0.159954 -0.082515 0.134447 0.033051 0.044391 0.989374
1341846326.022000 -0.193540 0.159498 -0.079233 0.136841 0.033299 0.049555 0.988792
1341846326.054000 -0.188861 0.169563 -0.071150 0.141611 0.032127 0.052475 0.988008
1341846326.090000 -0.180900 0.186752 -0.089989 0.144325 0.033394 0.052324 0.987582
1341846326.122000 -0.178386 0.194055 -0.101831 0.143375 0.037090 0.050675 0.987674
1341846326.154000 -0.191133 0.196285 -0.080403 0.144021 0.040928 0.048689 0.987528
1341846326.190000 -0.200777 0.209499 -0.078935 0.146928 0.041525 0.050634 0.986977
1341846326.222000 -0.202103 0.217013 -0.105387 0.145223 0.039776 0.055382 0.987047
1341846326.259000 -0.202412 0.222411 -0.110606 0.141616 0.037117 0.058389 0.987501
1341846326.323000 -0.188804 0.222216 -0.136951 0.130767 0.035771 0.058118 0.989061
1341846326.360000 -0.190670 0.224294 -0.134194 0.126301 0.037939 0.056418 0.989659
1341846326.392000 -0.202427 0.210491 -0.135896 0.123391 0.042147 0.059165 0.989696
1341846326.424000 -0.218086 0.211839 -0.135947 0.126528 0.044699 0.062879 0.988958
1341846326.460000 -0.226860 0.231197 -0.132486 0.130372 0.043200 0.066446 0.988292
1341846326.526000 -0.196383 0.257619 -0.141879 0.129350 0.041640 0.063208 0.988706
1341846326.560000 -0.211022 0.255143 -0.141220 0.123497 0.047371 0.064754 0.989096
1341846326.592000 -0.220605 0.281810 -0.102785 0.124984 0.050383 0.064961 0.988747
1341846326.627000 -0.220981 0.282042 -0.103290 0.122471 0.052096 0.063782 0.989049
1341846326.658000 -0.190254 0.290192 -0.143647 0.118346 0.052178 0.062964 0.989599
1341846326.695000 -0.181676 0.286106 -0.166646 0.112718 0.052589 0.066540 0.990001
1341846326.726000 -0.175102 0.281725 -0.173603 0.102898 0.053188 0.061395 0.991370
1341846326.763000 -0.169405 0.300747 -0.162937 0.098131 0.055687 0.057414 0.991954
1341846326.827000 -0.172958 0.343267 -0.161938 0.086176 0.061514 0.055241 0.992843
1341846326.859000 -0.173555 0.340260 -0.162378 0.077786 0.062585 0.055287 0.993467
1341846326.895000 -0.165079 0.313781 -0.190207 0.072416 0.059626 0.058846 0.993850
1341846326.927000 -0.170685 0.344834 -0.147912 0.078503 0.057200 0.062987 0.993276
1341846326.959000 -0.170419 0.360254 -0.147590 0.081399 0.055779 0.064052 0.993056
1341846326.995000 -0.180420 0.383093 -0.140855 0.083857 0.058442 0.064400 0.992676
1341846327.026000 -0.195412 0.388068 -0.134882 0.080260 0.062960 0.061886 0.992857
1341846327.064000 -0.225910 0.377971 -0.121199 0.074666 0.071630 0.060120 0.992814
1341846327.095000 -0.259994 0.355550 -0.144924 0.068826 0.078130 0.056391 0.992965
1341846327.129000 -0.336150 0.381271 -0.134172 0.071761 0.087451 0.057681 0.991905
1341846327.162000 -0.381231 0.373711 -0.125444 0.067880 0.094504 0.056656 0.991590
1341846327.194000 -0.397151 0.374689 -0.122725 0.065867 0.096573 0.054133 0.991668
1341846327.230000 -0.456311 0.376982 -0.110010 0.065828 0.110981 0.053656 0.990187
1341846327.262000 -0.487569 0.392615 -0.090388 0.066161 0.118364 0.052291 0.989383
1341846327.294000 -0.548786 0.375434 -0.080616 0.064911 0.139809 0.044553 0.987044
1341846327.330000 -0.562306 0.397287 -0.077974 0.069245 0.148005 0.041399 0.985690
1341846327.362000 -0.624163 0.396493 -0.071753 0.064046 0.163876 0.035246 0.983769
1341846327.394000 -0.631015 0.395544 -0.080292 0.060957 0.164169 0.030898 0.984062
1341846327.430000 -0.645400 0.416828 -0.074562 0.059930 0.165917 0.030711 0.983838
1341846327.462000 -0.660938 0.447135 -0.072746 0.057059 0.163755 0.031086 0.984359
1341846327.498000 -0.711020 0.416786 -0.074147 0.044595 0.168941 0.025991 0.984274
1341846327.530000 -0.709335 0.438121 -0.101140 0.044595 0.166546 0.029838 0.984573
1341846327.562000 -0.778242 0.458172 -0.125935 0.043825 0.173026 0.030077 0.983482
1341846327.598000 -0.816585 0.460480 -0.111347 0.045346 0.175079 0.034271 0.982912
1341846327.630000 -0.823806 0.473693 -0.109499 0.049350 0.169757 0.041349 0.983381
1341846327.662000 -0.846869 0.472021 -0.116777 0.041817 0.167486 0.026585 0.984628
1341846327.698000 -0.886339 0.479338 -0.116574 0.043126 0.171876 0.027377 0.983793
1341846327.730000 -0.935417 0.519002 -0.111659 0.045325 0.178994 0.029330 0.982368
1341846327.766000 -0.950002 0.540490 -0.114897 0.040551 0.180160 0.029325 0.982364
1341846327.798000 -0.984758 0.551930 -0.098726 0.037118 0.185448 0.032783 0.981405
1341846327.830000 -1.033525 0.537600 -0.072802 0.027616 0.193179 0.034609 0.980164
1341846327.866000 -1.064035 0.510490 -0.079863 0.018504 0.198960 0.034947 0.979210
1341846327.898000 -1.076471 0.526639 -0.062840 0.018335 0.202229 0.037815 0.978436
1341846327.930000 -1.174302 0.522485 -0.004211 0.014613 0.218211 0.038334 0.975039
1341846327.966000 -1.152073 0.479861 -0.005228 -0.001790 0.213888 0.037946 0.976119
1341846327.998000 -1.152576 0.492924 -0.001353 -0.008151 0.215207 0.036203 0.975863
1341846328.034000 -1.133934 0.544404 -0.014665 -0.004617 0.212407 0.031615 0.976659
1341846328.066000 -1.128512 0.520017 -0.037503 -0.016492 0.210196 0.034875 0.976898
1341846328.098000 -1.154765 0.463484 -0.043715 -0.028877 0.215024 0.040920 0.975324
1341846328.134000 -1.151186 0.457228 -0.059550 -0.025658 0.211916 0.045633 0.975885
1341846328.166000 -1.165339 0.466649 -0.062187 -0.022323 0.210315 0.047268 0.976235
1341846328.198000 -1.172724 0.453391 -0.056000 -0.024215 0.209873 0.045307 0.976378
1341846328.234000 -1.203111 0.491053 -0.037760 -0.010579 0.215524 0.042799 0.975503
1341846328.266000 -1.215897 0.474394 -0.024425 -0.008970 0.215668 0.042492 0.975500
1341846328.302000 -1.207820 0.452549 -0.027565 -0.008660 0.214305 0.040120 0.975904
1341846328.334000 -1.195094 0.435843 -0.026666 -0.006438 0.212518 0.041530 0.976253
1341846328.366000 -1.217609 0.398343 -0.030826 -0.004258 0.215533 0.038707 0.975720
1341846328.402000 -1.227114 0.391268 -0.024089 0.007834 0.218552 0.038826 0.975021
1341846328.434000 -1.243458 0.379622 -0.022717 0.010596 0.219616 0.038932 0.974752
1341846328.470000 -1.442933 0.345198 0.057473 0.011408 0.253215 0.034956 0.966711
1341846328.502000 -1.444461 0.369939 0.078864 0.020262 0.255692 0.030234 0.966073
1341846328.534000 -1.429421 0.310361 0.061933 0.013913 0.256333 0.020185 0.966278
1341846328.570000 -1.457598 0.311188 0.072721 0.018427 0.260145 0.030063 0.964926
1341846328.603000 -1.500839 0.288668 0.085632 0.024666 0.261764 0.030942 0.964320
1341846328.673000 -1.568461 0.302467 0.124820 0.043805 0.261347 0.030124 0.963780
1341846328.703000 -1.634490 0.266556 0.109176 0.039868 0.268529 0.033155 0.961875
1341846328.770000 -1.696936 0.221633 0.133351 0.045185 0.278407 0.028360 0.958981
1341846328.802000 -1.709322 0.200212 0.130330 0.045069 0.277242 0.029492 0.959289
1341846328.838000 -1.724191 0.209578 0.146076 0.053225 0.279071 0.026874 0.958418
1341846328.870000 -1.745848 0.204370 0.139205 0.052207 0.280728 0.025962 0.958015
1341846328.904000 -1.717590 0.211392 0.150822 0.052552 0.274443 0.025266 0.959834
1341846328.940000 -1.779416 0.193875 0.172484 0.056639 0.283528 0.021236 0.957054
1341846328.970000 -1.789463 0.181088 0.156059 0.060340 0.281560 0.026052 0.957290
1341846329.006000 -1.805703 0.172265 0.150560 0.063387 0.281845 0.029488 0.956910
1341846329.038000 -1.855227 0.129661 0.194709 0.065344 0.292253 0.041313 0.953211
1341846329.106000 -1.887100 0.073196 0.205522 0.057529 0.298168 0.033128 0.952202
1341846329.138000 -1.893042 0.082538 0.212488 0.063750 0.299306 0.033020 0.951452
1341846329.170000 -1.885723 0.071636 0.208470 0.063800 0.296829 0.031744 0.952268
1341846329.209000 -1.879541 0.056533 0.205632 0.062864 0.295071 0.031573 0.952882
1341846329.238000 -1.938724 0.076440 0.230237 0.068201 0.304514 0.031982 0.949525
1341846329.274000 -1.935122 0.060580 0.234629 0.066128 0.303895 0.033467 0.949818
1341846329.306000 -1.935191 0.058108 0.235618 0.066463 0.301493 0.031939 0.950613
1341846329.338000 -1.972163 0.023919 0.252295 0.056909 0.307951 0.032908 0.949128
1341846329.374000 -1.969969 0.029343 0.267507 0.058380 0.307586 0.033642 0.949132
1341846329.406000 -1.968991 0.034656 0.281970 0.060747 0.307242 0.026455 0.949322
1341846329.442000 -1.989081 0.011552 0.258552 0.055948 0.308041 0.024692 0.949406
1341846329.474000 -1.977629 0.023934 0.281539 0.057898 0.306863 0.020121 0.949778
1341846329.506000 -1.984510 0.027230 0.284397 0.058914 0.306570 0.017452 0.949863
1341846329.542000 -1.992812 0.017040 0.296676 0.057277 0.305613 0.017176 0.950276
1341846329.574000 -1.980558 0.004506 0.291106 0.059983 0.301438 0.015654 0.951468
1341846329.606000 -1.982470 -0.006336 0.296315 0.060098 0.301814 0.014163 0.951365
1341846329.642000 -1.992302 -0.014278 0.295424 0.059491 0.301634 0.014168 0.951461
1341846329.682000 -2.002917 -0.028343 0.299654 0.058339 0.300232 0.014511 0.951970
1341846329.748000 -2.002798 -0.036197 0.289626 0.059483 0.300095 0.012347 0.951973
1341846329.810000 -1.990204 -0.054211 0.315467 0.058931 0.303431 0.016304 0.950890
1341846329.842000 -1.991809 -0.061545 0.318737 0.061700 0.303853 0.018984 0.950529
1341846329.874000 -1.992056 -0.063645 0.323963 0.064941 0.304049 0.020843 0.950212
1341846329.910000 -2.012450 -0.068108 0.304155 0.065175 0.304729 0.022806 0.949933
1341846329.942000 -2.024217 -0.082574 0.297575 0.060605 0.305162 0.029207 0.949921
1341846329.978000 -2.000579 -0.099290 0.321043 0.058865 0.303829 0.030439 0.950419
1341846330.016000 -2.005094 -0.097000 0.318991 0.059674 0.305546 0.028041 0.949892
1341846330.048000 -2.020472 -0.087736 0.305268 0.058143 0.307015 0.030240 0.949446
1341846330.080000 -2.012614 -0.113094 0.311060 0.052958 0.306662 0.033770 0.949744
1341846330.116000 -2.001228 -0.115247 0.330010 0.057265 0.308222 0.033462 0.948999
1341846330.148000 -2.026297 -0.117717 0.314679 0.058122 0.309771 0.034108 0.948420
1341846330.181000 -2.029066 -0.102075 0.317413 0.057618 0.309626 0.040795 0.948234
1341846330.216000 -2.022660 -0.108073 0.309607 0.052344 0.308930 0.043074 0.948666
1341846330.248000 -2.018637 -0.101574 0.326234 0.052591 0.309601 0.043642 0.948408
1341846330.284000 -2.043200 -0.097688 0.305082 0.052404 0.309933 0.046582 0.948169
1341846330.316000 -2.024645 -0.104796 0.324608 0.043990 0.308143 0.046923 0.949163
1341846330.348000 -2.036619 -0.118488 0.332455 0.040289 0.308567 0.046135 0.949229
1341846330.384000 -2.019339 -0.129536 0.288095 0.035978 0.303604 0.044612 0.951073
1341846330.416000 -2.026156 -0.147942 0.301212 0.033334 0.306285 0.042314 0.950415
1341846330.453000 -2.030789 -0.145939 0.301363 0.036562 0.305662 0.041363 0.950538
1341846330.484000 -2.021672 -0.135281 0.300435 0.038607 0.302915 0.043395 0.951246
1341846330.516000 -2.019760 -0.141876 0.307313 0.038159 0.301116 0.046549 0.951686
1341846330.552000 -2.006959 -0.134945 0.277001 0.044521 0.296314 0.054687 0.952484
1341846330.584000 -2.001449 -0.130324 0.300909 0.039901 0.299288 0.047654 0.952136
1341846330.620000 -2.025646 -0.151904 0.301605 0.030829 0.300413 0.048209 0.952091
1341846330.652000 -2.018692 -0.144473 0.296199 0.026666 0.297698 0.048925 0.953033
1341846330.684000 -2.023883 -0.148725 0.297416 0.021978 0.298134 0.049362 0.952993
1341846330.720000 -2.068247 -0.174348 0.329359 0.018305 0.302303 0.050719 0.951686
1341846330.752000 -2.069542 -0.179753 0.322975 0.019362 0.298200 0.051001 0.952943
1341846330.788000 -2.079528 -0.176355 0.326489 0.021459 0.294369 0.054008 0.953923
1341846330.820000 -2.079866 -0.177374 0.321027 0.021273 0.290046 0.054660 0.955214
1341846330.852000 -2.096556 -0.169541 0.313189 0.021958 0.289604 0.054594 0.955336
1341846330.914000 -2.128103 -0.213257 0.250598 0.006548 0.284832 0.060978 0.956614
1341846330.950000 -2.120751 -0.194151 0.282354 0.007254 0.284462 0.060180 0.956769
1341846330.982000 -2.124762 -0.178063 0.327190 0.010147 0.283287 0.058839 0.957175
1341846331.014000 -2.122385 -0.163579 0.344430 0.011605 0.280547 0.059576 0.957919
1341846331.082000 -2.136438 -0.165866 0.371011 0.012202 0.280800 0.055521 0.958081
1341846331.114000 -2.140158 -0.164603 0.356360 0.011764 0.278119 0.055130 0.958891
1341846331.150000 -2.143472 -0.165429 0.381365 0.012090 0.279727 0.054113 0.958477
1341846331.182000 -2.142038 -0.167431 0.379422 0.014215 0.278421 0.050695 0.959015
1341846331.218000 -2.176213 -0.196911 0.320671 0.008699 0.275192 0.051699 0.959959
1341846331.250000 -2.172878 -0.196574 0.330868 0.007322 0.274311 0.049923 0.960316
1341846331.318000 -2.177425 -0.191917 0.371987 0.014102 0.286677 0.040128 0.957083
1341846331.350000 -2.186619 -0.197183 0.357754 0.011598 0.289230 0.038980 0.956395
1341846331.382000 -2.178247 -0.182779 0.376239 0.017386 0.297113 0.033242 0.954105
1341846331.418000 -2.172418 -0.153725 0.376347 0.028159 0.303504 0.030063 0.951939
1341846331.450000 -2.149065 -0.161280 0.370634 0.027264 0.303514 0.031885 0.951903
1341846331.486000 -2.182581 -0.179103 0.359678 0.024079 0.309214 0.033333 0.950103
1341846331.518000 -2.161713 -0.182792 0.360764 0.021607 0.307367 0.031993 0.950808
1341846331.550000 -2.166571 -0.187728 0.411869 0.023121 0.318762 0.030084 0.947075
1341846331.586000 -2.170613 -0.156794 0.405892 0.028903 0.318607 0.027546 0.947046
1341846331.618000 -2.160898 -0.183606 0.409001 0.022975 0.318485 0.030477 0.947159
1341846331.654000 -2.187128 -0.197761 0.467525 0.020923 0.331337 0.026897 0.942897
1341846331.686000 -2.191672 -0.185523 0.475950 0.024313 0.334653 0.026948 0.941642
1341846331.718000 -2.201033 -0.202980 0.470198 0.017278 0.333916 0.028846 0.942003
1341846331.754000 -2.185500 -0.194580 0.483760 0.017553 0.334587 0.027767 0.941792
1341846331.786000 -2.188900 -0.198881 0.512123 0.018420 0.339574 0.025179 0.940062
1341846331.818000 -2.205910 -0.197884 0.510181 0.017796 0.342290 0.024473 0.939107
1341846331.854000 -2.185483 -0.203412 0.529015 0.015436 0.342600 0.023786 0.939054
1341846331.886000 -2.163629 -0.206301 0.540512 0.016590 0.344369 0.021553 0.938440
1341846331.922000 -2.183888 -0.202784 0.556089 0.017820 0.350503 0.019456 0.936190
1341846331.954000 -2.160203 -0.201076 0.552858 0.017649 0.350371 0.019444 0.936243
1341846331.986000 -2.132637 -0.215167 0.565171 0.017918 0.354209 0.019494 0.934791
1341846332.022000 -2.120648 -0.200475 0.596855 0.022237 0.358803 0.012331 0.933067
1341846332.054000 -2.123212 -0.188473 0.614630 0.028888 0.360194 0.010432 0.932371
1341846332.087000 -2.115101 -0.194031 0.616334 0.031542 0.359817 0.012291 0.932409
1341846332.122000 -2.121018 -0.185000 0.635583 0.032869 0.362951 0.008410 0.931191
1341846332.154000 -2.119092 -0.162279 0.637615 0.032956 0.361864 0.006411 0.931626
1341846332.190000 -2.105790 -0.155393 0.651262 0.027384 0.360180 0.007424 0.932451
1341846332.254000 -2.089596 -0.169347 0.670031 0.027149 0.360291 0.006227 0.932424
1341846332.290000 -2.083530 -0.164046 0.680765 0.029877 0.360144 0.007667 0.932387
1341846332.322000 -2.072310 -0.162469 0.692435 0.031583 0.359562 0.008937 0.932544
1341846332.354000 -2.081800 -0.146787 0.722252 0.037133 0.363365 0.008185 0.930871
1341846332.390000 -2.103005 -0.149720 0.716545 0.035126 0.370055 0.003390 0.928339
1341846332.422000 -2.109028 -0.151052 0.724562 0.031985 0.371814 0.001327 0.927755
1341846332.458000 -2.098121 -0.151581 0.746638 0.029856 0.376275 -0.001993 0.926025
1341846332.490000 -2.108007 -0.147136 0.767666 0.030779 0.380781 -0.002531 0.924149
1341846332.522000 -2.135873 -0.146712 0.775111 0.031976 0.382122 0.002372 0.923555
1341846332.558000 -2.124094 -0.146691 0.799452 0.034326 0.378955 0.008214 0.924742
1341846332.590000 -2.128790 -0.160995 0.780621 0.032092 0.376028 0.010702 0.925991
1341846332.622000 -2.119452 -0.164796 0.785716 0.026706 0.375906 0.012890 0.926183
1341846332.658000 -2.108215 -0.172524 0.789424 0.022299 0.376186 0.015894 0.926139
1341846332.690000 -2.112486 -0.154518 0.784923 0.024810 0.374417 0.015548 0.926798
1341846332.726000 -2.116469 -0.168609 0.835215 0.020815 0.378911 0.020123 0.924980
1341846332.758000 -2.135162 -0.143480 0.762997 0.029717 0.369046 0.022813 0.928656
1341846332.790000 -2.137851 -0.148846 0.738333 0.027117 0.367919 0.022395 0.929193
1341846332.826000 -2.136096 -0.148977 0.761250 0.024359 0.371101 0.020430 0.928048
1341846332.858000 -2.137182 -0.145798 0.801963 0.024252 0.375990 0.017876 0.926134
1341846332.894000 -2.128336 -0.156498 0.762870 0.022549 0.369321 0.020245 0.928808
1341846332.926000 -2.138827 -0.175815 0.783380 0.014611 0.373665 0.020997 0.927211
1341846332.958000 -2.141805 -0.177140 0.797141 0.010772 0.376346 0.019605 0.926209
1341846332.994000 -2.139216 -0.177408 0.804232 0.008717 0.376199 0.022346 0.926228
1341846333.027000 -2.152759 -0.184837 0.827572 0.004292 0.382022 0.021477 0.923894
1341846333.058000 -2.162659 -0.172450 0.885333 0.004935 0.392084 0.020155 0.919695
1341846333.094000 -2.188917 -0.180786 0.923469 0.004766 0.401250 0.023365 0.915658
1341846333.126000 -2.203542 -0.181661 0.942794 0.005270 0.407026 0.024566 0.913071
1341846333.162000 -2.225254 -0.185912 0.961001 0.002328 0.415698 0.024665 0.909165
1341846333.196000 -2.234305 -0.191505 0.958012 0.000347 0.417969 0.027269 0.908052
1341846333.226000 -2.250488 -0.201985 1.024208 -0.005959 0.429320 0.025351 0.902777
1341846333.262000 -2.240694 -0.195544 0.977815 -0.007482 0.418739 0.024366 0.907749
1341846333.294000 -2.239846 -0.199791 0.989701 -0.010770 0.420276 0.025370 0.906978
1341846333.326000 -2.261185 -0.210097 1.022806 -0.013874 0.426495 0.025540 0.904023
1341846333.362000 -2.271689 -0.235960 1.081094 -0.027087 0.434090 0.022712 0.900176
1341846333.394000 -2.262551 -0.276618 1.069387 -0.043629 0.424735 0.019087 0.904065
1341846333.430000 -2.264276 -0.277525 1.062905 -0.044240 0.422920 0.020004 0.904866
1341846333.462000 -2.279840 -0.271084 1.081479 -0.045404 0.426980 0.014863 0.902998
1341846333.494000 -2.295637 -0.278291 1.095357 -0.046634 0.430005 0.013475 0.901521
1341846333.530000 -2.297217 -0.280104 1.099011 -0.046571 0.431421 0.013178 0.900851
1341846333.562000 -2.310674 -0.282376 1.117203 -0.046753 0.436367 0.013849 0.898446
1341846333.594000 -2.345523 -0.288005 1.136511 -0.051580 0.441250 0.012992 0.895806
1341846333.630000 -2.366456 -0.288269 1.158859 -0.055869 0.443317 0.012173 0.894539
1341846333.662000 -2.379456 -0.297345 1.143640 -0.057501 0.442202 0.015890 0.894930
1341846333.698000 -2.410871 -0.304455 1.159893 -0.060235 0.445666 0.015098 0.893043
1341846333.730000 -2.401681 -0.298956 1.157090 -0.056626 0.443774 0.013949 0.894239
1341846333.762000 -2.408375 -0.297703 1.156971 -0.054587 0.445131 0.013951 0.893691
1341846333.798000 -2.438818 -0.284807 1.178979 -0.049919 0.451343 0.010192 0.890895
1341846333.830000 -2.445421 -0.283228 1.181842 -0.048149 0.452591 0.006949 0.890390
1341846333.866000 -2.464642 -0.277157 1.194644 -0.046348 0.456673 0.005212 0.888411
1341846333.898000 -2.485605 -0.270998 1.208941 -0.044233 0.460806 0.000929 0.886398
1341846333.930000 -2.523979 -0.275723 1.234507 -0.042214 0.468041 -0.000964 0.882698
1341846333.966000 -2.526396 -0.265595 1.224303 -0.038305 0.466950 -0.003907 0.883445
1341846333.998000 -2.547706 -0.237742 1.228467 -0.030790 0.469333 -0.013845 0.882376
1341846334.030000 -2.545286 -0.223138 1.228666 -0.025575 0.470291 -0.015771 0.882000
1341846334.066000 -2.571188 -0.238668 1.249852 -0.027589 0.476259 -0.014180 0.878758
1341846334.098000 -2.573899 -0.205242 1.236866 -0.019038 0.474030 -0.019517 0.880087
1341846334.134000 -2.586683 -0.204997 1.239722 -0.017558 0.475962 -0.020093 0.879061
1341846334.166000 -2.605583 -0.207348 1.236940 -0.017408 0.475515 -0.019707 0.879314
1341846334.198000 -2.626254 -0.204324 1.253043 -0.016716 0.478060 -0.021257 0.877911
1341846334.234000 -2.631324 -0.200380 1.254500 -0.016459 0.479070 -0.023092 0.877318
1341846334.266000 -2.640210 -0.199791 1.258376 -0.015787 0.481209 -0.023293 0.876154
1341846334.298000 -2.654433 -0.201744 1.262086 -0.014402 0.480945 -0.022401 0.876346
1341846334.334000 -2.655579 -0.194774 1.260974 -0.012830 0.479225 -0.022799 0.877302
1341846334.366000 -2.674809 -0.209007 1.254607 -0.017247 0.480046 -0.022692 0.876780
1341846334.402000 -2.678823 -0.209400 1.244933 -0.018271 0.479533 -0.022535 0.877044
1341846334.434000 -2.678783 -0.202800 1.261203 -0.016473 0.479232 -0.023574 0.877217
1341846334.466000 -2.682852 -0.191707 1.255589 -0.013442 0.477288 -0.023873 0.878320
1341846334.502000 -2.689918 -0.193914 1.250738 -0.014701 0.475092 -0.022277 0.879531
1341846334.540000 -2.692551 -0.192382 1.252119 -0.015243 0.473884 -0.023494 0.880142
1341846334.602000 -2.732889 -0.193215 1.257833 -0.023846 0.474313 -0.027788 0.879594
1341846334.670000 -2.741513 -0.193335 1.252575 -0.030185 0.471425 -0.030924 0.880847
1341846334.702000 -2.752216 -0.207490 1.261617 -0.033862 0.470923 -0.028577 0.881061
1341846334.735000 -2.749179 -0.204238 1.256559 -0.031329 0.467352 -0.026011 0.883133
1341846334.771000 -2.758315 -0.205018 1.249869 -0.030002 0.465961 -0.023381 0.883988
1341846334.802000 -2.838965 -0.218676 1.251858 -0.031784 0.471911 -0.021264 0.880816
1341846334.834000 -2.849796 -0.219428 1.243689 -0.032822 0.470676 -0.021881 0.881424
1341846334.870000 -2.863251 -0.217857 1.233066 -0.033823 0.470036 -0.021634 0.881734
1341846334.902000 -2.872991 -0.218588 1.218767 -0.034393 0.467296 -0.020435 0.883196
1341846334.938000 -2.871024 -0.212645 1.216276 -0.033952 0.463945 -0.021419 0.884954
1341846334.970000 -2.891954 -0.217062 1.197865 -0.033929 0.462897 -0.021103 0.885511
1341846335.002000 -2.882068 -0.224894 1.195834 -0.032870 0.461463 -0.019476 0.886336
1341846335.038000 -2.888627 -0.224867 1.184538 -0.029954 0.457065 -0.018957 0.888726
1341846335.070000 -2.897381 -0.221582 1.176030 -0.029211 0.454831 -0.018912 0.889898
1341846335.106000 -2.902988 -0.232476 1.173299 -0.031177 0.456037 -0.019341 0.889204
1341846335.138000 -2.916924 -0.233333 1.171740 -0.029940 0.457537 -0.021201 0.888434
1341846335.170000 -2.927402 -0.242635 1.149049 -0.031386 0.451706 -0.019987 0.891391
1341846335.206000 -2.941395 -0.246695 1.138672 -0.033316 0.450244 -0.020648 0.892045
1341846335.239000 -2.941999 -0.236609 1.148986 -0.032375 0.452749 -0.024536 0.890712
1341846335.270000 -2.939414 -0.235725 1.144216 -0.031108 0.452259 -0.026326 0.890955
1341846335.306000 -2.949412 -0.245424 1.134391 -0.030281 0.450228 -0.025098 0.892047
1341846335.338000 -2.962605 -0.239939 1.134132 -0.027176 0.450319 -0.025465 0.892091
1341846335.374000 -2.967667 -0.202026 1.144499 -0.016902 0.453435 -0.033244 0.890509
1341846335.406000 -2.975941 -0.192515 1.138514 -0.008539 0.455266 -0.035245 0.889617
1341846335.438000 -2.993849 -0.188298 1.134543 -0.003293 0.456619 -0.035796 0.888936
1341846335.474000 -3.009205 -0.185611 1.133842 -0.001535 0.459422 -0.037129 0.887441
1341846335.507000 -2.990645 -0.178848 1.127135 0.000339 0.458899 -0.037932 0.887678
1341846335.538000 -2.981211 -0.166353 1.119411 0.000581 0.458633 -0.040102 0.887720
1341846335.574000 -2.968182 -0.163197 1.118345 -0.001579 0.457086 -0.038480 0.888588
1341846335.606000 -3.022092 -0.193035 1.110863 -0.006709 0.459631 -0.036987 0.887314
1341846335.642000 -3.014049 -0.185395 1.117337 -0.005869 0.460604 -0.040542 0.886660
1341846335.674000 -3.040148 -0.187304 1.109942 -0.006525 0.462003 -0.040473 0.885930
1341846335.706000 -2.974906 -0.157491 1.112536 -0.002331 0.456078 -0.041509 0.888968
1341846335.742000 -2.989475 -0.164292 1.110527 -0.002898 0.456166 -0.041277 0.888932
1341846335.774000 -3.008493 -0.164321 1.097990 -0.003317 0.456590 -0.041854 0.888686
1341846335.806000 -3.021118 -0.166274 1.087657 -0.005662 0.456031 -0.040440 0.889027
1341846335.842000 -3.025144 -0.170727 1.085498 -0.007534 0.456916 -0.039521 0.888600
1341846335.874000 -3.023042 -0.163602 1.092779 -0.006155 0.458457 -0.041590 0.887721
1341846335.910000 -3.044952 -0.161707 1.088950 -0.005984 0.459256 -0.040418 0.887364
1341846335.942000 -3.066036 -0.168864 1.078142 -0.007495 0.457858 -0.038713 0.888150
1341846335.974000 -3.068738 -0.170072 1.071233 -0.008658 0.456449 -0.040180 0.888800
1341846336.010000 -3.081613 -0.168581 1.069808 -0.009355 0.456878 -0.041457 0.888514
1341846336.042000 -3.110440 -0.175363 1.058221 -0.010775 0.456039 -0.040146 0.888989
1341846336.078000 -3.134191 -0.179583 1.055465 -0.011465 0.455579 -0.040885 0.889182
1341846336.111000 -3.127966 -0.178512 1.045214 -0.011286 0.454019 -0.041681 0.889945
1341846336.142000 -3.142943 -0.179260 1.045923 -0.011149 0.454429 -0.040914 0.889773
1341846336.184000 -3.162745 -0.174312 1.051388 -0.011088 0.453875 -0.040732 0.890065
1341846336.242000 -3.145506 -0.171554 1.041143 -0.011791 0.451292 -0.037559 0.891508
1341846336.278000 -3.156702 -0.177882 1.055373 -0.011838 0.452839 -0.038349 0.890689
1341846336.310000 -3.160030 -0.168965 1.052745 -0.007257 0.450361 -0.038938 0.891968
1341846336.346000 -3.164852 -0.164146 1.051175 -0.005111 0.448935 -0.039188 0.892690
1341846336.378000 -3.091133 -0.158571 0.964617 -0.002209 0.432845 -0.038094 0.900660
1341846336.410000 -3.097925 -0.157603 0.959762 -0.001350 0.433249 -0.038450 0.900453
1341846336.446000 -3.064973 -0.168374 0.913867 -0.002800 0.424879 -0.034692 0.904581
1341846336.478000 -3.064844 -0.172415 0.894766 -0.003614 0.423075 -0.032923 0.905489
1341846336.510000 -3.026107 -0.175567 0.825006 -0.002228 0.413691 -0.031252 0.909878
1341846336.546000 -3.015690 -0.178511 0.793697 -0.000055 0.409656 -0.028390 0.911798
1341846336.578000 -3.012754 -0.182747 0.765578 -0.000460 0.406552 -0.025134 0.913282
1341846336.614000 -3.010142 -0.183670 0.749336 -0.001079 0.405766 -0.025083 0.913632
1341846336.646000 -2.992678 -0.184876 0.725901 -0.002709 0.402759 -0.025421 0.914949
1341846336.678000 -2.987042 -0.191648 0.690061 -0.004266 0.397279 -0.022999 0.917400
1341846336.714000 -2.962363 -0.191353 0.663370 -0.000942 0.389671 -0.021580 0.920701
1341846336.746000 -2.934164 -0.196726 0.627066 0.003162 0.380553 -0.019984 0.924538
1341846336.778000 -2.929033 -0.200077 0.596836 0.006331 0.373777 -0.016324 0.927353
1341846336.820000 -2.918994 -0.204937 0.567299 0.006970 0.367083 -0.012968 0.930072
1341846336.882000 -2.875286 -0.202085 0.543623 0.010200 0.356715 -0.011837 0.934082
1341846336.914000 -2.853161 -0.198510 0.505389 0.014618 0.346234 -0.010260 0.937978
1341846336.946000 -2.828367 -0.184546 0.481196 0.025307 0.338431 -0.006917 0.940625
1341846336.982000 -2.814897 -0.172658 0.444968 0.028340 0.332064 -0.007587 0.942801
1341846337.014000 -2.805823 -0.174801 0.426130 0.024392 0.328439 -0.007852 0.944178
1341846337.046000 -2.794029 -0.175807 0.403036 0.021698 0.326040 -0.008659 0.945067
1341846337.082000 -2.797509 -0.168522 0.397083 0.020732 0.325882 -0.012216 0.945104
1341846337.114000 -2.798235 -0.169037 0.370326 0.019971 0.321083 -0.011189 0.946774
1341846337.150000 -2.796659 -0.152309 0.320998 0.021944 0.315399 -0.012496 0.948623
1341846337.182000 -2.783425 -0.143663 0.301856 0.022331 0.313987 -0.014934 0.949047
1341846337.214000 -2.779006 -0.148618 0.288325 0.016477 0.316208 -0.019225 0.948352
1341846337.250000 -2.759505 -0.144256 0.259570 0.016062 0.308892 -0.018484 0.950782
1341846337.282000 -2.744980 -0.146277 0.236198 0.017939 0.302259 -0.014815 0.952942
1341846337.318000 -2.743156 -0.145229 0.225253 0.017815 0.301590 -0.013533 0.953175
1341846337.350000 -2.737144 -0.148431 0.203814 0.016422 0.300562 -0.010560 0.953562
1341846337.382000 -2.731468 -0.146479 0.186283 0.014312 0.299106 -0.011764 0.954040
1341846337.418000 -2.742211 -0.147003 0.148193 0.016612 0.298620 -0.011584 0.954157
1341846337.450000 -2.724643 -0.146637 0.138152 0.016606 0.292391 -0.011351 0.956087
1341846337.482000 -2.724289 -0.141393 0.132779 0.016463 0.291964 -0.011377 0.956220
1341846337.518000 -2.725100 -0.141815 0.118095 0.018218 0.289967 -0.011775 0.956791
1341846337.550000 -2.731956 -0.128050 0.097323 0.017999 0.288420 -0.014161 0.957230
1341846337.586000 -2.737990 -0.126776 0.109249 0.017155 0.289812 -0.014967 0.956813
1341846337.618000 -2.738132 -0.142825 0.102760 0.018257 0.288852 -0.013495 0.957105
1341846337.650000 -2.740554 -0.140260 0.104980 0.018094 0.289204 -0.014780 0.956982
1341846337.686000 -2.740982 -0.132324 0.093484 0.017827 0.288478 -0.014199 0.957215
1341846337.718000 -2.736629 -0.135849 0.089997 0.016287 0.288465 -0.013231 0.957260
1341846337.750000 -2.730658 -0.128167 0.070073 0.016174 0.288883 -0.014922 0.957111
1341846337.786000 -2.706321 -0.120543 0.048070 0.016405 0.287220 -0.011718 0.957652
1341846337.818000 -2.699105 -0.120151 0.046725 0.015077 0.288940 -0.010373 0.957172
1341846337.854000 -2.698005 -0.118395 0.041018 0.013817 0.291517 -0.010102 0.956412
1341846337.886000 -2.700438 -0.115679 0.041443 0.010437 0.293675 -0.011020 0.955785
1341846337.918000 -2.688683 -0.117770 0.039577 0.005308 0.293809 -0.010611 0.955791
1341846337.954000 -2.677543 -0.111966 0.029404 0.004743 0.292982 -0.010585 0.956047
1341846337.986000 -2.662603 -0.112044 0.026393 0.001974 0.292692 -0.007425 0.956176
1341846338.018000 -2.671459 -0.102917 0.031437 0.000608 0.295804 -0.007836 0.955216
1341846338.054000 -2.667081 -0.093158 0.030882 -0.000389 0.297444 -0.008301 0.954703
1341846338.086000 -2.657240 -0.073468 0.029288 0.000395 0.299367 -0.008654 0.954099
1341846338.122000 -2.653878 -0.078790 0.030789 -0.001269 0.301200 -0.006286 0.953539
1341846338.154000 -2.643937 -0.074032 0.032481 -0.000178 0.300461 -0.003050 0.953789
1341846338.186000 -2.627917 -0.081470 0.038194 -0.001728 0.299045 0.000958 0.954237
1341846338.222000 -2.608571 -0.076756 0.024812 -0.002151 0.297858 0.000884 0.954607
1341846338.254000 -2.602604 -0.075325 0.015576 -0.002818 0.297734 0.001502 0.954644
1341846338.290000 -2.596488 -0.074829 0.027532 -0.001431 0.298201 0.003032 0.954497
1341846338.322000 -2.598597 -0.079387 0.024998 -0.001987 0.298983 0.004755 0.954245
1341846338.354000 -2.588631 -0.074919 0.029641 -0.001568 0.298892 0.004510 0.954275
1341846338.390000 -2.582231 -0.072694 0.036832 -0.001789 0.300055 0.005133 0.953906
1341846338.422000 -2.575430 -0.076976 0.047200 -0.004639 0.300451 0.005613 0.953770
1341846338.454000 -2.569962 -0.073709 0.054276 -0.005339 0.300333 0.004209 0.953810
1341846338.490000 -2.564291 -0.078512 0.062742 -0.007493 0.300135 0.006040 0.953848
1341846338.522000 -2.553815 -0.082896 0.087271 -0.007935 0.301418 0.004631 0.953448
1341846338.558000 -2.554739 -0.063861 0.074042 -0.005394 0.300226 0.003412 0.953847
1341846338.590000 -2.540314 -0.081566 0.094662 -0.011104 0.300339 0.005031 0.953755
1341846338.622000 -2.518275 -0.076749 0.109406 -0.008780 0.300670 0.006172 0.953668
1341846338.658000 -2.516727 -0.072263 0.120075 -0.007490 0.301153 0.008358 0.953510
1341846338.690000 -2.511357 -0.066825 0.116069 -0.009644 0.299522 0.007537 0.954011
1341846338.722000 -2.485854 -0.065456 0.136779 -0.009295 0.299616 0.008373 0.953978
1341846338.758000 -2.487378 -0.056646 0.160577 -0.008220 0.301053 0.009611 0.953524
1341846338.790000 -2.485086 -0.051991 0.167225 -0.009096 0.299699 0.010185 0.953936
1341846338.826000 -2.476187 -0.053207 0.182401 -0.008955 0.300583 0.009694 0.953664
1341846338.858000 -2.481265 -0.052217 0.171535 -0.009079 0.302964 0.008882 0.952917
1341846338.890000 -2.488322 -0.041819 0.206441 -0.010228 0.308080 0.007610 0.951275
1341846338.926000 -2.484948 -0.039898 0.213009 -0.010695 0.309512 0.005458 0.950820
1341846338.958000 -2.476098 -0.039375 0.219764 -0.010656 0.311058 0.004546 0.950320
1341846338.990000 -2.461891 -0.041513 0.227840 -0.010440 0.310399 0.005525 0.950533
1341846339.026000 -2.453022 -0.034209 0.237448 -0.006461 0.311555 0.005262 0.950192
1341846339.058000 -2.439383 -0.032767 0.242360 -0.004302 0.312789 0.005030 0.949800
1341846339.094000 -2.440673 -0.025815 0.251755 -0.004570 0.313307 0.005685 0.949624
1341846339.127000 -2.427220 -0.015610 0.257719 -0.006512 0.312238 0.004784 0.949970
1341846339.158000 -2.413340 -0.013524 0.264858 -0.008121 0.313639 0.005059 0.949494
1341846339.194000 -2.420169 -0.015153 0.263752 -0.010087 0.315607 0.006006 0.948817
1341846339.228000 -2.406893 -0.018652 0.289868 -0.014305 0.314521 0.010955 0.949079
1341846339.258000 -2.400183 -0.027564 0.288711 -0.018278 0.314800 0.011446 0.948913
1341846339.294000 -2.387625 -0.024190 0.300642 -0.018043 0.316836 0.013988 0.948205
1341846339.327000 -2.383359 -0.050789 0.292035 -0.027509 0.314569 0.017334 0.948677
1341846339.362000 -2.382017 -0.023995 0.283659 -0.025942 0.312672 0.013603 0.949410
1341846339.395000 -2.373318 -0.027932 0.306385 -0.027581 0.316253 0.014609 0.948161
1341846339.462000 -2.353055 -0.031477 0.300867 -0.031961 0.313520 0.013828 0.948943
1341846339.497000 -2.321425 -0.047803 0.312872 -0.031718 0.314723 0.017615 0.948490
1341846339.562000 -2.327253 -0.038843 0.322840 -0.027204 0.319685 0.017596 0.946970
1341846339.595000 -2.316296 -0.036763 0.319009 -0.025221 0.319851 0.016738 0.946984
1341846339.632000 -2.299505 -0.032812 0.321292 -0.024142 0.322038 0.014272 0.946311
1341846339.665000 -2.295803 -0.034701 0.334741 -0.024999 0.325735 0.011832 0.945056
1341846339.699000 -2.283468 -0.036919 0.349691 -0.025839 0.326571 0.010477 0.944761
1341846339.732000 -2.288499 -0.033464 0.319522 -0.025513 0.324677 0.007702 0.945450
1341846339.762000 -2.262486 -0.027421 0.334137 -0.023283 0.324035 0.008126 0.945724
1341846339.798000 -2.259691 -0.030481 0.350953 -0.023440 0.326108 0.009696 0.944992
1341846339.830000 -2.249469 -0.040031 0.337977 -0.023014 0.323302 0.013832 0.945915
1341846339.862000 -2.244989 -0.045689 0.345446 -0.024274 0.324290 0.015343 0.945522
1341846339.898000 -2.237978 -0.043317 0.352078 -0.024647 0.325935 0.015093 0.944950
1341846339.930000 -2.230215 -0.036534 0.367610 -0.022847 0.327473 0.015445 0.944458
1341846339.962000 -2.226830 -0.036077 0.372544 -0.021293 0.327429 0.015152 0.944514
1341846339.998000 -2.214746 -0.040832 0.367220 -0.020685 0.327482 0.015664 0.944501
1341846340.030000 -2.208803 -0.031255 0.378743 -0.017439 0.330219 0.017057 0.943589
1341846340.066000 -2.200738 -0.030955 0.383293 -0.015123 0.331346 0.017038 0.943234
1341846340.098000 -2.194771 -0.024786 0.387514 -0.013348 0.331804 0.016541 0.943109
1341846340.130000 -2.184066 -0.022351 0.391815 -0.014050 0.331253 0.015462 0.943310
1341846340.166000 -2.171216 -0.026671 0.382584 -0.013688 0.331470 0.014550 0.943254
1341846340.198000 -2.168937 -0.026982 0.394877 -0.013333 0.334637 0.014644 0.942139
1341846340.230000 -2.176047 -0.030060 0.385493 -0.015256 0.334563 0.014910 0.942132
1341846340.266000 -2.155565 -0.022683 0.394960 -0.014219 0.334470 0.013652 0.942200
1341846340.298000 -2.149245 -0.022759 0.398447 -0.012040 0.336250 0.013927 0.941593
1341846340.334000 -2.158561 -0.020191 0.376200 -0.012104 0.333695 0.014836 0.942487
1341846340.366000 -2.139499 -0.030619 0.395273 -0.015637 0.332461 0.016856 0.942837
1341846340.398000 -2.129844 -0.026994 0.399088 -0.013251 0.332502 0.015661 0.942880
1341846340.434000 -2.128609 -0.031299 0.394513 -0.013427 0.331465 0.016880 0.943221
1341846340.466000 -2.120966 -0.032432 0.392224 -0.012403 0.327546 0.018287 0.944577
1341846340.502000 -2.114377 -0.033733 0.384833 -0.012239 0.324437 0.017837 0.945660
1341846340.534000 -2.110248 -0.019346 0.384051 -0.008778 0.323186 0.016341 0.946154
1341846340.566000 -2.102858 -0.012602 0.388125 -0.005622 0.322377 0.015763 0.946463
1341846340.602000 -2.100912 -0.015360 0.385463 -0.003835 0.322003 0.015448 0.946605
1341846340.634000 -2.114621 -0.011435 0.395341 -0.002915 0.324154 0.013451 0.945904
1341846340.666000 -2.112914 -0.021877 0.387598 -0.005577 0.323925 0.012603 0.945982
1341846340.702000 -2.109420 -0.019836 0.385128 -0.003475 0.325048 0.010085 0.945637
1341846340.734000 -2.112829 -0.018683 0.376307 -0.003022 0.326347 0.008321 0.945209
1341846340.770000 -2.118778 -0.019333 0.367566 -0.004719 0.326422 0.006537 0.945190
1341846340.802000 -2.106573 -0.017232 0.367522 -0.005772 0.326557 0.000984 0.945159
1341846340.834000 -2.118885 -0.018086 0.353315 -0.007999 0.329055 -0.003468 0.944270
1341846340.870000 -2.116404 -0.015042 0.358258 -0.009411 0.329932 -0.005989 0.943939
1341846340.902000 -2.109160 -0.013651 0.366733 -0.007680 0.328941 -0.005438 0.944304
1341846340.934000 -2.107433 -0.021485 0.364119 -0.006198 0.327794 -0.001590 0.944728
1341846340.970000 -2.099342 -0.041923 0.353444 -0.007679 0.322389 0.005913 0.946558
1341846341.002000 -2.098747 -0.045041 0.336487 -0.004479 0.316852 0.011038 0.948400
1341846341.038000 -2.132169 -0.025287 0.367513 -0.000178 0.322704 0.007561 0.946470
1341846341.070000 -2.123187 -0.022957 0.366929 0.000761 0.320573 0.008202 0.947188
1341846341.102000 -2.129919 -0.054417 0.351829 -0.005503 0.318192 0.011425 0.947942
1341846341.138000 -2.137462 -0.033219 0.360820 -0.001051 0.318877 0.008757 0.947755
1341846341.170000 -2.123268 -0.027879 0.369406 0.001117 0.317320 0.009803 0.948267
1341846341.202000 -2.136517 -0.035873 0.357234 0.001781 0.317816 0.011245 0.948084
1341846341.238000 -2.122218 -0.028503 0.365844 0.004881 0.316841 0.011360 0.948398
1341846341.270000 -2.137442 -0.035779 0.353887 0.004490 0.318224 0.011079 0.947940
1341846341.306000 -2.128948 -0.030072 0.361643 0.005854 0.317060 0.009842 0.948336
1341846341.338000 -2.122982 -0.027649 0.363534 0.006463 0.316724 0.008999 0.948453
1341846341.370000 -2.120742 -0.024359 0.364249 0.006820 0.317599 0.005757 0.948183
1341846341.406000 -2.143573 -0.036653 0.347465 0.004263 0.319476 0.004694 0.947573
1341846341.438000 -2.131574 -0.032406 0.365519 0.006496 0.317591 0.004626 0.948194
1341846341.470000 -2.129072 -0.031589 0.362270 0.008692 0.316795 0.002997 0.948449
1341846341.506000 -2.147199 -0.034979 0.343137 0.006900 0.318366 0.001415 0.947942
1341846341.538000 -2.139903 -0.031907 0.359211 0.007113 0.316827 0.001725 0.948455
1341846341.574000 -2.142469 -0.031207 0.364252 0.008585 0.315459 0.002663 0.948897
1341846341.612000 -2.143586 -0.026071 0.378959 0.009746 0.316005 0.002449 0.948704
1341846341.644000 -2.158401 -0.024324 0.402874 0.008382 0.318681 0.001250 0.947824
1341846341.680000 -2.148816 -0.033920 0.345278 0.007365 0.311429 0.003374 0.950235
1341846341.712000 -2.145975 -0.029616 0.347138 0.009477 0.309599 0.005567 0.950804
1341846341.744000 -2.141786 -0.022315 0.381369 0.011960 0.308938 0.006931 0.950982
1341846341.780000 -2.143726 -0.023746 0.376772 0.012539 0.308215 0.008567 0.951196
1341846341.843000 -2.142329 -0.027401 0.375816 0.015991 0.307473 0.011827 0.951349
1341846341.906000 -2.147305 -0.036553 0.370997 0.019901 0.306980 0.016710 0.951361
1341846341.942000 -2.132359 -0.018877 0.382872 0.027424 0.305355 0.018173 0.951670
1341846341.975000 -2.137809 0.002109 0.395070 0.034640 0.306869 0.015539 0.950994
1341846342.010000 -2.135043 -0.001746 0.390742 0.034744 0.304766 0.017612 0.951630
1341846342.042000 -2.140723 -0.036537 0.359399 0.031459 0.302843 0.019027 0.952331
1341846342.080000 -2.133592 -0.024724 0.353353 0.035593 0.303445 0.017946 0.952015
1341846342.112000 -2.136571 -0.025151 0.353552 0.036816 0.304383 0.019250 0.951643
1341846342.148000 -2.132604 -0.023490 0.353600 0.040949 0.302455 0.021103 0.952050
1341846342.180000 -2.127393 -0.019891 0.350897 0.044234 0.302083 0.020763 0.952029
1341846342.212000 -2.130868 -0.018813 0.351019 0.044546 0.303152 0.020498 0.951680
1341846342.248000 -2.127436 -0.020026 0.349666 0.045109 0.302934 0.018513 0.951763
1341846342.280000 -2.120726 -0.012979 0.345544 0.048289 0.301834 0.018339 0.951960
1341846342.316000 -2.115615 -0.011299 0.337632 0.050128 0.300432 0.018817 0.952299
1341846342.348000 -2.117992 -0.011621 0.337336 0.049854 0.301261 0.017977 0.952068
1341846342.380000 -2.117085 -0.021839 0.335580 0.048517 0.301155 0.020247 0.952125
1341846342.416000 -2.121560 -0.029480 0.333585 0.047910 0.301752 0.021793 0.951933
