# timestamp tx ty tz qx qy qz qw
1341845820.887882 0.000000 0.000000 0.000000 0.000000 0.000000 0.000000 1.000000
1341845820.920082 -0.001574 0.003707 -0.000993 -0.000419 -0.000037 -0.000676 1.000000
1341845820.955790 -0.001898 0.003811 0.001936 -0.001727 -0.000926 -0.000861 0.999998
1341845820.987817 -0.000755 0.002709 0.002323 -0.002589 -0.001296 -0.001090 0.999995
1341845821.019783 -0.001677 0.002229 0.003743 -0.002669 -0.001493 -0.001175 0.999995
1341845821.055706 -0.003168 0.001356 0.000904 -0.002135 -0.001810 0.000121 0.999996
1341845821.087831 -0.004914 -0.002548 -0.002104 -0.001628 -0.003074 0.002628 0.999990
1341845821.119871 0.005868 -0.000535 -0.000353 0.000617 -0.003370 0.004847 0.999982
1341845821.155881 0.005057 0.003123 0.000630 0.000913 -0.000294 0.005721 0.999983
1341845821.188556 -0.371827 -0.050724 -0.036156 -0.015842 0.059428 -0.064123 0.996045
1341845821.223751 0.001711 -0.006488 -0.003236 0.002771 0.002251 0.009916 0.999944
1341845821.256005 0.007587 0.001925 -0.007202 0.004524 0.003057 0.009493 0.999940
1341845821.287883 0.007017 -0.001687 -0.005869 0.002379 0.005695 0.008147 0.999948
1341845821.323879 0.008977 -0.006279 -0.008008 0.002138 0.007627 0.006653 0.999946
1341845821.355690 0.008388 -0.002529 -0.005452 0.003373 0.009884 0.007044 0.999921
1341845821.388161 0.007327 -0.004126 -0.003873 0.003229 0.010540 0.008705 0.999901
1341845821.424470 0.014189 -0.009564 -0.009342 0.004298 0.010976 0.009424 0.999886
1341845821.455778 0.010703 -0.004329 -0.009028 0.005242 0.013931 0.008566 0.999853
1341845821.488014 0.007689 -0.008904 -0.008961 0.004556 0.015201 0.008774 0.999836
1341845821.524370 0.011484 -0.012907 -0.010612 0.005850 0.015366 0.009382 0.999821
1341845821.555644 0.008814 -0.010278 -0.010439 0.007817 0.017050 0.009111 0.999783
1341845821.587677 0.005042 -0.006220 -0.010653 0.008201 0.017211 0.008153 0.999785
1341845821.623761 0.007276 -0.006737 -0.006860 0.007645 0.016248 0.007483 0.999811
1341845821.655725 0.007660 -0.006214 -0.010409 0.007575 0.016216 0.006344 0.999820
1341845821.691884 0.006201 -0.006833 -0.013311 0.006422 0.016320 0.005492 0.999831
1341845821.724228 0.005159 -0.011037 -0.014911 0.005983 0.015446 0.005917 0.999845
1341845821.755681 0.004134 -0.009905 -0.011862 0.006980 0.014500 0.006740 0.999848
1341845821.791636 0.005655 -0.011283 -0.010045 0.007771 0.013807 0.007034 0.999850
1341845821.823697 0.006179 -0.007134 -0.009272 0.008859 0.014431 0.005492 0.999842
1341845821.855574 0.004493 -0.009754 -0.012426 0.007572 0.015319 0.003982 0.999846
1341845821.891741 0.005484 -0.012134 -0.007630 0.007949 0.014815 0.003958 0.999851
1341845821.923730 0.010735 -0.011404 -0.009622 0.009600 0.014004 0.005112 0.999843
1341845821.955750 0.004657 -0.010710 -0.013523 0.010295 0.015280 0.004644 0.999819
1341845821.991786 0.005429 -0.008971 -0.011580 0.009900 0.015581 0.003908 0.999822
1341845822.023863 -0.420674 -0.073717 -0.038376 -0.004702 0.080956 -0.063862 0.994659
1341845822.059759 -0.001228 -0.011775 -0.015671 0.009419 0.016742 0.003639 0.999809
1341845822.091719 -0.517314 -0.080623 -0.040900 -0.009825 0.093858 -0.089014 0.991550
1341845822.123689 -0.000115 -0.018820 -0.016451 0.010409 0.017576 0.003349 0.999786
1341845822.185916 -0.004215 -0.014483 -0.013258 0.010190 0.017386 0.004342 0.999788
1341845822.221838 -0.006372 -0.015732 -0.011961 0.011688 0.015810 0.004991 0.999794
1341845822.254004 -0.009808 -0.011542 -0.011831 0.011577 0.015640 0.004680 0.999800
1341845822.289876 -0.016670 -0.018028 -0.014269 0.010177 0.015668 0.003642 0.999819
1341845822.321804 -0.475710 -0.076428 -0.028495 -0.004385 0.084158 -0.074356 0.993665
1341845822.353784 -0.022907 -0.016693 -0.007926 0.011973 0.015706 0.001870 0.999803
1341845822.391662 -0.026621 -0.017796 -0.006533 0.012698 0.016271 0.001762 0.999785
1341845822.428074 -0.032614 -0.016257 -0.008341 0.013326 0.016460 0.001728 0.999774
1341845822.459970 -0.035780 -0.015499 -0.006881 0.012809 0.015897 0.001865 0.999790
1341845822.495728 -0.040003 -0.017994 -0.005266 0.012603 0.015570 0.001822 0.999798
1341845822.527724 -0.045780 -0.016817 -0.007975 0.012776 0.015327 0.001793 0.999799
1341845822.559648 -0.048944 -0.017224 -0.008611 0.011628 0.014418 0.002856 0.999824
1341845822.595852 -0.048119 -0.014833 0.001196 0.011899 0.013790 0.003093 0.999829
1341845822.627724 -0.054220 -0.012883 -0.001390 0.011305 0.014602 0.003198 0.999824
1341845822.663716 -0.058879 -0.027697 -0.018419 0.009786 0.013517 0.007733 0.999831
1341845822.695601 -0.063705 -0.026919 -0.001286 0.013854 0.011058 0.010185 0.999791
1341845822.731816 -0.064389 -0.018419 0.002623 0.017103 0.010548 0.010990 0.999738
1341845822.789911 -0.071509 -0.017806 0.004009 0.018074 0.011538 0.010589 0.999714
1341845822.825897 -0.078937 -0.022312 -0.002752 0.016707 0.013132 0.010754 0.999716
1341845822.859721 -0.087688 -0.023078 0.012446 0.017579 0.012956 0.011785 0.999692
1341845822.889712 -0.090279 -0.022617 0.013174 0.019970 0.011260 0.013360 0.999648
1341845822.925900 -0.091871 -0.021796 0.011173 0.020910 0.010349 0.012882 0.999645
1341845822.957708 -0.093599 -0.022932 0.012753 0.021040 0.010987 0.011227 0.999655
1341845822.989939 -0.098608 -0.025720 0.011974 0.021975 0.011596 0.010689 0.999634
1341845823.025889 -0.099234 -0.025037 0.014588 0.024069 0.011124 0.010906 0.999589
1341845823.057775 -0.121307 -0.034951 -0.003616 0.024142 0.015989 0.010160 0.999529
1341845823.093671 -0.130863 -0.038312 -0.011686 0.025127 0.019424 0.010105 0.999444
1341845823.125951 -0.107779 -0.024140 0.011031 0.027676 0.016106 0.011839 0.999417
1341845823.157773 -0.113508 -0.026359 0.011040 0.028055 0.017830 0.011741 0.999378
1341845823.193885 -0.121682 -0.028886 -0.008318 0.028023 0.018697 0.011639 0.999365
1341845823.225800 -0.124059 -0.025778 0.000442 0.026559 0.017091 0.011414 0.999436
1341845823.261842 -0.122695 -0.025067 0.005801 0.026469 0.015353 0.010894 0.999472
1341845823.293622 -0.131793 -0.025669 -0.006622 0.024766 0.016669 0.009130 0.999513
1341845823.325746 -0.161218 -0.046099 -0.036343 0.018495 0.023652 0.008749 0.999511
1341845823.361852 -0.163713 -0.039474 -0.010581 0.020088 0.027236 0.008886 0.999388
1341845823.394013 -0.136858 -0.024578 0.013056 0.024630 0.024687 0.013021 0.999307
1341845823.426028 -0.141573 -0.027723 0.006908 0.025635 0.025682 0.016221 0.999210
1341845823.461869 -0.144174 -0.029047 0.004482 0.026321 0.024708 0.017567 0.999194
1341845823.493758 -0.156836 -0.035251 -0.005965 0.025773 0.027634 0.017401 0.999134
1341845823.529780 -0.153888 -0.032756 0.001085 0.026294 0.028068 0.018013 0.999098
1341845823.561916 -0.154152 -0.035471 -0.003814 0.026412 0.025632 0.019158 0.999139
1341845823.593678 -0.160368 -0.035604 -0.001139 0.026774 0.023232 0.020599 0.999159
1341845823.629815 -0.169746 -0.035204 0.003041 0.026486 0.024918 0.020372 0.999131
1341845823.661750 -0.176513 -0.038401 0.002393 0.025687 0.026141 0.019859 0.999131
1341845823.695523 -0.187720 -0.042812 0.016884 0.027038 0.024850 0.020504 0.999115
1341845823.729635 -0.187183 -0.038046 0.027059 0.031604 0.021278 0.021481 0.999043
1341845823.761810 -0.207760 -0.046569 0.008466 0.032907 0.022202 0.022428 0.998960
1341845823.797871 -0.240089 -0.056683 -0.010169 0.031716 0.024014 0.021237 0.998983
1341845823.829660 -0.232437 -0.056005 0.000835 0.031352 0.018310 0.019041 0.999159
1341845823.861808 -0.262896 -0.074039 -0.028117 0.030157 0.018677 0.016577 0.999233
1341845823.929826 -0.280822 -0.076579 -0.028330 0.029940 0.013333 0.012841 0.999380
1341845823.961797 -0.303142 -0.091291 -0.062243 0.026646 0.014774 0.009078 0.999495
1341845823.998070 -0.306839 -0.089263 -0.042170 0.025988 0.014383 0.007109 0.999534
1341845824.029656 -0.318716 -0.089491 -0.044005 0.026736 0.015415 0.007842 0.999493
1341845824.065768 -0.343049 -0.087813 -0.028319 0.026636 0.021165 0.009727 0.999374
1341845824.097956 -0.499955 -0.139110 -0.050645 0.016927 0.052377 0.006662 0.998462
1341845824.130299 -0.288770 -0.071055 -0.032694 0.021933 0.036450 0.010659 0.999038
1341845824.165751 -0.407831 -0.130156 -0.052371 0.007666 0.064070 0.007894 0.997885
1341845824.197930 -0.304171 -0.091375 -0.039104 0.013391 0.049742 0.011824 0.998602
1341845824.229907 -0.302337 -0.079433 -0.021550 0.019459 0.049207 0.012174 0.998525
1341845824.265800 -0.208971 -0.067612 -0.063667 0.025039 0.029382 0.017997 0.999093
1341845824.298080 -0.188796 -0.071768 -0.080447 0.025898 0.017587 0.018597 0.999337
1341845824.333783 -0.277875 -0.090444 -0.057646 0.025261 0.028110 0.014695 0.999178
1341845824.365821 -0.293700 -0.082074 -0.054717 0.028802 0.030419 0.014535 0.999016
1341845824.398039 -0.218508 -0.071100 -0.074413 0.030216 0.017104 0.015486 0.999277
1341845824.433843 -0.286349 -0.095562 -0.096628 0.026962 0.022589 0.015456 0.999262
1341845824.465921 -0.312168 -0.099433 -0.091198 0.027621 0.022155 0.018402 0.999203
1341845824.501802 -0.317418 -0.106442 -0.119074 0.026500 0.020280 0.022796 0.999183
1341845824.533723 -0.321840 -0.119251 -0.147907 0.023149 0.017714 0.026670 0.999219
1341845824.565735 -0.329605 -0.119177 -0.139875 0.021194 0.015419 0.030232 0.999199
1341845824.601758 -0.328768 -0.113474 -0.124934 0.021576 0.012963 0.034196 0.999098
1341845824.633861 -0.332877 -0.119974 -0.141215 0.020293 0.010953 0.037885 0.999016
1341845824.665789 -0.342795 -0.116158 -0.128462 0.020475 0.009757 0.041045 0.998900
1341845824.701769 -0.350914 -0.117613 -0.126284 0.021003 0.007336 0.043048 0.998825
1341845824.733585 -0.338550 -0.128273 -0.155550 0.021009 0.002840 0.045579 0.998736
1341845824.769643 -0.331167 -0.143670 -0.195481 0.016590 0.000116 0.047512 0.998733
1341845824.801632 -0.365956 -0.115638 -0.130036 0.017000 0.000325 0.044860 0.998849
1341845824.833654 -0.368374 -0.120850 -0.121802 0.018395 -0.002210 0.044074 0.998856
1341845824.869926 -0.374835 -0.111677 -0.118383 0.023258 -0.001745 0.045488 0.998693
1341845824.902071 -0.374569 -0.128627 -0.156891 0.019852 -0.003439 0.045744 0.998750
1341845824.933752 -0.383778 -0.124050 -0.128304 0.020787 -0.003119 0.042205 0.998888
1341845824.969855 -0.391706 -0.118640 -0.126282 0.021635 -0.000575 0.040451 0.998947
1341845825.001907 -0.394559 -0.131490 -0.149947 0.018511 0.002659 0.040581 0.999001
1341845825.037975 -0.407045 -0.123569 -0.119592 0.019141 0.006241 0.039304 0.999024
1341845825.075793 -0.385850 -0.130596 -0.152738 0.021398 0.001607 0.042502 0.998866
1341845825.107881 -0.402103 -0.126598 -0.110479 0.027399 0.002792 0.037995 0.998898
1341845825.143675 -0.430382 -0.149409 -0.157577 0.027327 0.009080 0.039427 0.998807
1341845825.175707 -0.428610 -0.149679 -0.157313 0.027699 0.009320 0.036477 0.998907
1341845825.211865 -0.446024 -0.143229 -0.146482 0.029346 0.011724 0.034611 0.998901
1341845825.243814 -0.397377 -0.135531 -0.157120 0.033346 0.006514 0.041159 0.998575
1341845825.275795 -0.408107 -0.127706 -0.159978 0.036621 0.008685 0.040680 0.998463
1341845825.311665 -0.417411 -0.131347 -0.161678 0.037075 0.007675 0.042214 0.998391
1341845825.343650 -0.423048 -0.117407 -0.145587 0.038364 0.006419 0.042420 0.998342
1341845825.379771 -0.423787 -0.126702 -0.150756 0.035087 0.005907 0.044430 0.998379
1341845825.411924 -0.430814 -0.122365 -0.145802 0.036590 0.004888 0.045745 0.998271
1341845825.443786 -0.438508 -0.117607 -0.145503 0.032971 0.003095 0.045125 0.998432
1341845825.480278 -0.422111 -0.129744 -0.170693 0.028579 -0.003678 0.049299 0.998368
1341845825.511636 -0.445345 -0.125655 -0.165974 0.027804 -0.004998 0.050973 0.998300
1341845825.547911 -0.449275 -0.125905 -0.165202 0.025444 -0.007198 0.052584 0.998266
1341845825.579744 -0.448205 -0.132189 -0.166384 0.024186 -0.008669 0.056626 0.998065
1341845825.611784 -0.452948 -0.134956 -0.169070 0.025606 -0.009827 0.059471 0.997853
1341845825.648004 -0.449275 -0.134044 -0.171002 0.026565 -0.010364 0.057980 0.997910
1341845825.679708 -0.458828 -0.137418 -0.173288 0.027694 -0.007175 0.057001 0.997964
1341845825.711937 -0.479458 -0.125386 -0.166575 0.029343 -0.008687 0.055421 0.997994
1341845825.747617 -0.467373 -0.125214 -0.168645 0.027823 -0.012602 0.054558 0.998043
1341845825.779688 -0.472995 -0.125711 -0.164998 0.025010 -0.015260 0.052108 0.998212
1341845825.815954 -0.475512 -0.126801 -0.163615 0.022505 -0.017348 0.049288 0.998380
1341845825.847829 -0.484100 -0.127928 -0.164659 0.020821 -0.017823 0.047227 0.998508
1341845825.879767 -0.487583 -0.129559 -0.159810 0.020331 -0.020808 0.048451 0.998402
1341845825.915646 -0.484665 -0.125412 -0.161280 0.020839 -0.022541 0.049635 0.998296
1341845825.947881 -0.492365 -0.126087 -0.163642 0.019916 -0.021817 0.050347 0.998295
1341845825.979700 -0.493836 -0.128957 -0.165128 0.019262 -0.023530 0.053702 0.998094
1341845826.015845 -0.496053 -0.126272 -0.166539 0.019264 -0.024745 0.054526 0.998020
1341845826.047945 -0.494479 -0.131532 -0.167261 0.018485 -0.025342 0.054257 0.998034
1341845826.079731 -0.508970 -0.127839 -0.166257 0.020194 -0.024841 0.056213 0.997905
1341845826.115655 -0.491838 -0.127445 -0.160138 0.020042 -0.029221 0.056424 0.997778
1341845826.147949 -0.488083 -0.120633 -0.161120 0.021213 -0.028921 0.050849 0.998062
1341845826.183767 -0.499310 -0.127220 -0.174274 0.019069 -0.027870 0.047070 0.998321
1341845826.215780 -0.503278 -0.126129 -0.168905 0.018085 -0.028686 0.047037 0.998317
1341845826.247732 -0.512915 -0.129800 -0.172178 0.017445 -0.028839 0.053219 0.998014
1341845826.283763 -0.518544 -0.130699 -0.170203 0.016454 -0.031056 0.057810 0.997709
1341845826.315658 -0.532091 -0.139592 -0.191523 0.015332 -0.033021 0.059448 0.997567
1341845826.347773 -0.520866 -0.129965 -0.175383 0.015304 -0.035995 0.058984 0.997492
1341845826.383718 -0.527656 -0.130194 -0.159378 0.014254 -0.038533 0.060204 0.997340
1341845826.415712 -0.525147 -0.136045 -0.169630 0.013828 -0.041319 0.061854 0.997134
1341845826.447806 -0.526088 -0.130312 -0.157250 0.015606 -0.043543 0.060834 0.997076
1341845826.483677 -0.523295 -0.137391 -0.181299 0.014404 -0.044137 0.061851 0.997005
1341845826.515677 -0.529336 -0.136245 -0.171666 0.014375 -0.045101 0.065161 0.996751
1341845826.551684 -0.527201 -0.132505 -0.167669 0.013141 -0.045568 0.062540 0.996915
1341845826.583716 -0.530116 -0.135039 -0.171470 0.011487 -0.044723 0.061185 0.997058
1341845826.615875 -0.533350 -0.131957 -0.161529 0.010884 -0.047654 0.065182 0.996675
1341845826.651722 -0.530691 -0.129985 -0.161491 0.011103 -0.048345 0.068844 0.996393
1341845826.683753 -0.551208 -0.106912 -0.128551 0.010694 -0.046755 0.064280 0.996779
1341845826.715643 -0.548423 -0.106278 -0.110164 0.006628 -0.048811 0.062095 0.996854
1341845826.751884 -0.542303 -0.105401 -0.128107 0.003211 -0.048652 0.064425 0.996731
1341845826.783713 -0.552312 -0.096814 -0.105745 0.001580 -0.049357 0.066380 0.996572
1341845826.819713 -0.522167 -0.124344 -0.180135 -0.006907 -0.049635 0.063056 0.996751
1341845826.851701 -0.531125 -0.121977 -0.173160 -0.011066 -0.045702 0.063265 0.996888
1341845826.884460 -0.538103 -0.122893 -0.168340 -0.012045 -0.047041 0.068647 0.996459
1341845826.945792 -0.515772 -0.189580 -0.260475 -0.032762 -0.041994 0.065426 0.996435
1341845826.981873 -0.535666 -0.114455 -0.166658 -0.026131 -0.041269 0.063823 0.996765
1341845827.013745 -0.528009 -0.104562 -0.167714 -0.026417 -0.042859 0.071270 0.996186
1341845827.045694 -0.522424 -0.095928 -0.174768 -0.032850 -0.038542 0.070513 0.996225
1341845827.082458 -0.521491 -0.105377 -0.186226 -0.040432 -0.036166 0.067635 0.996234
1341845827.113645 -0.518481 -0.112922 -0.195590 -0.040828 -0.039374 0.071965 0.995793
1341845827.145773 -0.520844 -0.116738 -0.198205 -0.043721 -0.037035 0.071409 0.995800
1341845827.182474 -0.525576 -0.103518 -0.177797 -0.046663 -0.033473 0.065128 0.996223
1341845827.213974 -0.525164 -0.119320 -0.175505 -0.047163 -0.033775 0.066236 0.996116
1341845827.251751 -0.521175 -0.101283 -0.170688 -0.041730 -0.033678 0.070052 0.996101
1341845827.313888 -0.528763 -0.125317 -0.164094 -0.053965 -0.026210 0.068444 0.995850
1341845827.349700 -0.523044 -0.128375 -0.185715 -0.050431 -0.028966 0.081560 0.994970
1341845827.381963 -0.557779 -0.231429 -0.238324 -0.065765 -0.021388 0.080539 0.994350
1341845827.413850 -0.529926 -0.114529 -0.154605 -0.049730 -0.025426 0.066641 0.996213
1341845827.449725 -0.523708 -0.109536 -0.162998 -0.047000 -0.026380 0.066234 0.996347
1341845827.488394 -0.519270 -0.107730 -0.156283 -0.043530 -0.029072 0.068926 0.996247
1341845827.555964 -0.523260 -0.106570 -0.148731 -0.041883 -0.026020 0.064896 0.996673
1341845827.623688 -0.496840 -0.114992 -0.170823 -0.039234 -0.029281 0.071022 0.996273
1341845827.656212 -0.505352 -0.102977 -0.157803 -0.039779 -0.026981 0.064055 0.996788
1341845827.687624 -0.506797 -0.113472 -0.160035 -0.044192 -0.023848 0.059338 0.996974
1341845827.723697 -0.503965 -0.121797 -0.161610 -0.043608 -0.021966 0.062779 0.996832
1341845827.755778 -0.503559 -0.116498 -0.158809 -0.041392 -0.020949 0.066142 0.996731
1341845827.791657 -0.495198 -0.116881 -0.162014 -0.041673 -0.018428 0.064992 0.996845
1341845827.823845 -0.494097 -0.118447 -0.157975 -0.042013 -0.014868 0.064292 0.996936
1341845827.855606 -0.485096 -0.128506 -0.170072 -0.040954 -0.014628 0.067825 0.996749
1341845827.891685 -0.482260 -0.125042 -0.166985 -0.038171 -0.011608 0.068361 0.996863
1341845827.923824 -0.486942 -0.125256 -0.175035 -0.037825 -0.005828 0.068578 0.996911
1341845827.959777 -0.480318 -0.131198 -0.180537 -0.038272 -0.003761 0.070965 0.996737
1341845827.991672 -0.469842 -0.124489 -0.180041 -0.036092 -0.002577 0.072303 0.996726
1341845828.023726 -0.464028 -0.119479 -0.171334 -0.037284 0.001389 0.071079 0.996773
1341845828.059622 -0.465392 -0.122480 -0.168448 -0.038392 0.005210 0.071797 0.996666
1341845828.091720 -0.465606 -0.123213 -0.168035 -0.038257 0.007644 0.072277 0.996621
1341845828.127612 -0.465430 -0.119561 -0.162685 -0.038214 0.009629 0.072959 0.996556
1341845828.159638 -0.458062 -0.121156 -0.166082 -0.039747 0.011354 0.072689 0.996498
1341845828.191711 -0.451076 -0.121902 -0.167421 -0.039674 0.013076 0.070044 0.996669
1341845828.227644 -0.448632 -0.120002 -0.170493 -0.038188 0.014989 0.070830 0.996644
1341845828.259785 -0.444637 -0.122755 -0.176476 -0.038315 0.017343 0.073811 0.996385
1341845828.291687 -0.445155 -0.121992 -0.166659 -0.036761 0.019498 0.076144 0.996228
1341845828.327803 -0.436322 -0.111516 -0.155429 -0.035051 0.021011 0.075647 0.996297
1341845828.359694 -0.443972 -0.121379 -0.175655 -0.037472 0.023888 0.076164 0.996105
1341845828.395928 -0.443875 -0.115878 -0.154917 -0.036438 0.027370 0.077325 0.995964
1341845828.427803 -0.416755 -0.108283 -0.148582 -0.035798 0.026029 0.076609 0.996078
1341845828.459660 -0.416500 -0.115132 -0.160478 -0.036326 0.027480 0.076769 0.996008
1341845828.495761 -0.395856 -0.098038 -0.143336 -0.033499 0.026825 0.078574 0.995984
1341845828.527686 -0.416720 -0.120313 -0.181876 -0.038445 0.032552 0.077281 0.995736
1341845828.595750 -0.389676 -0.093807 -0.131218 -0.035495 0.031567 0.077119 0.995890
1341845828.654055 -0.397246 -0.110857 -0.158553 -0.039804 0.037806 0.076920 0.995525
1341845828.689681 -0.397380 -0.104682 -0.149984 -0.037888 0.039653 0.076860 0.995532
1341845828.721870 -0.396073 -0.116925 -0.176357 -0.039873 0.039883 0.078414 0.995324
1341845828.757706 -0.389796 -0.117902 -0.174621 -0.040481 0.040497 0.080423 0.995115
1341845828.789650 -0.390676 -0.107824 -0.155846 -0.038577 0.041288 0.082656 0.994975
1341845828.821914 -0.384490 -0.111712 -0.171678 -0.038935 0.039480 0.084939 0.994842
1341845828.857781 -0.378844 -0.114632 -0.175794 -0.040185 0.038808 0.086198 0.994711
1341845828.889770 -0.363067 -0.091942 -0.145143 -0.037470 0.036945 0.086215 0.994886
1341845828.931671 -0.339773 -0.077719 -0.132467 -0.035593 0.032236 0.086734 0.995073
1341845828.989696 -0.339973 -0.077856 -0.129430 -0.033586 0.030767 0.086423 0.995217
1341845829.025626 -0.343146 -0.086385 -0.154492 -0.034765 0.031062 0.084831 0.995304
1341845829.063840 -0.334422 -0.093628 -0.167480 -0.036703 0.030619 0.083126 0.995392
1341845829.089737 -0.320668 -0.070993 -0.135568 -0.033936 0.029422 0.083653 0.995482
1341845829.125754 -0.332973 -0.092078 -0.165460 -0.037013 0.032076 0.082800 0.995362
1341845829.158048 -0.342559 -0.102235 -0.182497 -0.037548 0.036011 0.082256 0.995252
1341845829.193669 -0.341374 -0.103031 -0.176264 -0.035638 0.037995 0.084176 0.995088
1341845829.225742 -0.331584 -0.092579 -0.173545 -0.030824 0.036960 0.084804 0.995235
1341845829.257763 -0.286416 -0.067044 -0.151020 -0.025108 0.029751 0.085959 0.995538
1341845829.293851 -0.274490 -0.067104 -0.148005 -0.022926 0.028152 0.085950 0.995638
1341845829.325861 -0.255994 -0.050890 -0.158110 -0.018546 0.024356 0.083167 0.996065
1341845829.357901 -0.252101 -0.051622 -0.152063 -0.014913 0.020730 0.082833 0.996236
1341845829.393704 -0.237338 -0.055986 -0.153864 -0.014526 0.019005 0.081551 0.996382
1341845829.425831 -0.234537 -0.054054 -0.159312 -0.014516 0.017844 0.079598 0.996562
1341845829.461720 -0.219846 -0.060348 -0.162421 -0.014897 0.014090 0.081294 0.996479
1341845829.493662 -0.228404 -0.055249 -0.143681 -0.008503 0.014021 0.082629 0.996445
1341845829.525846 -0.201542 -0.055571 -0.177291 -0.008320 0.009196 0.082783 0.996490
1341845829.561864 -0.194890 -0.060191 -0.190309 -0.011766 0.008964 0.080544 0.996641
1341845829.593763 -0.195442 -0.064391 -0.172026 -0.012995 0.010752 0.080007 0.996652
1341845829.625785 -0.198132 -0.050299 -0.145139 -0.005762 0.009675 0.080427 0.996697
1341845829.661787 -0.184088 -0.049710 -0.167054 -0.004072 0.006288 0.081505 0.996645
1341845829.693835 -0.177019 -0.062011 -0.197344 -0.008945 0.008084 0.079172 0.996788
1341845829.729747 -0.177387 -0.061852 -0.173944 -0.011206 0.009943 0.073187 0.997206
1341845829.761817 -0.153985 -0.041970 -0.168781 -0.003540 -0.000370 0.073642 0.997278
1341845829.793840 -0.164667 -0.041873 -0.146754 -0.001921 -0.001317 0.072552 0.997362
1341845829.829803 -0.162294 -0.042531 -0.155347 -0.001694 0.000393 0.068429 0.997654
1341845829.861640 -0.150426 -0.049870 -0.183437 -0.003624 -0.003942 0.067115 0.997731
1341845829.897840 -0.143104 -0.040592 -0.147678 -0.000196 -0.009695 0.071129 0.997420
1341845829.929703 -0.152012 -0.032763 -0.136389 0.003297 -0.006253 0.069930 0.997527
1341845829.962023 -0.151489 -0.043248 -0.162441 -0.000070 -0.004860 0.071131 0.997455
1341845829.997954 -0.115654 -0.036427 -0.161186 0.003758 -0.014412 0.075888 0.997005
1341845830.029819 -0.139137 -0.028658 -0.127623 0.010874 -0.009746 0.072949 0.997229
1341845830.061836 -0.157060 -0.053079 -0.186988 0.007324 -0.004388 0.071217 0.997424
1341845830.097885 -0.127041 -0.043941 -0.162858 0.007001 -0.007855 0.072706 0.997298
1341845830.129668 -0.136005 -0.031960 -0.126387 0.014418 -0.006358 0.074972 0.997061
1341845830.165590 -0.140886 -0.020642 -0.134967 0.018367 -0.007332 0.076392 0.996882
1341845830.197779 -0.091241 -0.043865 -0.179431 0.014094 -0.018652 0.084195 0.996175
1341845830.229883 -0.139657 -0.051234 -0.191596 0.015528 -0.008827 0.080856 0.996566
1341845830.265730 -0.138451 -0.058844 -0.218493 0.012468 -0.007997 0.081693 0.996547
1341845830.297873 -0.060562 -0.026477 -0.173772 0.016911 -0.023869 0.088430 0.995653
1341845830.329863 -0.107945 -0.028767 -0.150064 0.019218 -0.015751 0.086370 0.995953
1341845830.365740 -0.117389 -0.060631 -0.226210 0.014591 -0.013065 0.086009 0.996102
1341845830.397779 -0.112310 -0.046414 -0.183998 0.015515 -0.015770 0.085518 0.996091
1341845830.433725 -0.111968 -0.054793 -0.202131 0.015213 -0.012985 0.081682 0.996458
1341845830.465762 -0.083560 -0.022092 -0.151951 0.020076 -0.016329 0.082116 0.996287
1341845830.507859 -0.064686 -0.022452 -0.154900 0.021770 -0.020771 0.085089 0.995919
1341845830.565943 -0.075394 -0.036514 -0.187414 0.020396 -0.010809 0.081141 0.996435
1341845830.597841 -0.074655 -0.041715 -0.186291 0.019393 -0.011769 0.083454 0.996253
1341845830.633627 -0.036321 -0.013659 -0.129665 0.024515 -0.016635 0.085950 0.995859
1341845830.665700 -0.045290 -0.023766 -0.164464 0.023301 -0.012310 0.083348 0.996172
1341845830.701788 -0.022457 -0.018548 -0.158133 0.022771 -0.013827 0.082846 0.996206
1341845830.733901 -0.014313 -0.015929 -0.158883 0.021352 -0.011722 0.078233 0.996638
1341845830.765759 -0.006077 -0.018404 -0.166284 0.018849 -0.010081 0.075230 0.996937
1341845830.801839 -0.003976 -0.014364 -0.146828 0.019051 -0.006920 0.074044 0.997049
1341845830.833774 0.003587 -0.011070 -0.142402 0.021262 -0.005391 0.072952 0.997094
1341845830.865751 0.010016 -0.013782 -0.160513 0.020858 -0.004826 0.071362 0.997221
1341845830.901883 0.016940 -0.017943 -0.165519 0.018639 -0.002168 0.068342 0.997485
1341845830.933811 0.028675 -0.012935 -0.147864 0.020295 -0.002109 0.067913 0.997483
1341845830.969705 0.024867 -0.019456 -0.177788 0.020514 -0.001418 0.066898 0.997548
1341845831.001855 0.032068 -0.016226 -0.176876 0.019198 -0.002103 0.064154 0.997753
1341845831.033886 0.046070 -0.018458 -0.177807 0.018019 -0.002181 0.061718 0.997929
1341845831.069727 0.054770 -0.008236 -0.153974 0.019979 -0.002302 0.061266 0.997919
1341845831.101853 0.061037 -0.005019 -0.155920 0.020730 -0.002660 0.061611 0.997881
1341845831.137817 0.079636 -0.011354 -0.190048 0.018530 -0.001937 0.060882 0.997971
1341845831.169942 0.073226 -0.009564 -0.169680 0.017931 0.000658 0.059070 0.998093
1341845831.201715 0.083534 -0.010644 -0.162238 0.019774 -0.001091 0.061510 0.997910
1341845831.237723 0.085511 -0.001637 -0.153249 0.023012 -0.000480 0.061619 0.997834
1341845831.269903 0.085578 -0.006052 -0.169692 0.021770 -0.000202 0.060873 0.997908
1341845831.301755 0.089865 -0.005845 -0.165019 0.021414 -0.003418 0.060645 0.997924
1341845831.337779 0.092697 -0.006538 -0.158204 0.022480 -0.006846 0.060512 0.997891
1341845831.369742 0.090902 -0.001654 -0.147998 0.023824 -0.008648 0.059453 0.997909
1341845831.405710 0.129463 -0.009831 -0.203374 0.021364 -0.013463 0.059146 0.997930
1341845831.437646 0.136336 -0.012489 -0.201226 0.019766 -0.011563 0.057125 0.998104
1341845831.469752 0.137016 -0.017006 -0.201985 0.020561 -0.011292 0.058121 0.998034
1341845831.505745 0.147675 -0.010734 -0.204045 0.021497 -0.012968 0.057092 0.998053
1341845831.537844 0.156700 -0.005078 -0.204018 0.017856 -0.010136 0.049440 0.998566
1341845831.569610 0.157395 -0.010921 -0.202895 0.015263 -0.007264 0.052141 0.998497
1341845831.605848 0.157528 -0.002693 -0.170084 0.016322 -0.007035 0.052386 0.998469
1341845831.637789 0.164378 0.006833 -0.172592 0.015464 -0.006108 0.051211 0.998549
1341845831.673597 0.176432 0.008964 -0.170986 0.009646 -0.003702 0.049851 0.998703
1341845831.705652 0.172284 -0.005327 -0.189800 0.005672 0.002230 0.052165 0.998620
1341845831.737705 0.188846 0.001593 -0.180918 0.006793 0.002185 0.056877 0.998356
1341845831.773629 0.204204 0.005015 -0.207289 0.006449 0.002193 0.060987 0.998115
1341845831.805810 0.203378 0.002609 -0.214302 0.002840 0.006154 0.059535 0.998203
1341845831.837719 0.212286 0.002725 -0.222214 0.000330 0.005643 0.062772 0.998012
1341845831.873791 0.218780 0.008693 -0.201965 -0.000127 0.005097 0.062359 0.998041
1341845831.905728 0.237526 0.006057 -0.249475 -0.003049 0.005013 0.064831 0.997879
1341845831.941628 0.229526 0.002139 -0.215873 -0.006170 0.009868 0.057794 0.998261
1341845831.973784 0.238742 0.008896 -0.198119 -0.005803 0.011166 0.057496 0.998266
1341845832.005729 0.246484 0.006594 -0.209845 -0.005963 0.012695 0.056588 0.998299
1341845832.041627 0.255466 0.007807 -0.224385 -0.007127 0.015618 0.054747 0.998353
1341845832.073865 0.255557 0.003944 -0.229434 -0.009150 0.018943 0.052733 0.998387
1341845832.109730 0.258982 0.017087 -0.182248 -0.006864 0.018081 0.053415 0.998385
1341845832.141683 0.266548 0.020340 -0.182732 -0.004922 0.017146 0.054570 0.998351
1341845832.173988 0.265026 0.013122 -0.221880 -0.007095 0.020232 0.052332 0.998400
1341845832.209956 0.268814 0.019905 -0.189184 -0.006841 0.018214 0.052882 0.998411
1341845832.241796 0.277927 0.019817 -0.201990 -0.006215 0.015649 0.053796 0.998410
1341845832.273776 0.292525 0.021511 -0.230503 -0.007639 0.015374 0.053278 0.998432
1341845832.309916 0.282751 0.011638 -0.240672 -0.012170 0.018681 0.050749 0.998463
1341845832.341687 0.291556 0.028556 -0.195654 -0.011571 0.016113 0.052437 0.998427
1341845832.377708 0.291576 0.020908 -0.224676 -0.013591 0.016269 0.052963 0.998371
1341845832.409802 0.307564 0.028643 -0.208155 -0.015043 0.013488 0.054378 0.998316
1341845832.442187 0.323889 0.032990 -0.199177 -0.015852 0.010601 0.055056 0.998301
1341845832.477743 0.301595 0.024318 -0.224254 -0.017892 0.015401 0.053774 0.998274
1341845832.509635 0.306088 0.024158 -0.228973 -0.019419 0.014784 0.054841 0.998197
1341845832.541586 0.305718 0.009033 -0.269989 -0.022613 0.017884 0.052253 0.998218
1341845832.577871 0.320686 0.028765 -0.228571 -0.020292 0.015299 0.057582 0.998017
1341845832.609738 0.326811 0.033820 -0.221784 -0.019855 0.014414 0.058288 0.997998
1341845832.645699 0.329364 0.034996 -0.229838 -0.020698 0.015445 0.057807 0.997994
1341845832.677817 0.322836 0.017998 -0.272767 -0.025301 0.017511 0.057297 0.997883
1341845832.710177 0.336849 0.029482 -0.242857 -0.025200 0.017097 0.057984 0.997853
1341845832.745710 0.342821 0.039915 -0.226507 -0.024113 0.016959 0.059994 0.997763
1341845832.777849 0.346646 0.043322 -0.226642 -0.024749 0.018463 0.062059 0.997595
1341845832.810110 0.352577 0.044926 -0.226746 -0.025965 0.019516 0.063205 0.997472
1341845832.845797 0.356093 0.045911 -0.226954 -0.027602 0.021511 0.062942 0.997404
1341845832.877696 0.361437 0.045749 -0.224771 -0.028166 0.022630 0.064573 0.997259
1341845832.913787 0.366156 0.049571 -0.222193 -0.027555 0.022783 0.065440 0.997216
1341845832.945664 0.365888 0.045127 -0.218036 -0.029832 0.025219 0.061908 0.997317
1341845832.978015 0.372187 0.048005 -0.226553 -0.029978 0.025184 0.064111 0.997174
1341845833.045857 0.392919 0.032153 -0.270336 -0.033296 0.025047 0.061978 0.997207
1341845833.077785 0.399488 0.039211 -0.246973 -0.034237 0.026666 0.061097 0.997188
1341845833.113636 0.409145 0.030527 -0.265525 -0.035016 0.027553 0.062031 0.997079
1341845833.145767 0.399264 0.042303 -0.234941 -0.034261 0.031811 0.058927 0.997167
1341845833.181891 0.425962 0.036583 -0.297633 -0.038558 0.032997 0.060661 0.996867
1341845833.213878 0.422264 0.033888 -0.275091 -0.040221 0.033573 0.059710 0.996840
1341845833.245714 0.429055 0.032250 -0.275739 -0.038635 0.031098 0.062191 0.996831
1341845833.281847 0.438165 0.033064 -0.278127 -0.035328 0.031687 0.063325 0.996864
1341845833.313771 0.450978 0.034366 -0.299708 -0.033347 0.033813 0.064964 0.996757
1341845833.349756 0.451558 0.040639 -0.283522 -0.034045 0.034771 0.064223 0.996748
1341845833.381840 0.459936 0.029438 -0.309607 -0.035960 0.038685 0.065454 0.996457
1341845833.414644 0.467737 0.027016 -0.336599 -0.037020 0.040906 0.063067 0.996483
1341845833.449819 0.465227 0.033567 -0.297759 -0.037040 0.040701 0.064246 0.996415
1341845833.488616 0.474341 0.032385 -0.299619 -0.035945 0.040409 0.066119 0.996345
1341845833.549835 0.487514 0.025283 -0.331828 -0.040095 0.039591 0.065932 0.996232
1341845833.581733 0.483580 0.035421 -0.291413 -0.036036 0.038663 0.063820 0.996561
1341845833.617817 0.487449 0.033284 -0.320346 -0.035903 0.038514 0.066514 0.996395
1341845833.649899 0.499340 0.011414 -0.381352 -0.041140 0.036183 0.066830 0.996259
1341845833.681671 0.489683 0.033791 -0.292199 -0.037995 0.037554 0.065633 0.996413
1341845833.717606 0.484216 0.041755 -0.290993 -0.035620 0.036794 0.067380 0.996412
1341845833.752940 0.494607 0.016690 -0.376575 -0.040993 0.032912 0.067852 0.996309
1341845833.817827 0.491639 0.033718 -0.316248 -0.041940 0.034655 0.065805 0.996348
1341845833.849860 0.496956 0.042891 -0.280081 -0.040839 0.032543 0.066857 0.996395
1341845833.885667 0.499118 0.041645 -0.291718 -0.040477 0.034012 0.065098 0.996477
1341845833.917724 0.495414 0.032936 -0.322899 -0.043549 0.035391 0.064454 0.996342
1341845833.949675 0.498692 0.038386 -0.286110 -0.042647 0.034081 0.065432 0.996363
1341845833.985662 0.501406 0.042475 -0.289023 -0.040097 0.035307 0.064692 0.996474
1341845834.018158 0.496515 0.013956 -0.369783 -0.046064 0.036816 0.062802 0.996282
1341845834.049769 0.492932 0.039943 -0.288132 -0.044083 0.035576 0.061924 0.996472
1341845834.085753 0.494213 0.041464 -0.290561 -0.043433 0.035369 0.059630 0.996648
1341845834.153871 0.487681 0.038968 -0.296494 -0.045582 0.037225 0.058933 0.996526
1341845834.185736 0.484004 0.039860 -0.288865 -0.046294 0.038235 0.056906 0.996572
1341845834.217802 0.472075 0.032156 -0.324672 -0.047919 0.039071 0.055405 0.996548
1341845834.253824 0.466716 0.042790 -0.295970 -0.050479 0.038163 0.052696 0.996604
1341845834.285756 0.468288 0.017218 -0.359770 -0.055474 0.034940 0.053189 0.996430
1341845834.321783 0.466874 0.033028 -0.282732 -0.051599 0.035391 0.053354 0.996613
1341845834.355135 0.462176 0.033971 -0.270945 -0.045858 0.036185 0.056907 0.996669
1341845834.385801 0.453836 0.036894 -0.284347 -0.042616 0.037318 0.056754 0.996780
1341845834.421748 0.448114 0.035131 -0.293319 -0.043277 0.038285 0.055187 0.996803
1341845834.453840 0.446967 0.022485 -0.329238 -0.045176 0.036244 0.053757 0.996873
1341845834.485639 0.435466 0.024673 -0.308874 -0.044996 0.035594 0.051690 0.997014
1341845834.521785 0.429873 0.033480 -0.286129 -0.043255 0.035508 0.049089 0.997225
1341845834.553727 0.423240 0.030100 -0.294470 -0.044022 0.035811 0.050015 0.997135
1341845834.589787 0.409655 0.023010 -0.293943 -0.044473 0.034286 0.050643 0.997137
1341845834.621791 0.409402 0.027950 -0.291751 -0.042219 0.031367 0.050964 0.997315
1341845834.653808 0.401813 -0.011431 -0.395984 -0.048979 0.032771 0.047399 0.997136
1341845834.689847 0.400014 -0.006461 -0.388973 -0.051098 0.031276 0.044161 0.997226
1341845834.721856 0.359474 -0.004130 -0.313901 -0.051246 0.032883 0.041404 0.997285
1341845834.753919 0.371155 0.017059 -0.290618 -0.045227 0.028390 0.042911 0.997651
1341845834.789834 0.377406 -0.008923 -0.383889 -0.047488 0.026337 0.044241 0.997544
1341845834.821826 0.365734 -0.009506 -0.375498 -0.048648 0.026878 0.044472 0.997463
1341845834.857804 0.347245 -0.006912 -0.348556 -0.048600 0.025894 0.043673 0.997527
1341845834.889796 0.334913 -0.012493 -0.351276 -0.049191 0.025220 0.042009 0.997587
1341845834.921771 0.344308 -0.016865 -0.368745 -0.048661 0.020970 0.043355 0.997654
1341845834.957942 0.321603 -0.003850 -0.328739 -0.046073 0.019980 0.042434 0.997836
1341845834.989806 0.321972 -0.009308 -0.342158 -0.045824 0.016015 0.041857 0.997944
1341845835.021804 0.306277 -0.006534 -0.324229 -0.044120 0.014766 0.042620 0.998007
1341845835.058003 0.299041 -0.008716 -0.324116 -0.042306 0.012812 0.043068 0.998094
1341845835.089820 0.283409 -0.006642 -0.321425 -0.040644 0.011498 0.043715 0.998151
1341845835.125663 0.279430 -0.007236 -0.331749 -0.040908 0.007329 0.044162 0.998160
1341845835.157750 0.272467 -0.012908 -0.338679 -0.042745 0.004790 0.043471 0.998128
1341845835.189830 0.251756 -0.017901 -0.309022 -0.041117 0.004086 0.043868 0.998182
1341845835.225912 0.243167 -0.015080 -0.307038 -0.037174 0.001410 0.045424 0.998275
1341845835.258001 0.241892 -0.012204 -0.320300 -0.036040 -0.000773 0.044772 0.998347
1341845835.290164 0.242598 -0.019457 -0.339142 -0.037694 -0.003697 0.044241 0.998303
1341845835.325788 0.204787 -0.021976 -0.306608 -0.036321 -0.002918 0.042221 0.998444
1341845835.363902 0.200886 -0.019530 -0.303027 -0.034350 -0.004823 0.041060 0.998554
1341845835.431742 0.176889 -0.023443 -0.317431 -0.034247 -0.009593 0.038623 0.998621
1341845835.493790 0.145652 -0.025002 -0.284244 -0.031080 -0.011506 0.038410 0.998712
1341845835.527633 0.149871 -0.027937 -0.316960 -0.030259 -0.016096 0.040125 0.998607
1341845835.561788 0.127270 -0.026372 -0.309668 -0.031139 -0.017820 0.039725 0.998566
1341845835.594173 0.121233 -0.024031 -0.291863 -0.031751 -0.018093 0.038626 0.998585
1341845835.625859 0.089147 -0.033349 -0.268851 -0.030431 -0.014987 0.035715 0.998786
1341845835.661923 0.079921 -0.031011 -0.269573 -0.025862 -0.017849 0.040587 0.998682
1341845835.693994 0.092190 -0.012792 -0.266237 -0.020532 -0.021368 0.043871 0.998598
1341845835.725724 0.073735 -0.019256 -0.257172 -0.020039 -0.018138 0.041762 0.998762
1341845835.761816 0.049558 -0.033308 -0.261663 -0.019047 -0.017749 0.043944 0.998695
1341845835.793927 0.052189 -0.025591 -0.260032 -0.016225 -0.020787 0.045572 0.998613
1341845835.829809 0.046370 -0.025650 -0.261494 -0.017171 -0.019880 0.044277 0.998674
1341845835.868224 0.029589 -0.035106 -0.263314 -0.017167 -0.018863 0.045585 0.998635
1341845835.903857 0.028074 -0.033150 -0.271343 -0.014169 -0.023090 0.049130 0.998425
1341845835.935727 0.026314 -0.029163 -0.264298 -0.013404 -0.023990 0.048399 0.998450
1341845835.967812 0.018739 -0.034255 -0.261937 -0.013437 -0.021716 0.047961 0.998523
1341845836.003789 0.011493 -0.038026 -0.270191 -0.010323 -0.022434 0.051568 0.998364
1341845836.035920 0.005800 -0.034515 -0.267715 -0.007462 -0.022836 0.051392 0.998390
1341845836.067671 0.000738 -0.034263 -0.266179 -0.007482 -0.021033 0.049834 0.998508
1341845836.104034 0.006229 -0.036297 -0.280647 -0.005887 -0.024106 0.050942 0.998393
1341845836.135769 -0.006350 -0.032598 -0.277159 -0.003270 -0.026894 0.051333 0.998314
1341845836.172097 -0.015732 -0.035687 -0.290851 -0.004325 -0.027871 0.050041 0.998349
1341845836.203642 -0.015995 -0.041114 -0.291180 -0.006102 -0.027233 0.049697 0.998374
1341845836.235687 -0.018476 -0.042522 -0.286967 -0.003838 -0.028915 0.051056 0.998270
1341845836.271774 -0.029932 -0.036005 -0.278334 -0.000063 -0.032176 0.053109 0.998070
1341845836.303797 -0.025028 -0.040374 -0.299656 -0.000266 -0.034358 0.054303 0.997933
1341845836.335742 -0.029869 -0.031757 -0.281025 -0.000664 -0.032634 0.054020 0.998006
1341845836.372549 -0.034749 -0.051248 -0.300159 -0.001277 -0.030305 0.057275 0.997898
1341845836.403992 -0.043389 -0.031619 -0.279706 0.004536 -0.029956 0.060125 0.997731
1341845836.435705 -0.040257 -0.031498 -0.286285 0.005139 -0.028624 0.061114 0.997707
1341845836.471817 -0.050120 -0.027989 -0.286920 0.005855 -0.024660 0.060150 0.997868
1341845836.503945 -0.054903 -0.033654 -0.299764 0.005374 -0.024876 0.061827 0.997762
1341845836.539832 -0.055178 -0.031122 -0.299759 0.005890 -0.026960 0.062437 0.997667
1341845836.571973 -0.058665 -0.037251 -0.311181 0.004250 -0.026434 0.063395 0.997629
1341845836.604373 -0.069775 -0.031252 -0.298232 0.003411 -0.025427 0.062138 0.997738
1341845836.639724 -0.071301 -0.037676 -0.287037 0.001395 -0.026348 0.060723 0.997806
1341845836.672049 -0.070505 -0.045662 -0.291478 0.002835 -0.026812 0.059737 0.997850
1341845836.704020 -0.070145 -0.056436 -0.300073 0.004126 -0.026855 0.060240 0.997814
1341845836.739779 -0.061932 -0.058785 -0.292527 0.009082 -0.028806 0.059089 0.997796
1341845836.771652 -0.059224 -0.064339 -0.292170 0.017463 -0.028236 0.060515 0.997615
1341845836.803601 -0.064003 -0.059613 -0.293799 0.024515 -0.026424 0.062458 0.997397
1341845836.839643 -0.066372 -0.064562 -0.296692 0.027662 -0.027911 0.064333 0.997154
1341845836.871771 -0.063020 -0.072729 -0.292146 0.030252 -0.029311 0.064507 0.997028
1341845836.907663 -0.058400 -0.068443 -0.291704 0.032485 -0.027797 0.066788 0.996851
1341845836.939824 -0.065461 -0.080847 -0.291997 0.032239 -0.025463 0.069562 0.996731
1341845836.971802 -0.063587 -0.077312 -0.292278 0.035054 -0.026850 0.069094 0.996632
1341845837.007714 -0.051164 -0.070688 -0.295208 0.032608 -0.024358 0.069540 0.996749
1341845837.039752 -0.076218 -0.133025 -0.353630 0.020928 -0.014528 0.068539 0.997323
1341845837.071715 -0.077793 -0.148247 -0.353438 0.024405 -0.013955 0.068265 0.997271
1341845837.107691 -0.079983 -0.146459 -0.352465 0.026372 -0.012147 0.069211 0.997179
1341845837.139763 -0.067227 -0.163539 -0.350450 0.025076 -0.009984 0.069193 0.997238
1341845837.171636 -0.066422 -0.170114 -0.355014 0.029194 -0.008384 0.065714 0.997376
1341845837.207675 -0.074212 -0.159736 -0.347785 0.031238 -0.010290 0.062807 0.997484
1341845837.239749 -0.063451 -0.182902 -0.352802 0.027255 -0.011851 0.057525 0.997902
1341845837.275755 -0.064486 -0.196221 -0.348961 0.028038 -0.009609 0.053921 0.998105
1341845837.307686 -0.070201 -0.210549 -0.350231 0.031850 -0.009338 0.058153 0.997756
1341845837.339628 -0.064477 -0.208450 -0.339954 0.037718 -0.012440 0.059602 0.997432
1341845837.375710 -0.057381 -0.214758 -0.344418 0.041564 -0.011605 0.057177 0.997431
1341845837.407709 -0.058799 -0.212596 -0.357798 0.041536 -0.007957 0.053508 0.997671
1341845837.439656 -0.051330 -0.215344 -0.357275 0.035566 -0.006916 0.051767 0.998002
1341845837.475671 -0.058983 -0.237843 -0.345813 0.031420 -0.004349 0.049136 0.998288
1341845837.507973 -0.042981 -0.239903 -0.360628 0.031542 -0.002331 0.049200 0.998288
1341845837.543708 -0.057987 -0.254163 -0.358626 0.026298 0.003655 0.045680 0.998603
1341845837.575706 -0.055617 -0.265508 -0.349032 0.025023 0.005148 0.043025 0.998747
1341845837.607609 -0.051934 -0.271941 -0.346321 0.025860 0.007206 0.041291 0.998786
1341845837.643704 -0.051956 -0.281356 -0.346275 0.027094 0.009908 0.038890 0.998827
1341845837.675706 -0.049671 -0.289262 -0.348418 0.029426 0.011313 0.037313 0.998806
1341845837.711803 -0.048333 -0.289631 -0.353139 0.031311 0.013232 0.035697 0.998784
1341845837.743935 -0.044353 -0.298524 -0.352420 0.030825 0.015471 0.034083 0.998824
1341845837.775698 -0.043944 -0.302828 -0.349901 0.033450 0.017968 0.033769 0.998708
1341845837.811909 -0.043190 -0.296799 -0.362300 0.034721 0.020992 0.033249 0.998623
1341845837.843915 -0.043655 -0.307018 -0.359177 0.031185 0.023539 0.031303 0.998746
1341845837.879790 -0.040546 -0.316260 -0.350253 0.032239 0.025530 0.031257 0.998665
1341845837.911946 -0.044020 -0.320883 -0.350401 0.036304 0.026534 0.033866 0.998414
1341845837.946188 -0.042510 -0.315493 -0.354672 0.039029 0.026033 0.034966 0.998287
1341845837.979709 -0.028601 -0.315664 -0.359816 0.038056 0.027507 0.033386 0.998339
1341845838.041927 -0.047502 -0.320614 -0.353842 0.031718 0.033691 0.027388 0.998553
1341845838.073905 -0.038428 -0.337866 -0.346926 0.030091 0.032309 0.027359 0.998650
1341845838.105792 -0.041752 -0.333883 -0.337895 0.033284 0.033871 0.028280 0.998471
1341845838.141667 -0.043115 -0.339298 -0.350610 0.032496 0.034158 0.027633 0.998506
1341845838.173678 -0.039713 -0.344816 -0.353002 0.029199 0.034569 0.022551 0.998721
1341845838.205767 -0.048562 -0.356252 -0.340640 0.023056 0.037823 0.016967 0.998874
1341845838.241893 -0.039343 -0.344108 -0.339974 0.018450 0.039076 0.014474 0.998961
1341845838.273791 -0.044499 -0.360857 -0.336002 0.015917 0.038560 0.012848 0.999047
1341845838.309852 -0.044898 -0.359329 -0.336155 0.017133 0.036009 0.012937 0.999121
1341845838.341805 -0.040435 -0.367027 -0.333800 0.016378 0.034197 0.016421 0.999146
1341845838.373872 -0.037231 -0.371464 -0.331851 0.018047 0.034073 0.017423 0.999104
1341845838.409713 -0.038291 -0.373049 -0.340896 0.018436 0.033963 0.019192 0.999069
1341845838.441818 -0.033592 -0.375539 -0.337798 0.015513 0.032856 0.021233 0.999114
1341845838.473754 -0.034053 -0.378914 -0.331809 0.013603 0.033357 0.018304 0.999183
1341845838.509713 -0.032473 -0.388656 -0.335219 0.012242 0.034608 0.016475 0.999190
1341845838.541649 -0.036683 -0.392038 -0.328483 0.013104 0.034653 0.015937 0.999186
1341845838.577804 -0.034029 -0.397945 -0.335260 0.015826 0.034316 0.012960 0.999202
1341845838.609807 -0.029752 -0.398058 -0.335793 0.018215 0.035859 0.010643 0.999134
1341845838.641690 -0.032580 -0.401657 -0.337747 0.019558 0.038203 0.010133 0.999027
1341845838.677850 -0.036067 -0.397463 -0.330155 0.020932 0.038821 0.009750 0.998979
1341845838.709635 -0.024245 -0.398216 -0.343977 0.020565 0.038126 0.008154 0.999028
1341845838.745913 -0.003655 -0.380448 -0.348954 0.017511 0.039148 0.005975 0.999062
1341845838.777723 0.008645 -0.395100 -0.358710 0.011479 0.039456 0.008476 0.999119
1341845838.809656 0.035136 -0.352589 -0.304020 0.015020 0.033612 0.006239 0.999303
1341845838.845874 0.026909 -0.352016 -0.293221 0.015543 0.034408 0.005681 0.999271
1341845838.877695 0.016881 -0.406411 -0.370541 0.004075 0.041457 0.007625 0.999103
1341845838.909636 0.039335 -0.379503 -0.330676 0.004470 0.039830 0.001055 0.999196
1341845838.945837 0.045419 -0.366302 -0.300154 0.006536 0.038883 0.000841 0.999222
1341845838.977758 0.052934 -0.367826 -0.302702 0.008070 0.038281 0.002718 0.999231
1341845839.013907 0.043901 -0.386117 -0.325334 0.006436 0.041724 0.000632 0.999108
1341845839.046225 0.048627 -0.376681 -0.325484 0.006545 0.043252 -0.001481 0.999042
1341845839.077750 0.028069 -0.387422 -0.327106 0.002494 0.043966 -0.004283 0.999021
1341845839.113934 0.039350 -0.398898 -0.318315 0.002477 0.040717 -0.002318 0.999165
1341845839.145852 0.044161 -0.394535 -0.324109 0.006149 0.040414 0.000957 0.999164
1341845839.177741 0.054801 -0.395799 -0.329658 0.005425 0.039940 0.001527 0.999186
1341845839.214000 0.055568 -0.406036 -0.324471 0.004948 0.041883 0.000348 0.999110
1341845839.246198 0.054435 -0.407892 -0.330106 0.007446 0.044436 0.002099 0.998982
1341845839.281774 0.058332 -0.401878 -0.328737 0.008427 0.045512 0.003776 0.998921
1341845839.314004 0.063395 -0.418205 -0.343346 0.006573 0.048229 0.000745 0.998814
1341845839.345945 0.058459 -0.420804 -0.342705 0.007408 0.050611 0.000526 0.998691
1341845839.381741 0.059261 -0.415461 -0.335106 0.009973 0.050102 0.005032 0.998682
1341845839.413801 0.069129 -0.425599 -0.342563 0.011152 0.050265 0.006826 0.998650
1341845839.445714 0.067308 -0.421190 -0.349438 0.012895 0.052595 0.005866 0.998515
1341845839.481741 0.078391 -0.430240 -0.374500 0.010498 0.052464 0.006291 0.998548
1341845839.514001 0.075374 -0.429835 -0.352226 0.009148 0.054734 0.004720 0.998448
1341845839.549791 0.072660 -0.429141 -0.346239 0.011354 0.056565 0.005403 0.998320
1341845839.587666 0.071977 -0.423179 -0.352535 0.012753 0.056433 0.006210 0.998306
1341845839.681817 0.070850 -0.422186 -0.354765 0.012257 0.059283 0.005365 0.998152
1341845839.713876 0.079467 -0.422770 -0.349568 0.011290 0.057341 0.005268 0.998277
1341845839.749808 0.082861 -0.420222 -0.349649 0.011447 0.058424 0.005639 0.998210
1341845839.781785 0.081588 -0.414003 -0.351152 0.010868 0.058757 0.006264 0.998193
1341845839.817825 0.087339 -0.428875 -0.368315 0.007505 0.056287 0.006396 0.998366
1341845839.849994 0.085241 -0.413260 -0.353103 0.008007 0.056549 0.006188 0.998349
1341845839.881829 0.089442 -0.434665 -0.386389 0.003242 0.055115 0.005522 0.998459
1341845839.917855 0.061471 -0.415164 -0.355815 0.002885 0.056692 0.004544 0.998377
1341845839.950283 0.058585 -0.411443 -0.353477 0.001336 0.054502 0.004949 0.998501
1341845839.985757 0.057956 -0.405013 -0.349600 -0.000411 0.052593 0.005089 0.998603
1341845840.017660 0.057875 -0.396796 -0.345582 -0.004187 0.051084 0.003277 0.998680
1341845840.049741 0.048560 -0.390222 -0.337872 -0.007932 0.050615 0.003015 0.998682
1341845840.085650 0.045357 -0.386643 -0.324847 -0.010338 0.048281 0.005197 0.998767
1341845840.117698 0.043230 -0.371476 -0.315809 -0.010380 0.046707 0.006704 0.998832
1341845840.149796 0.038900 -0.354932 -0.306908 -0.012406 0.046023 0.006703 0.998841
1341845840.186069 0.042303 -0.375478 -0.333451 -0.019990 0.044837 0.005841 0.998777
1341845840.217657 0.042953 -0.366782 -0.329632 -0.023566 0.045251 0.005957 0.998680
1341845840.253694 0.032982 -0.381689 -0.350283 -0.028195 0.044468 0.008763 0.998574
1341845840.285914 0.035099 -0.372343 -0.342614 -0.029634 0.040877 0.010050 0.998674
1341845840.317753 0.033524 -0.365362 -0.341496 -0.031790 0.039248 0.011258 0.998660
1341845840.353861 0.033135 -0.366310 -0.342395 -0.034704 0.039077 0.011575 0.998566
1341845840.385775 0.028962 -0.374163 -0.361598 -0.038970 0.039941 0.009399 0.998398
1341845840.417676 0.022571 -0.361721 -0.355869 -0.041309 0.039198 0.008032 0.998345
1341845840.453598 0.024735 -0.350947 -0.337277 -0.042615 0.037765 0.009429 0.998333
1341845840.485943 0.023237 -0.337956 -0.324537 -0.042156 0.038178 0.009335 0.998338
1341845840.521810 0.013653 -0.333412 -0.329666 -0.043353 0.038661 0.009804 0.998263
1341845840.553677 0.009703 -0.329196 -0.327719 -0.045716 0.036844 0.011018 0.998214
1341845840.585765 0.013861 -0.322927 -0.314775 -0.046556 0.035056 0.009823 0.998252
1341845840.621850 0.000176 -0.321433 -0.324241 -0.047855 0.036542 0.007100 0.998160
1341845840.653789 -0.005387 -0.327416 -0.340413 -0.052925 0.035765 0.006383 0.997937
1341845840.685850 -0.004508 -0.320448 -0.318202 -0.053080 0.034456 0.003770 0.997989
1341845840.721832 -0.023078 -0.317336 -0.304662 -0.050686 0.035778 0.001262 0.998073
1341845840.753824 -0.031080 -0.312348 -0.305209 -0.047177 0.032883 0.005067 0.998332
1341845840.789783 -0.007859 -0.290994 -0.294664 -0.041953 0.027883 0.007290 0.998704
1341845840.821733 -0.006981 -0.293358 -0.297237 -0.041924 0.029314 0.004844 0.998679
1341845840.853661 -0.021886 -0.281312 -0.298349 -0.040463 0.031326 0.006684 0.998667
1341845840.889737 -0.019009 -0.289305 -0.309106 -0.042052 0.029261 0.008452 0.998651
1341845840.921786 -0.024637 -0.290205 -0.313362 -0.043499 0.030849 0.005824 0.998560
1341845840.957782 -0.029662 -0.291019 -0.328904 -0.046310 0.034361 0.004361 0.998326
1341845840.989777 -0.028478 -0.283221 -0.317542 -0.048044 0.034955 0.005428 0.998219
1341845841.021755 -0.023244 -0.278893 -0.308089 -0.046645 0.034706 0.006822 0.998285
1341845841.057797 -0.015412 -0.259460 -0.284632 -0.040784 0.034946 0.008148 0.998523
1341845841.089861 -0.020940 -0.258997 -0.293042 -0.037924 0.037518 0.005788 0.998559
1341845841.127763 -0.028629 -0.257965 -0.298281 -0.037514 0.038364 0.002621 0.998556
1341845841.189794 -0.035400 -0.255635 -0.303350 -0.034779 0.038131 -0.005120 0.998654
1341845841.225871 -0.033203 -0.247623 -0.301297 -0.030888 0.037320 -0.006915 0.998802
1341845841.257769 -0.035691 -0.239560 -0.303230 -0.027528 0.037327 -0.007945 0.998892
1341845841.289834 -0.035022 -0.230394 -0.309700 -0.026114 0.035993 -0.006137 0.998992
1341845841.325856 -0.034713 -0.231588 -0.330935 -0.028460 0.035668 -0.005042 0.998946
1341845841.357778 -0.041415 -0.231312 -0.322778 -0.030709 0.035599 -0.004928 0.998882
1341845841.389747 -0.058391 -0.224569 -0.289890 -0.028336 0.034269 -0.005330 0.998997
1341845841.425648 -0.051666 -0.214402 -0.277192 -0.022620 0.031050 -0.003660 0.999255
1341845841.457784 -0.044041 -0.205352 -0.276203 -0.013971 0.029274 0.003276 0.999468
1341845841.493636 -0.035811 -0.193317 -0.307180 -0.008609 0.027442 0.010065 0.999536
1341845841.525800 -0.037003 -0.196080 -0.326162 -0.012817 0.027872 0.009966 0.999480
1341845841.557776 -0.038263 -0.190921 -0.321002 -0.015599 0.028341 0.010797 0.999418
1341845841.593697 -0.042813 -0.182833 -0.304110 -0.016415 0.027280 0.013010 0.999408
1341845841.625800 -0.034224 -0.171062 -0.282892 -0.013152 0.024761 0.013922 0.999510
1341845841.657778 -0.036587 -0.161648 -0.280257 -0.010055 0.025300 0.014869 0.999519
1341845841.693890 -0.035201 -0.152127 -0.277677 -0.008538 0.024612 0.017707 0.999504
1341845841.725831 -0.035652 -0.161669 -0.290960 -0.010656 0.023905 0.017304 0.999508
1341845841.761977 -0.038332 -0.160338 -0.296705 -0.010411 0.023958 0.016011 0.999531
1341845841.793705 -0.042745 -0.159116 -0.309392 -0.012838 0.023321 0.016646 0.999507
1341845841.825907 -0.042381 -0.156869 -0.299845 -0.014740 0.021386 0.016579 0.999525
1341845841.862456 -0.053142 -0.153345 -0.277863 -0.013697 0.021124 0.015718 0.999559
1341845841.893840 -0.060309 -0.146419 -0.261413 -0.008587 0.019764 0.017478 0.999615
1341845841.925729 -0.041684 -0.135591 -0.277714 -0.004684 0.015517 0.023182 0.999600
1341845841.961799 -0.048007 -0.131958 -0.269284 -0.005004 0.016333 0.021673 0.999619
1341845841.994063 -0.047441 -0.129875 -0.273042 -0.005660 0.017517 0.018330 0.999663
1341845842.030345 -0.062089 -0.135950 -0.303365 -0.009179 0.018952 0.018841 0.999601
1341845842.061842 -0.062314 -0.135555 -0.284966 -0.010182 0.017498 0.020086 0.999593
1341845842.095648 -0.059125 -0.114785 -0.262818 -0.007700 0.017041 0.020937 0.999606
1341845842.130144 -0.072564 -0.125753 -0.289633 -0.009966 0.019614 0.022521 0.999504
1341845842.168651 -0.068941 -0.112134 -0.277339 -0.009368 0.019010 0.024314 0.999480
1341845842.204415 -0.069508 -0.116366 -0.282300 -0.010066 0.019138 0.025172 0.999449
1341845842.236995 -0.078005 -0.105886 -0.268831 -0.007603 0.018679 0.026470 0.999446
1341845842.298056 -0.064551 -0.087507 -0.252906 -0.002673 0.012627 0.031259 0.999428
1341845842.330531 -0.069288 -0.079691 -0.261973 -0.001001 0.013978 0.031188 0.999415
1341845842.362365 -0.103655 -0.099889 -0.310449 -0.006469 0.017450 0.029758 0.999384
1341845842.399606 -0.093057 -0.091564 -0.291593 -0.008685 0.015355 0.029590 0.999406
1341845842.439754 -0.088733 -0.075893 -0.264695 -0.007404 0.015523 0.029190 0.999426
1341845842.472222 -0.101490 -0.098641 -0.304914 -0.011038 0.017193 0.031288 0.999302
1341845842.506051 -0.088599 -0.068426 -0.253336 -0.007152 0.012987 0.031134 0.999405
1341845842.539739 -0.091798 -0.069636 -0.256167 -0.007477 0.014435 0.029573 0.999430
1341845842.597810 -0.093119 -0.060429 -0.236105 -0.004798 0.013846 0.027785 0.999507
1341845842.671782 -0.095302 -0.056877 -0.264209 -0.002096 0.014266 0.029695 0.999455
1341845842.733828 -0.085200 -0.035407 -0.235302 0.001839 0.010430 0.036706 0.999270
1341845842.772554 -0.104898 -0.027238 -0.254332 0.003740 0.013500 0.037947 0.999182
1341845842.803667 -0.104975 -0.022012 -0.253584 0.001151 0.013294 0.039844 0.999117
1341845842.839779 -0.100730 -0.021501 -0.251626 -0.000118 0.013420 0.039332 0.999136
1341845842.871951 -0.107772 -0.016487 -0.252728 -0.000078 0.015150 0.038277 0.999152
1341845842.903766 -0.111630 -0.007589 -0.247966 -0.001233 0.014592 0.038110 0.999166
1341845842.939694 -0.108498 -0.008939 -0.245938 -0.003994 0.014984 0.037124 0.999190
1341845842.971703 -0.113701 -0.007064 -0.243554 -0.003245 0.015984 0.036813 0.999189
1341845843.003637 -0.122075 -0.000922 -0.250251 -0.002624 0.015138 0.039082 0.999118
1341845843.039687 -0.114275 -0.006970 -0.261930 -0.003923 0.013577 0.041215 0.999050
1341845843.071786 -0.115299 0.006105 -0.247554 -0.002406 0.015522 0.041271 0.999025
1341845843.103725 -0.120157 0.004705 -0.252783 -0.002477 0.014842 0.044119 0.998913
1341845843.139742 -0.118272 0.011939 -0.254128 -0.000394 0.011737 0.044989 0.998918
1341845843.171825 -0.119693 0.020186 -0.256453 -0.001457 0.012527 0.041813 0.999046
1341845843.207907 -0.128407 0.009437 -0.273359 -0.006377 0.014202 0.038685 0.999130
1341845843.240014 -0.132699 0.025629 -0.248094 -0.008058 0.013541 0.036040 0.999226
1341845843.281910 -0.133238 0.025849 -0.245648 -0.008982 0.011444 0.036122 0.999241
1341845843.307930 -0.133279 0.030379 -0.249352 -0.008672 0.010270 0.035884 0.999266
1341845843.339844 -0.127523 0.031590 -0.249546 -0.008300 0.008961 0.038003 0.999203
1341845843.407961 -0.135569 0.042988 -0.260221 -0.004482 0.014399 0.038356 0.999150
1341845843.469698 -0.126518 0.053927 -0.282374 -0.006927 0.016193 0.037416 0.999145
1341845843.501755 -0.143356 0.058358 -0.280113 -0.008299 0.021217 0.038781 0.998988
1341845843.537749 -0.139401 0.061207 -0.274778 -0.008921 0.018218 0.043013 0.998869
1341845843.601912 -0.109447 0.054444 -0.333121 -0.017571 0.015933 0.035846 0.999076
1341845843.637854 -0.114361 0.070461 -0.303853 -0.018250 0.016147 0.035423 0.999075
1341845843.669935 -0.112675 0.075012 -0.288816 -0.018405 0.018396 0.037477 0.998959
1341845843.705705 -0.101221 0.068876 -0.327199 -0.020068 0.019708 0.039457 0.998825
1341845843.738087 -0.102448 0.071965 -0.325028 -0.022149 0.021961 0.041179 0.998665
1341845843.769868 -0.101046 0.074581 -0.323668 -0.020373 0.022474 0.043968 0.998572
1341845843.805741 -0.136417 0.106749 -0.269631 -0.014599 0.030193 0.043644 0.998484
1341845843.837731 -0.128982 0.107414 -0.295061 -0.015940 0.031715 0.043852 0.998407
1341845843.869723 -0.135342 0.111490 -0.269946 -0.016500 0.035568 0.042704 0.998318
1341845843.905817 -0.136926 0.122289 -0.270090 -0.012784 0.036525 0.051268 0.997935
1341845843.937846 -0.134453 0.120761 -0.262376 -0.009922 0.038471 0.049092 0.998004
1341845843.973843 -0.127159 0.123321 -0.282586 -0.008052 0.042347 0.048931 0.997872
1341845844.005877 -0.110416 0.140026 -0.277334 -0.006500 0.041075 0.056774 0.997521
1341845844.037839 -0.103752 0.150897 -0.265956 -0.003075 0.038431 0.054672 0.997760
1341845844.073843 -0.116096 0.131641 -0.336025 -0.007264 0.042071 0.051719 0.997749
1341845844.105844 -0.132082 0.137414 -0.303587 -0.006667 0.047843 0.049530 0.997604
1341845844.137727 -0.138150 0.144555 -0.282976 -0.005541 0.049499 0.048111 0.997599
1341845844.173729 -0.120541 0.138525 -0.334671 -0.004997 0.045686 0.048150 0.997782
1341845844.205772 -0.117014 0.164889 -0.300345 -0.003671 0.046160 0.045349 0.997897
1341845844.241826 -0.189522 0.148199 -0.220039 -0.008275 0.060894 0.036754 0.997433
1341845844.273743 -0.116913 0.152832 -0.331011 0.001335 0.044784 0.052272 0.997627
1341845844.305737 -0.127850 0.161849 -0.335867 0.003142 0.047312 0.053060 0.997465
1341845844.341702 -0.131452 0.173773 -0.336257 0.001440 0.047617 0.050910 0.997566
1341845844.373700 -0.130386 0.175567 -0.335301 -0.002715 0.046961 0.050847 0.997598
1341845844.409780 -0.158903 0.165619 -0.359486 -0.006061 0.051791 0.050707 0.997351
1341845844.441868 -0.131070 0.190998 -0.335098 -0.005312 0.045448 0.054507 0.997464
1341845844.473633 -0.125991 0.196967 -0.333081 -0.007460 0.045874 0.055105 0.997398
1341845844.509732 -0.130421 0.201723 -0.333886 -0.008771 0.047900 0.056514 0.997214
1341845844.541734 -0.135779 0.211748 -0.333286 -0.010560 0.047433 0.057770 0.997147
1341845844.573798 -0.131916 0.213340 -0.332910 -0.014313 0.045572 0.057860 0.997181
1341845844.609774 -0.134414 0.218352 -0.331808 -0.015467 0.046096 0.058188 0.997121
1341845844.641742 -0.122810 0.233109 -0.321797 -0.013131 0.038585 0.064029 0.997115
1341845844.677619 -0.133726 0.249661 -0.284935 -0.007994 0.037368 0.064816 0.997165
1341845844.709820 -0.162201 0.252153 -0.329628 -0.009780 0.040821 0.059767 0.997329
1341845844.741764 -0.134263 0.249682 -0.326910 -0.013454 0.028568 0.067779 0.997201
1341845844.778110 -0.170955 0.250360 -0.323577 -0.016013 0.032031 0.067147 0.997100
1341845844.811162 -0.138979 0.259649 -0.323799 -0.014975 0.020519 0.065631 0.997521
1341845844.842336 -0.146842 0.263404 -0.331345 -0.019465 0.017313 0.061956 0.997739
1341845844.883762 -0.142460 0.266601 -0.315765 -0.020464 0.013478 0.060364 0.997876
1341845844.947016 -0.147655 0.274778 -0.323533 -0.019958 0.003628 0.059210 0.998039
1341845844.977793 -0.146776 0.272356 -0.332440 -0.022336 0.001828 0.054514 0.998261
1341845845.009670 -0.150416 0.277590 -0.318590 -0.022607 0.001879 0.049042 0.998539
1341845845.045698 -0.147097 0.288520 -0.324958 -0.020449 -0.005309 0.049221 0.998564
1341845845.077748 -0.137339 0.293569 -0.328004 -0.021295 -0.007912 0.044910 0.998733
1341845845.109679 -0.178274 0.288522 -0.342283 -0.024528 0.002041 0.040677 0.998869
1341845845.145640 -0.166708 0.290770 -0.336385 -0.025292 -0.001003 0.040261 0.998869
1341845845.177719 -0.131030 0.304195 -0.329439 -0.022487 -0.007937 0.041043 0.998873
1341845845.213604 -0.127069 0.320127 -0.326931 -0.021838 -0.004957 0.039935 0.998951
1341845845.245741 -0.128547 0.319995 -0.324967 -0.024392 -0.003306 0.040017 0.998896
1341845845.277905 -0.129495 0.320140 -0.323849 -0.023612 -0.002794 0.040732 0.998887
1341845845.314159 -0.128331 0.328492 -0.327489 -0.022889 -0.003191 0.040917 0.998895
1341845845.345748 -0.127684 0.331828 -0.324990 -0.025035 -0.002848 0.040243 0.998872
1341845845.381704 -0.130048 0.335064 -0.326635 -0.026148 -0.003322 0.040213 0.998843
1341845845.413648 -0.134275 0.335915 -0.324550 -0.027786 -0.003891 0.040416 0.998789
1341845845.445777 -0.135090 0.345466 -0.327360 -0.026980 -0.006121 0.039515 0.998836
1341845845.481809 -0.132212 0.351512 -0.326036 -0.031322 -0.006952 0.034944 0.998874
1341845845.514332 -0.115967 0.360761 -0.319066 -0.032789 -0.011437 0.031735 0.998893
1341845845.545717 -0.132752 0.356304 -0.320540 -0.034279 -0.010495 0.035634 0.998722
1341845845.581658 -0.156207 0.338606 -0.346023 -0.040990 -0.006890 0.036093 0.998484
1341845845.613959 -0.116415 0.358136 -0.330454 -0.043036 -0.014380 0.034547 0.998372
1341845845.649696 -0.151246 0.368985 -0.329948 -0.045733 -0.006594 0.026794 0.998573
1341845845.682034 -0.154099 0.394628 -0.312429 -0.039371 -0.009825 0.033599 0.998611
1341845845.714232 -0.133613 0.383338 -0.323975 -0.042740 -0.014199 0.031906 0.998476
1341845845.751971 -0.135498 0.387898 -0.323592 -0.048092 -0.012954 0.028963 0.998339
1341845845.787747 -0.136136 0.385152 -0.321777 -0.051273 -0.012432 0.026052 0.998267
1341845845.820616 -0.127322 0.336426 -0.356499 -0.057711 -0.014723 0.034010 0.997645
1341845845.887653 -0.134320 0.404280 -0.320836 -0.052576 -0.012241 0.023656 0.998262
1341845845.949895 -0.134312 0.411525 -0.320850 -0.052776 -0.009581 0.024897 0.998250
1341845845.981855 -0.137083 0.421155 -0.323350 -0.052710 -0.006856 0.025243 0.998267
1341845846.017822 -0.135623 0.408293 -0.331950 -0.055556 -0.006277 0.027296 0.998063
1341845846.049788 -0.139630 0.422569 -0.317894 -0.051769 -0.004786 0.023445 0.998372
1341845846.081697 -0.054313 0.496958 -0.276034 -0.041045 -0.024535 0.033348 0.998299
1341845846.117753 -0.176446 0.427162 -0.327785 -0.055151 0.001419 0.021637 0.998243
1341845846.149729 0.009427 0.586211 -0.225895 -0.026505 -0.039516 0.028478 0.998461
1341845846.185551 -0.141544 0.447214 -0.322526 -0.056112 -0.008199 0.029277 0.997961
1341845846.217670 -0.138979 0.457508 -0.322545 -0.056401 -0.008446 0.029545 0.997935
1341845846.249670 -0.136152 0.460440 -0.324215 -0.060539 -0.008799 0.032201 0.997607
1341845846.285621 -0.140253 0.463433 -0.323738 -0.062600 -0.008754 0.033302 0.997445
1341845846.318706 -0.138150 0.470976 -0.325284 -0.064906 -0.007828 0.031899 0.997351
1341845846.349746 -0.122060 0.473362 -0.321264 -0.067978 -0.010978 0.037601 0.996918
1341845846.385823 -0.139911 0.478577 -0.326483 -0.069801 -0.007311 0.035011 0.996920
1341845846.417804 -0.138313 0.488892 -0.327319 -0.071327 -0.005701 0.034064 0.996855
1341845846.453757 -0.144314 0.487317 -0.328393 -0.075312 -0.004378 0.037239 0.996455
1341845846.485915 -0.141565 0.491630 -0.329602 -0.077346 -0.005876 0.038015 0.996262
1341845846.517804 -0.136705 0.497469 -0.330689 -0.079148 -0.003766 0.036260 0.996196
1341845846.553866 -0.140575 0.495453 -0.332508 -0.084822 -0.002175 0.037142 0.995701
1341845846.585802 -0.138296 0.497554 -0.332525 -0.085704 -0.003425 0.036634 0.995641
1341845846.621952 -0.137866 0.502117 -0.334625 -0.086607 -0.001793 0.034810 0.995633
1341845846.653735 -0.138306 0.496953 -0.335171 -0.090514 -0.001824 0.035175 0.995272
1341845846.687048 -0.135186 0.498513 -0.335077 -0.090433 -0.001680 0.032007 0.995387
1341845846.721930 -0.136238 0.496944 -0.337624 -0.090486 0.000386 0.030416 0.995433
1341845846.755684 -0.137680 0.492819 -0.339329 -0.090639 0.000259 0.031398 0.995389
1341845846.785987 -0.134058 0.487356 -0.337810 -0.089816 -0.000278 0.031008 0.995476
1341845846.821760 -0.133224 0.487860 -0.338504 -0.087740 0.001296 0.028732 0.995728
1341845846.853756 -0.152905 0.418416 -0.353762 -0.098312 0.000318 0.047482 0.994022
1341845846.889724 -0.141702 0.420015 -0.358477 -0.089944 -0.002136 0.041593 0.995076
1341845846.921756 -0.140871 0.412659 -0.358427 -0.086993 -0.001667 0.039847 0.995410
1341845846.953776 -0.142207 0.407060 -0.358323 -0.084247 -0.001112 0.040132 0.995636
1341845846.989607 -0.142580 0.398519 -0.358177 -0.079992 -0.002704 0.041632 0.995922
1341845847.021791 -0.141882 0.393126 -0.357895 -0.074855 -0.003563 0.040493 0.996366
1341845847.053671 -0.143398 0.386206 -0.358315 -0.073460 -0.003655 0.040202 0.996481
1341845847.089677 -0.145453 0.370819 -0.355557 -0.073877 -0.006699 0.037982 0.996521
1341845847.121825 -0.030742 0.512355 -0.299788 -0.041261 -0.033246 0.039988 0.997794
1341845847.157737 -0.165599 0.336976 -0.376813 -0.065837 -0.001512 0.035527 0.997197
1341845847.189613 -0.140585 0.339472 -0.372874 -0.062518 -0.005827 0.037096 0.997337
1341845847.221790 -0.243561 0.375025 -0.399414 -0.050015 0.016021 0.036163 0.997965
1341845847.257718 -0.165609 0.479204 -0.340323 -0.027372 0.001446 0.034377 0.999033
1341845847.289652 -0.059850 0.500884 -0.327279 -0.019701 -0.021828 0.044036 0.998597
1341845847.321777 -0.058741 0.457940 -0.324641 -0.023320 -0.020096 0.040960 0.998686
1341845847.357899 -0.062353 0.582711 -0.301655 0.003218 -0.016454 0.029131 0.999435
1341845847.390176 -0.061120 0.573530 -0.304420 0.004825 -0.016559 0.028165 0.999454
1341845847.425786 -0.058776 0.569503 -0.308111 0.006082 -0.015024 0.025798 0.999536
1341845847.489945 -0.061179 0.548556 -0.312824 0.006574 -0.014556 0.027421 0.999496
1341845847.525805 -0.086104 0.554573 -0.305633 0.009009 -0.011496 0.024260 0.999599
1341845847.557741 -0.064077 0.535944 -0.323666 0.002706 -0.017131 0.020776 0.999634
1341845847.593782 -0.073404 0.531930 -0.330222 0.000320 -0.017070 0.016398 0.999720
1341845847.625656 -0.076590 0.616499 -0.291106 0.021045 -0.013637 -0.002166 0.999683
1341845847.657670 -0.091380 0.591777 -0.307699 0.020125 -0.011603 0.004720 0.999719
1341845847.693751 -0.086797 0.562649 -0.322539 0.016979 -0.012468 0.009298 0.999735
1341845847.725684 -0.101679 0.564087 -0.323402 0.018402 -0.008279 0.009207 0.999754
1341845847.757787 -0.076574 0.584805 -0.307972 0.024360 -0.012241 0.004267 0.999619
1341845847.793826 -0.103119 0.555376 -0.320453 0.021049 -0.010881 0.012306 0.999643
1341845847.825684 -0.094306 0.557520 -0.319122 0.021385 -0.012574 0.009770 0.999645
1341845847.861928 -0.094436 0.543014 -0.325644 0.020555 -0.014127 0.013850 0.999593
1341845847.893697 -0.055326 0.573881 -0.327705 0.026460 -0.022863 0.012432 0.999311
1341845847.925644 -0.072973 0.569623 -0.319026 0.029867 -0.021609 0.011435 0.999255
1341845847.961946 -0.075601 0.561053 -0.321528 0.028451 -0.019884 0.010431 0.999343
1341845847.993685 -0.079770 0.542693 -0.326551 0.026596 -0.020537 0.013028 0.999350
1341845848.025620 -0.126828 0.518019 -0.355060 0.022307 -0.012109 0.014337 0.999575
1341845848.061715 -0.116052 0.522993 -0.345844 0.025606 -0.014193 0.013251 0.999484
1341845848.093689 -0.134822 0.508980 -0.356330 0.023314 -0.012619 0.014739 0.999540
1341845848.132119 -0.092023 0.524113 -0.324360 0.027011 -0.022142 0.010860 0.999331
1341845848.167711 -0.064502 0.519106 -0.335339 0.027462 -0.028242 0.011711 0.999155
1341845848.200502 -0.076509 0.508672 -0.339142 0.025915 -0.025454 0.010747 0.999282
1341845848.232265 -0.076761 0.499509 -0.345397 0.024776 -0.027322 0.011792 0.999250
1341845848.267873 -0.070491 0.497053 -0.344742 0.026478 -0.028610 0.011029 0.999179
1341845848.301135 -0.074770 0.495334 -0.350326 0.025683 -0.026921 0.010493 0.999252
1341845848.335735 -0.076532 0.482095 -0.374775 0.020029 -0.028312 0.011725 0.999330
1341845848.367757 -0.071976 0.484229 -0.350918 0.020716 -0.030668 0.009745 0.999267
1341845848.399644 -0.073423 0.480978 -0.354733 0.020611 -0.031184 0.010406 0.999247
1341845848.435802 -0.063996 0.478961 -0.350949 0.020154 -0.038207 0.012402 0.998990
1341845848.467705 -0.065768 0.463864 -0.375119 0.016905 -0.038998 0.014203 0.998995
1341845848.503759 -0.069534 0.470343 -0.362288 0.017940 -0.032639 0.007960 0.999274
1341845848.536036 -0.064550 0.465300 -0.363048 0.017694 -0.035291 0.012194 0.999146
1341845848.567958 -0.066697 0.462007 -0.362961 0.017935 -0.036034 0.012197 0.999115
1341845848.603657 -0.067032 0.456477 -0.368107 0.016911 -0.035036 0.011416 0.999178
1341845848.635797 -0.062057 0.459162 -0.348715 0.017882 -0.037068 0.011998 0.999081
1341845848.671815 -0.071017 0.434965 -0.369943 0.015891 -0.036767 0.012878 0.999115
1341845848.703677 -0.067077 0.436489 -0.366329 0.021868 -0.036450 0.012739 0.999015
1341845848.735781 -0.069405 0.427226 -0.374720 0.024129 -0.034826 0.015171 0.998987
1341845848.771647 -0.070596 0.424766 -0.375663 0.026566 -0.034941 0.018606 0.998863
1341845848.803783 -0.064643 0.424085 -0.379443 0.028785 -0.034249 0.019373 0.998811
1341845848.839757 -0.083365 0.424222 -0.370278 0.028578 -0.028732 0.023945 0.998892
1341845848.871829 -0.063867 0.423042 -0.376089 0.023047 -0.028326 0.015096 0.999219
1341845848.903622 -0.071264 0.370214 -0.399952 0.019084 -0.022964 0.026499 0.999203
1341845848.940608 -0.067448 0.370550 -0.395766 0.028371 -0.017733 0.029256 0.999012
1341845848.972843 -0.076833 0.392417 -0.365136 0.037709 -0.012880 0.030553 0.998739
1341845849.008613 -0.072867 0.372327 -0.393676 0.036418 -0.010474 0.030776 0.998808
1341845849.072005 -0.021195 0.419832 -0.327941 0.045503 -0.016777 0.026867 0.998462
1341845849.133777 -0.063656 0.376511 -0.387539 0.036886 -0.002287 0.020904 0.999098
1341845849.165908 -0.059172 0.399977 -0.348105 0.041019 0.001471 0.019125 0.998974
1341845849.201651 -0.063210 0.398583 -0.339649 0.043159 0.001748 0.021199 0.998842
1341845849.233648 -0.058245 0.400576 -0.338294 0.043936 0.002016 0.020943 0.998813
1341845849.265690 -0.113833 0.387147 -0.374422 0.039631 0.014371 0.017657 0.998955
1341845849.301701 -0.068769 0.402207 -0.324504 0.040716 0.005704 0.018803 0.998978
1341845849.333730 -0.059165 0.404797 -0.304905 0.040627 0.002032 0.018573 0.999000
1341845849.369727 -0.059826 0.405738 -0.296571 0.039456 0.001563 0.017687 0.999064
1341845849.401811 -0.066995 0.410007 -0.288747 0.040080 0.001568 0.021243 0.998969
1341845849.433692 -0.072053 0.398336 -0.288450 0.039824 0.003124 0.017911 0.999041
1341845849.469648 -0.070409 0.398547 -0.278833 0.038833 0.002861 0.017689 0.999085
1341845849.501641 -0.068305 0.396439 -0.268853 0.038293 0.001498 0.018047 0.999102
1341845849.533689 -0.070611 0.397127 -0.254861 0.038977 0.002883 0.017388 0.999085
1341845849.569780 -0.076413 0.408298 -0.230247 0.039427 0.004031 0.016155 0.999084
1341845849.601759 -0.074505 0.389746 -0.251207 0.034376 0.004160 0.015739 0.999276
1341845849.637837 -0.073320 0.392256 -0.223544 0.036588 0.006508 0.016469 0.999174
1341845849.669719 -0.075771 0.392638 -0.216471 0.036952 0.008425 0.016225 0.999150
1341845849.701927 -0.082696 0.390975 -0.205909 0.036010 0.012328 0.014299 0.999173
1341845849.737804 -0.073601 0.389507 -0.196233 0.036186 0.012855 0.014920 0.999151
1341845849.769688 -0.077258 0.394059 -0.176538 0.037150 0.013566 0.015506 0.999097
1341845849.805874 -0.083028 0.385927 -0.183795 0.035549 0.012593 0.016250 0.999156
1341845849.838002 -0.078463 0.390277 -0.168588 0.036059 0.011719 0.014089 0.999182
1341845849.873756 -0.082996 0.390759 -0.159102 0.033635 0.014240 0.011446 0.999267
1341845849.905773 -0.086055 0.386040 -0.148082 0.032316 0.013738 0.012255 0.999308
1341845849.942380 -0.074306 0.383199 -0.140890 0.033494 0.012548 0.012341 0.999284
1341845849.969808 -0.081514 0.387544 -0.132924 0.033738 0.016967 0.010610 0.999230
1341845850.006040 -0.087743 0.389951 -0.102872 0.033653 0.017668 0.009194 0.999235
1341845850.038041 -0.085344 0.386993 -0.095239 0.033040 0.016513 0.007577 0.999289
1341845850.073843 -0.083881 0.385659 -0.081777 0.034372 0.016815 0.006745 0.999245
1341845850.137727 -0.097388 0.388085 -0.074094 0.032579 0.017251 0.003112 0.999315
1341845850.173748 -0.094746 0.384879 -0.065151 0.030845 0.014249 0.001795 0.999421
1341845850.205888 -0.094253 0.383959 -0.057063 0.030663 0.012903 0.001873 0.999445
1341845850.242190 -0.098178 0.384495 -0.049634 0.030243 0.012065 0.002374 0.999467
1341845850.276369 -0.094670 0.382369 -0.041051 0.029267 0.009637 0.001439 0.999524
1341845850.311979 -0.106464 0.377743 -0.046382 0.027560 0.011313 -0.000506 0.999556
1341845850.343827 -0.108286 0.378510 -0.040143 0.025647 0.010352 -0.002258 0.999615
1341845850.380151 -0.108542 0.372890 -0.030722 0.023730 0.010233 -0.003101 0.999661
1341845850.412359 -0.112138 0.370570 -0.026023 0.024647 0.011982 -0.002610 0.999621
1341845850.447279 -0.112729 0.369554 -0.023356 0.024717 0.013439 -0.000119 0.999604
1341845850.511722 -0.081283 0.373790 0.010707 0.030356 0.009095 0.006556 0.999476
1341845850.573894 -0.087062 0.372993 0.025921 0.032419 0.012492 0.007940 0.999365
1341845850.609794 -0.087857 0.374647 0.030018 0.034360 0.013007 0.007909 0.999294
1341845850.641744 -0.092425 0.368496 0.027663 0.032978 0.013248 0.007242 0.999342
1341845850.673755 -0.087667 0.365593 0.033683 0.034439 0.012447 0.005471 0.999314
1341845850.709784 -0.093616 0.366896 0.039669 0.035052 0.015461 0.004638 0.999255
1341845850.741802 -0.089992 0.363579 0.045365 0.035611 0.013611 0.005720 0.999257
1341845850.777740 -0.091206 0.363255 0.049390 0.035714 0.013165 0.005601 0.999260
1341845850.841900 -0.098784 0.362075 0.053578 0.035446 0.014862 0.005117 0.999248
1341845850.877766 -0.116667 0.347010 0.041314 0.030960 0.018187 0.003948 0.999347
1341845850.909781 -0.097309 0.364905 0.071853 0.034795 0.014889 0.004944 0.999271
1341845850.941758 -0.101208 0.358979 0.069910 0.032181 0.016328 0.004860 0.999337
1341845850.977762 -0.105965 0.361909 0.085434 0.032949 0.016100 0.007499 0.999299
1341845851.009834 -0.096841 0.365052 0.089219 0.033322 0.013629 0.009531 0.999306
1341845851.045751 -0.122048 0.348338 0.070124 0.027652 0.019538 0.009993 0.999377
1341845851.077894 -0.091325 0.362804 0.106622 0.032626 0.013293 0.013527 0.999288
1341845851.109747 -0.096357 0.369692 0.111134 0.034356 0.014030 0.014811 0.999201
1341845851.145889 -0.094012 0.371939 0.116763 0.031601 0.012272 0.012494 0.999347
1341845851.177904 -0.086694 0.370080 0.123057 0.029746 0.011929 0.009783 0.999438
1341845851.209882 -0.099543 0.373149 0.129789 0.028696 0.015086 0.007748 0.999444
1341845851.251733 -0.116727 0.357579 0.121355 0.022892 0.015894 0.006023 0.999593
1341845851.313813 -0.110836 0.374512 0.154687 0.030507 0.017013 0.006679 0.999367
1341845851.345834 -0.076294 0.390785 0.170945 0.035749 0.006679 0.009503 0.999293
1341845851.377718 -0.114353 0.369749 0.158717 0.032578 0.012940 0.012039 0.999313
1341845851.413805 -0.102178 0.368006 0.147054 0.030518 0.010597 0.011468 0.999412
1341845851.445896 -0.061203 0.361361 0.148807 0.025249 -0.000978 0.008100 0.999648
1341845851.478163 -0.091732 0.369459 0.157553 0.027602 0.002289 0.009452 0.999572
1341845851.514640 -0.074595 0.372350 0.156137 0.025620 -0.000878 0.009914 0.999622
1341845851.546201 -0.089013 0.367569 0.161772 0.022135 0.002800 0.010180 0.999699
1341845851.581975 -0.096831 0.369847 0.179509 0.022912 0.004336 0.014076 0.999629
1341845851.616214 -0.093538 0.375293 0.183939 0.026781 0.004358 0.019628 0.999439
1341845851.681977 -0.089444 0.375204 0.193407 0.025755 0.001172 0.021402 0.999438
1341845851.714139 -0.092992 0.378585 0.197341 0.027572 0.002812 0.021592 0.999383
1341845851.745927 -0.089299 0.372190 0.185908 0.025062 -0.000169 0.022326 0.999437
1341845851.781911 -0.069348 0.371966 0.193934 0.024536 -0.005726 0.020528 0.999472
1341845851.813848 -0.072636 0.377131 0.206668 0.026938 -0.003274 0.018627 0.999458
1341845851.849910 -0.079793 0.375612 0.208262 0.026495 -0.001885 0.017178 0.999500
1341845851.881832 -0.083494 0.391443 0.216181 0.033395 -0.001870 0.016883 0.999298
1341845851.913735 -0.077502 0.413062 0.218020 0.041745 0.000140 0.013484 0.999037
1341845851.949904 -0.074060 0.391251 0.206108 0.034743 0.000750 0.010616 0.999340
1341845851.982005 -0.090410 0.407209 0.217763 0.040997 0.004821 0.008613 0.999111
1341845852.017909 -0.073202 0.401049 0.212416 0.040344 0.004604 0.007442 0.999148
1341845852.050012 -0.087413 0.405536 0.207140 0.040515 0.009468 0.009327 0.999091
1341845852.082035 -0.135651 0.416449 0.219910 0.043900 0.022810 0.011929 0.998704
1341845852.121076 -0.080952 0.396970 0.193406 0.039157 0.014860 0.007478 0.999095
1341845852.163838 -0.064230 0.397925 0.197160 0.038550 0.015565 0.006144 0.999117
1341845852.190660 -0.068145 0.394391 0.195915 0.039281 0.019240 0.008087 0.999010
1341845852.223981 -0.070387 0.392495 0.194299 0.038724 0.019872 0.008814 0.999013
1341845852.286726 -0.077766 0.383325 0.170885 0.037397 0.020769 0.009339 0.999041
1341845852.349834 -0.075156 0.379448 0.162189 0.034923 0.016803 0.011879 0.999178
1341845852.385657 -0.095799 0.383230 0.166853 0.036173 0.019229 0.014355 0.999057
1341845852.417731 -0.077446 0.382885 0.152456 0.034110 0.012268 0.014236 0.999241
1341845852.449741 -0.077780 0.375769 0.144810 0.031768 0.012640 0.012643 0.999335
1341845852.485861 -0.082104 0.381651 0.143304 0.032436 0.012455 0.011155 0.999334
1341845852.517876 -0.084449 0.378636 0.137298 0.029142 0.010581 0.009560 0.999474
1341845852.553887 -0.084942 0.375739 0.131081 0.030580 0.008951 0.012681 0.999412
1341845852.617891 -0.093337 0.361419 0.102457 0.024951 0.006814 0.012936 0.999582
1341845852.653840 -0.080060 0.376922 0.105268 0.028329 0.003486 0.012561 0.999514
1341845852.685926 -0.086435 0.378813 0.100810 0.027711 0.004979 0.011750 0.999535
1341845852.717821 -0.074696 0.386328 0.100422 0.029090 -0.000125 0.014572 0.999471
1341845852.753958 -0.094149 0.378730 0.081610 0.027360 0.003768 0.017505 0.999465
1341845852.785766 -0.088305 0.381929 0.072786 0.025914 0.005566 0.017275 0.999499
1341845852.822784 -0.094451 0.389421 0.091703 0.028098 0.005726 0.018706 0.999414
1341845852.885924 -0.076682 0.392241 0.064933 0.027441 0.004018 0.018447 0.999445
1341845852.921581 -0.095744 0.384030 0.040123 0.025598 0.008053 0.018203 0.999474
1341845852.953977 -0.097374 0.370062 0.026876 0.023540 0.009586 0.018029 0.999514
1341845852.989721 -0.097242 0.389552 0.024928 0.030009 0.011360 0.016452 0.999350
1341845853.021716 -0.106657 0.390847 0.016178 0.025638 0.009740 0.013372 0.999534
1341845853.053750 -0.108259 0.385057 0.010849 0.025239 0.008309 0.012885 0.999564
1341845853.089814 -0.109276 0.396277 0.002305 0.026450 0.007968 0.012432 0.999541
1341845853.121864 -0.113276 0.381569 -0.019279 0.020662 0.007213 0.011358 0.999696
1341845853.159690 -0.097771 0.394822 -0.001622 0.026179 0.003850 0.012878 0.999567
1341845853.195824 -0.122651 0.389170 -0.022563 0.025877 0.008444 0.013554 0.999538
1341845853.227731 -0.106622 0.398978 -0.018799 0.026963 0.004136 0.013268 0.999540
1341845853.263703 -0.105250 0.395437 -0.025362 0.027790 0.004488 0.013212 0.999516
1341845853.296490 -0.106133 0.403295 -0.028197 0.031739 0.005347 0.012809 0.999400
1341845853.327753 -0.101848 0.412045 -0.028369 0.034224 0.002429 0.013511 0.999320
1341845853.363891 -0.099041 0.406492 -0.039159 0.034040 0.001415 0.014244 0.999318
1341845853.395726 -0.096700 0.411682 -0.053360 0.036481 0.003177 0.013356 0.999240
1341845853.463774 -0.103002 0.411988 -0.063174 0.036358 0.001810 0.012653 0.999257
1341845853.525799 -0.108160 0.413972 -0.094785 0.034221 0.002293 0.009494 0.999367
1341845853.557770 -0.109729 0.418463 -0.082839 0.036113 0.000361 0.010628 0.999291
1341845853.589705 -0.111354 0.424120 -0.086636 0.037492 0.000568 0.010783 0.999239
1341845853.625908 -0.106754 0.429615 -0.087178 0.038162 -0.001419 0.011146 0.999208
1341845853.657783 -0.117660 0.425720 -0.104927 0.036873 -0.000404 0.011946 0.999248
1341845853.689930 -0.121624 0.427136 -0.110249 0.038959 0.001082 0.013585 0.999148
1341845853.725779 -0.116537 0.434398 -0.116871 0.040598 0.000677 0.014092 0.999076
1341845853.757962 -0.119371 0.431453 -0.127919 0.040105 0.001251 0.016254 0.999062
1341845853.793750 -0.113677 0.436849 -0.130676 0.043023 -0.000110 0.017498 0.998921
1341845853.825783 -0.114622 0.436168 -0.156589 0.042128 0.000071 0.016855 0.998970
1341845853.857700 -0.108316 0.438803 -0.161248 0.042215 -0.002469 0.015982 0.998978
1341845853.893805 -0.099692 0.440263 -0.168914 0.043383 -0.006599 0.014553 0.998931
1341845853.925836 -0.113027 0.436841 -0.200555 0.040291 -0.004175 0.011976 0.999107
1341845853.957735 -0.113545 0.443923 -0.175974 0.040211 -0.002878 0.007198 0.999161
1341845853.993852 -0.118032 0.448614 -0.168005 0.043558 -0.002900 0.010116 0.998995
1341845854.025830 -0.121227 0.450924 -0.182209 0.044981 -0.003800 0.011604 0.998913
1341845854.061903 -0.118597 0.457090 -0.186902 0.042325 -0.002518 0.006971 0.999076
1341845854.093760 -0.126906 0.446958 -0.197834 0.039892 -0.000432 0.005523 0.999189
1341845854.125736 -0.131672 0.455976 -0.194763 0.043230 -0.003461 0.006097 0.999041
1341845854.161837 -0.121360 0.459302 -0.223524 0.042118 -0.007042 0.005718 0.999071
1341845854.193844 -0.120065 0.466778 -0.209470 0.040482 -0.004929 0.003403 0.999162
1341845854.229884 -0.133412 0.473906 -0.184773 0.040703 -0.002946 0.005018 0.999154
1341845854.261692 -0.134440 0.478605 -0.184558 0.040993 -0.005270 0.009334 0.999102
1341845854.293781 -0.132357 0.475394 -0.198247 0.039471 -0.005177 0.011890 0.999137
1341845854.330249 -0.126060 0.478831 -0.226230 0.037646 -0.004198 0.012406 0.999205
1341845854.361687 -0.072163 0.508077 -0.190044 0.040367 -0.013614 0.010660 0.999035
1341845854.393726 -0.051596 0.525234 -0.150348 0.044771 -0.019548 0.012832 0.998724
1341845854.429762 -0.058115 0.510239 -0.203807 0.041266 -0.014802 0.013052 0.998953
1341845854.462072 -0.066752 0.507723 -0.201517 0.039284 -0.010578 0.012527 0.999094
1341845854.497796 -0.070919 0.499602 -0.206176 0.041640 -0.009942 0.016548 0.998946
1341845854.529719 -0.066295 0.509475 -0.211095 0.045004 -0.010288 0.017064 0.998788
1341845854.561884 -0.068965 0.509432 -0.212741 0.042948 -0.008379 0.013589 0.998950
1341845854.597860 -0.072879 0.507316 -0.213544 0.042564 -0.009227 0.009268 0.999008
1341845854.629736 -0.079044 0.518305 -0.194410 0.044795 -0.010134 0.005990 0.998927
1341845854.662835 -0.071117 0.506806 -0.218693 0.042141 -0.010911 0.004817 0.999040
1341845854.697815 -0.071739 0.503845 -0.220670 0.043073 -0.011066 0.005869 0.998993
1341845854.729806 -0.072365 0.502667 -0.223693 0.045528 -0.011740 0.007196 0.998868
1341845854.765688 -0.066788 0.506735 -0.228750 0.047499 -0.013406 0.006051 0.998763
1341845854.797997 -0.073607 0.507432 -0.234640 0.047094 -0.009510 0.000260 0.998845
1341845854.829779 -0.070508 0.507833 -0.236109 0.047327 -0.011068 0.000554 0.998818
1341845854.865670 -0.067153 0.508740 -0.241563 0.047995 -0.013691 -0.001611 0.998752
1341845854.897712 -0.057349 0.513230 -0.256581 0.046901 -0.014340 -0.002213 0.998794
1341845854.930302 -0.062712 0.508454 -0.258966 0.044929 -0.011561 -0.001647 0.998922
1341845854.965801 -0.067019 0.509007 -0.267501 0.045628 -0.011652 0.000913 0.998890
1341845854.997629 -0.052317 0.522729 -0.244021 0.047404 -0.014934 0.000649 0.998764
1341845855.033841 -0.022211 0.523930 -0.252257 0.046568 -0.018230 0.001575 0.998748
1341845855.065777 0.013603 0.541387 -0.232033 0.050196 -0.021952 0.002012 0.998496
1341845855.097795 0.011702 0.547700 -0.243462 0.050029 -0.025772 0.003734 0.998408
1341845855.133841 0.020262 0.547139 -0.246011 0.048047 -0.028839 0.002959 0.998424
1341845855.165831 0.015433 0.547604 -0.245659 0.047202 -0.028610 0.001366 0.998475
1341845855.201780 1.410192 0.525034 0.253527 0.023013 -0.364653 0.057236 0.929098
1341845855.233747 0.013611 0.548998 -0.258395 0.045418 -0.036612 0.001628 0.998296
1341845855.265823 0.015175 0.545222 -0.257910 0.045128 -0.036402 0.001042 0.998317
1341845855.301716 0.009775 0.543524 -0.262819 0.047011 -0.035960 0.003268 0.998242
1341845855.333726 0.009815 0.545614 -0.268150 0.049542 -0.038118 0.007521 0.998016
1341845855.365773 0.014898 0.552107 -0.271730 0.050975 -0.039808 0.008804 0.997867
1341845855.401892 0.013897 0.546872 -0.275361 0.049891 -0.040007 0.011187 0.997890
1341845855.433652 0.008348 0.544217 -0.284425 0.051169 -0.039463 0.013221 0.997822
1341845855.469817 0.012521 0.544187 -0.295591 0.052244 -0.042737 0.016321 0.997586
1341845855.502750 0.014342 0.539374 -0.305486 0.051681 -0.044416 0.016853 0.997533
1341845855.533846 0.008803 0.545053 -0.304664 0.053194 -0.042097 0.011902 0.997625
1341845855.569986 0.004082 0.544698 -0.306183 0.053093 -0.041333 0.009711 0.997687
1341845855.601707 0.008816 0.541989 -0.314934 0.054362 -0.044270 0.010650 0.997483
1341845855.633953 0.003303 0.537730 -0.316091 0.056064 -0.044876 0.010237 0.997366
1341845855.669628 0.001903 0.547733 -0.320306 0.056550 -0.043838 0.004777 0.997425
1341845855.701786 0.019141 0.535310 -0.341075 0.052881 -0.049325 0.005360 0.997367
1341845855.737762 0.002166 0.539299 -0.321623 0.056260 -0.048323 0.005117 0.997233
1341845855.769674 0.002652 0.540152 -0.335848 0.056327 -0.050199 0.005118 0.997136
1341845855.802152 0.000674 0.535409 -0.355430 0.054266 -0.050991 0.004158 0.997215
1341845855.837801 -0.009925 0.534720 -0.334728 0.054581 -0.049523 0.002037 0.997278
1341845855.869788 -0.001605 0.535397 -0.335379 0.056203 -0.050770 0.003051 0.997123
1341845855.901958 -0.005213 0.534832 -0.346937 0.055914 -0.049896 0.003599 0.997182
1341845855.937711 -0.002899 0.534084 -0.345782 0.055963 -0.050367 0.003696 0.997155
1341845855.969840 0.001178 0.534800 -0.343987 0.057043 -0.049616 0.004274 0.997129
1341845856.038077 0.002183 0.536794 -0.346671 0.057239 -0.048708 0.008157 0.997138
1341845856.069815 0.000047 0.542789 -0.353679 0.058785 -0.047564 0.010160 0.997085
1341845856.105773 -0.020738 0.546338 -0.413734 0.054962 -0.043019 0.009937 0.997512
1341845856.137725 -0.006674 0.542646 -0.384822 0.052548 -0.046651 0.012274 0.997453
1341845856.169966 -0.008589 0.546423 -0.401963 0.050841 -0.045481 0.013072 0.997585
1341845856.205833 -0.009684 0.572483 -0.372532 0.051854 -0.043679 0.009426 0.997654
1341845856.237587 0.015329 0.548463 -0.396860 0.046753 -0.049355 0.015517 0.997566
1341845856.273683 -0.005834 0.541913 -0.419298 0.044465 -0.045197 0.016139 0.997858
1341845856.305723 -0.013223 0.549113 -0.415343 0.044773 -0.042480 0.015101 0.997979
1341845856.337653 0.006703 0.562732 -0.392769 0.046365 -0.046387 0.015355 0.997729
1341845856.373714 0.012703 0.568509 -0.394127 0.048736 -0.048819 0.017407 0.997466
1341845856.405678 -0.008937 0.558389 -0.416371 0.047285 -0.045644 0.018091 0.997674
1341845856.441799 -0.007555 0.562361 -0.420257 0.046275 -0.045514 0.014763 0.997782
1341845856.473680 -0.015566 0.548206 -0.427992 0.043729 -0.045154 0.015470 0.997903
1341845856.505768 0.023572 0.569697 -0.379801 0.048184 -0.053827 0.014052 0.997288
1341845856.541718 -0.008745 0.551793 -0.443771 0.042794 -0.046077 0.013699 0.997927
1341845856.573678 -0.016871 0.556298 -0.429562 0.043034 -0.043730 0.011887 0.998045
1341845856.605758 -0.012458 0.564515 -0.420091 0.045665 -0.046097 0.013567 0.997800
1341845856.641782 0.003213 0.558737 -0.421242 0.045501 -0.048294 0.015924 0.997669
1341845856.673977 -0.011812 0.562256 -0.435555 0.046306 -0.042961 0.014794 0.997893
1341845856.709876 -0.017476 0.555470 -0.447272 0.042933 -0.042405 0.015919 0.998051
1341845856.741736 -0.003630 0.567971 -0.417836 0.047896 -0.047130 0.017117 0.997593
1341845856.773960 -0.009206 0.564498 -0.440270 0.048361 -0.043991 0.017244 0.997712
1341845856.809797 -0.021753 0.564924 -0.446797 0.044581 -0.040778 0.014657 0.998066
1341845856.841746 -0.014975 0.563425 -0.442132 0.043878 -0.044042 0.014636 0.997958
1341845856.873762 -0.013222 0.566476 -0.443112 0.043465 -0.043783 0.014498 0.997990
1341845856.915904 -0.014351 0.568740 -0.444809 0.041377 -0.042519 0.013598 0.998146
1341845856.977900 0.010847 0.609519 -0.385185 0.045861 -0.047965 0.017429 0.997643
1341845857.009735 -0.004558 0.573676 -0.432018 0.040157 -0.043676 0.017490 0.998085
1341845857.041737 0.033236 0.620255 -0.360599 0.049160 -0.052112 0.025093 0.997115
1341845857.077896 -0.016981 0.561431 -0.454111 0.039442 -0.040848 0.023338 0.998114
1341845857.109633 -0.009843 0.572381 -0.459888 0.039933 -0.040916 0.019093 0.998182
1341845857.141583 -0.033512 0.530184 -0.542334 0.031051 -0.035271 0.015461 0.998776
1341845857.178255 -0.002140 0.568923 -0.465781 0.038389 -0.039238 0.013361 0.998403
1341845857.209846 -0.004939 0.571499 -0.471351 0.037839 -0.037009 0.011211 0.998535
1341845857.245767 -0.014799 0.560606 -0.488138 0.035716 -0.035946 0.009768 0.998668
1341845857.277737 -0.001899 0.565974 -0.477418 0.038307 -0.037376 0.009858 0.998518
1341845857.309994 -0.002472 0.566766 -0.481302 0.039410 -0.036193 0.009334 0.998524
1341845857.345862 -0.002962 0.570395 -0.485503 0.039335 -0.036015 0.008625 0.998540
1341845857.377787 -0.003782 0.562392 -0.486363 0.038670 -0.035967 0.007792 0.998574
1341845857.413693 -0.004652 0.569353 -0.491617 0.040472 -0.036178 0.008479 0.998490
1341845857.445790 -0.005013 0.570797 -0.492661 0.038461 -0.037240 0.008638 0.998529
1341845857.477853 -0.001124 0.563103 -0.494683 0.037120 -0.038883 0.009714 0.998507
1341845857.513902 0.000958 0.569724 -0.494516 0.039033 -0.037999 0.007646 0.998486
1341845857.545992 -0.000802 0.565963 -0.494352 0.037698 -0.037236 0.007377 0.998568
1341845857.613882 0.007939 0.560955 -0.496905 0.040546 -0.035987 0.009334 0.998486
1341845857.646056 0.010660 0.554024 -0.506438 0.041098 -0.033834 0.013224 0.998495
1341845857.681834 0.020974 0.569021 -0.487627 0.044752 -0.032339 0.010505 0.998419
1341845857.713765 0.023580 0.556508 -0.501347 0.044842 -0.029721 0.013016 0.998467
1341845857.745825 0.019086 0.555705 -0.507110 0.047215 -0.025764 0.013674 0.998459
1341845857.781799 0.022078 0.557609 -0.513827 0.048454 -0.025455 0.014096 0.998402
1341845857.813817 0.029602 0.557012 -0.519796 0.047832 -0.024358 0.012985 0.998474
1341845857.846046 0.029756 0.555210 -0.522193 0.047745 -0.022145 0.012991 0.998530
1341845857.881939 0.032125 0.562222 -0.538669 0.047287 -0.021655 0.012966 0.998562
1341845857.913666 0.034002 0.564928 -0.541376 0.043090 -0.021988 0.009737 0.998782
1341845857.949845 0.033228 0.562410 -0.544774 0.039863 -0.023290 0.009059 0.998893
1341845857.982166 0.034838 0.561964 -0.547439 0.037618 -0.025780 0.008740 0.998921
1341845858.013803 0.037121 0.561643 -0.549918 0.035909 -0.028512 0.010002 0.998898
1341845858.050247 0.031895 0.560645 -0.554130 0.034944 -0.028899 0.010558 0.998916
1341845858.081715 0.033528 0.557974 -0.572765 0.031448 -0.029447 0.010962 0.999011
1341845858.113782 0.038482 0.569760 -0.555735 0.028569 -0.031985 0.009443 0.999035
1341845858.149725 0.038992 0.572282 -0.558964 0.026085 -0.032954 0.009680 0.999069
1341845858.181831 0.039233 0.570219 -0.559099 0.022857 -0.033560 0.010918 0.999116
1341845858.217730 0.037508 0.568846 -0.561483 0.022303 -0.036010 0.012956 0.999019
1341845858.281842 0.043163 0.570778 -0.564895 0.019331 -0.035533 0.007681 0.999152
1341845858.317768 0.037856 0.569443 -0.564661 0.019708 -0.037149 0.007558 0.999087
1341845858.349904 0.042814 0.572044 -0.568266 0.020123 -0.040201 0.007382 0.998962
1341845858.381855 0.024387 0.553300 -0.620145 0.016665 -0.036235 0.006425 0.999184
1341845858.417827 0.028827 0.576953 -0.557949 0.021621 -0.035206 0.002147 0.999144
1341845858.449872 0.038504 0.572377 -0.570855 0.022774 -0.038167 0.004425 0.999002
1341845858.485842 0.044540 0.571599 -0.574765 0.022326 -0.039908 0.003966 0.998946
1341845858.517682 0.044530 0.569208 -0.575033 0.021889 -0.040086 0.002198 0.998954
1341845858.549803 0.038062 0.570777 -0.571514 0.023111 -0.040001 0.000986 0.998932
1341845858.585823 0.045497 0.569292 -0.579200 0.023374 -0.042167 0.001454 0.998836
1341845858.618138 0.053096 0.550488 -0.626966 0.019291 -0.042798 0.002243 0.998895
1341845858.654134 0.046530 0.569256 -0.582289 0.020863 -0.040141 -0.001200 0.998975
1341845858.685756 0.047543 0.560266 -0.598500 0.019324 -0.042382 0.002829 0.998911
1341845858.717690 0.038799 0.565731 -0.599534 0.020571 -0.040693 0.000712 0.998960
1341845858.753674 0.037826 0.564915 -0.616788 0.018553 -0.037546 -0.003052 0.999118
1341845858.785618 0.037243 0.562112 -0.619979 0.014942 -0.036247 -0.000760 0.999231
1341845858.817756 0.050104 0.544224 -0.617942 0.013861 -0.039741 0.003460 0.999108
1341845858.853864 0.042228 0.550993 -0.625125 0.015955 -0.037700 0.002963 0.999157
1341845858.885702 0.053098 0.572427 -0.595743 0.017022 -0.036780 -0.001485 0.999177
1341845858.922000 0.052125 0.566578 -0.594882 0.015548 -0.036822 -0.002470 0.999198
1341845858.954158 0.872200 0.468035 -0.433029 -0.031910 -0.180353 0.160610 0.969876
1341845858.985944 0.873941 0.450586 -0.471568 -0.034963 -0.176090 0.160903 0.970505
1341845859.021830 0.874713 0.422429 -0.509426 -0.041008 -0.172508 0.152083 0.972332
1341845859.053720 0.880723 0.451518 -0.473981 -0.039702 -0.176128 0.154941 0.971286
1341845859.085862 0.881878 0.445474 -0.483484 -0.041342 -0.174957 0.155331 0.971367
1341845859.121873 0.895009 0.426015 -0.504171 -0.046008 -0.174338 0.155279 0.971277
1341845859.153800 0.893451 0.433898 -0.499566 -0.046641 -0.173943 0.153647 0.971577
1341845859.189853 0.882205 0.439897 -0.485734 -0.045436 -0.172693 0.152825 0.971986
1341845859.221654 0.895232 0.427611 -0.500446 -0.047992 -0.172825 0.152966 0.971818
1341845859.253689 0.891560 0.417148 -0.512655 -0.049978 -0.170178 0.150628 0.972550
1341845859.289745 0.887043 0.429123 -0.499005 -0.049203 -0.168914 0.143654 0.973864
1341845859.321911 0.895024 0.428405 -0.501586 -0.050574 -0.169950 0.145234 0.973379
1341845859.353758 0.895611 0.428401 -0.509683 -0.049982 -0.167714 0.143248 0.974091
1341845859.389950 0.912431 0.464715 -0.454502 -0.045338 -0.172272 0.146443 0.973047
1341845859.421715 0.880484 0.494496 -0.427021 -0.040049 -0.166839 0.140004 0.975172
1341845859.457807 0.882724 0.493431 -0.428115 -0.040355 -0.164599 0.137968 0.975830
1341845859.489859 0.892705 0.486157 -0.444985 -0.042108 -0.164131 0.138780 0.975719
1341845859.521735 0.903661 0.485318 -0.437554 -0.042368 -0.163959 0.138247 0.975813
1341845859.557712 0.886169 0.488683 -0.428957 -0.039527 -0.160416 0.137394 0.976641
1341845859.589783 0.897028 0.432793 -0.523263 -0.047508 -0.153669 0.134234 0.977809
1341845859.625646 0.870342 0.444715 -0.484273 -0.044643 -0.149255 0.129885 0.979214
1341845859.657759 0.846147 0.424307 -0.504895 -0.046348 -0.139882 0.127842 0.980786
1341845859.689869 0.846107 0.399386 -0.528399 -0.050404 -0.136557 0.128618 0.980953
1341845859.725812 0.896189 0.484537 -0.431868 -0.038602 -0.150555 0.141811 0.977616
1341845859.757824 0.899896 0.489326 -0.434001 -0.036209 -0.148435 0.141806 0.978032
1341845859.789818 0.896772 0.485506 -0.435057 -0.035528 -0.145407 0.141755 0.978519
1341845859.825831 0.867473 0.351884 -0.496664 -0.046732 -0.134453 0.122504 0.982207
1341845859.857647 0.898373 0.487545 -0.436113 -0.029035 -0.145171 0.145648 0.978197
1341845859.893646 0.900982 0.491903 -0.439892 -0.028327 -0.144001 0.145498 0.978413
1341845859.925740 0.895545 0.489731 -0.439121 -0.028713 -0.143160 0.143297 0.978850
1341845859.957775 0.852758 0.380721 -0.499173 -0.038599 -0.131938 0.126987 0.982332
1341845859.993847 0.892287 0.481751 -0.433721 -0.024698 -0.145643 0.141175 0.978901
1341845860.025774 0.900319 0.506375 -0.432589 -0.020488 -0.148116 0.140517 0.978722
1341845860.057745 0.888692 0.484059 -0.435965 -0.020599 -0.150067 0.138818 0.978665
1341845860.093794 0.892772 0.483786 -0.437953 -0.019190 -0.153959 0.138166 0.978181
1341845860.125763 0.893270 0.480009 -0.434364 -0.017040 -0.155606 0.137334 0.978078
1341845860.161703 0.927841 0.514877 -0.417512 -0.012113 -0.164156 0.139754 0.976409
1341845860.193724 0.933117 0.538700 -0.404633 -0.008292 -0.172162 0.145212 0.974272
1341845860.225730 0.892981 0.475794 -0.436790 -0.009284 -0.165669 0.133069 0.977118
1341845860.261716 0.891821 0.478475 -0.441314 -0.006349 -0.167381 0.130381 0.977212
1341845860.294553 0.887076 0.468978 -0.439943 -0.003753 -0.171155 0.128321 0.976845
1341845860.325872 0.926054 0.524405 -0.435272 0.006679 -0.181447 0.128180 0.974988
1341845860.361673 0.856528 0.366432 -0.534631 -0.008688 -0.163540 0.106839 0.980696
1341845860.393714 0.857081 0.362954 -0.538297 -0.005844 -0.166055 0.106922 0.980285
1341845860.429768 0.855891 0.369400 -0.545011 -0.004191 -0.169058 0.106058 0.979874
1341845860.461780 0.856677 0.368578 -0.539824 -0.004057 -0.172919 0.105437 0.979268
1341845860.493718 0.858542 0.369244 -0.539313 -0.003517 -0.174827 0.106379 0.978829
1341845860.529831 0.860093 0.371175 -0.544164 -0.003286 -0.176832 0.107442 0.978354
1341845860.567950 0.860303 0.376194 -0.544437 -0.004016 -0.178608 0.107405 0.978032
1341845860.604131 0.879951 0.334656 -0.579927 -0.010964 -0.182789 0.117508 0.976043
1341845860.638227 0.865230 0.327992 -0.582860 -0.012642 -0.181692 0.115051 0.976520
1341845860.668441 0.872853 0.340466 -0.575752 -0.011560 -0.184584 0.114886 0.976010
1341845860.706028 0.880561 0.346579 -0.560804 -0.009470 -0.187286 0.116336 0.975346
1341845860.736338 0.799319 0.381169 -0.534792 -0.005355 -0.177167 0.101897 0.978877
1341845860.772400 0.869435 0.344994 -0.556631 -0.011907 -0.192161 0.119337 0.974008
1341845860.803824 0.874564 0.343867 -0.566953 -0.012392 -0.193761 0.120469 0.973545
