# timestamp tx ty tz qx qy qz qw
1341846313.654000 0.000000 0.000000 0.000000 0.000000 0.000000 0.000000 1.000000
1341846313.686000 0.003743 0.002409 -0.003663 0.001499 -0.001687 -0.000228 0.999997
1341846313.722000 0.007076 0.003120 -0.007528 0.001257 -0.002336 0.000504 0.999996
1341846313.754000 0.016218 0.001191 -0.011057 0.000545 -0.003208 0.002247 0.999992
1341846313.790000 0.022692 0.002079 -0.008319 0.001836 -0.003963 0.000933 0.999990
1341846313.822000 0.020367 0.003811 -0.011162 0.001984 -0.001576 0.000209 0.999997
1341846313.854000 0.011781 0.004333 -0.013205 0.001493 0.003154 -0.000568 0.999994
1341846313.890000 0.006916 0.005213 -0.008411 0.001413 0.006465 -0.000835 0.999978
1341846313.922000 -0.005028 0.007381 -0.014308 -0.000460 0.009141 0.000073 0.999958
1341846313.958000 -0.011990 0.008618 -0.011103 -0.001895 0.014822 0.001458 0.999887
1341846313.990000 -0.037096 0.010875 -0.015662 -0.002437 0.026082 0.001714 0.999655
1341846314.022000 -0.053253 0.013301 -0.020837 -0.004219 0.030301 0.002312 0.999529
1341846314.058000 -0.061996 0.015033 -0.018842 -0.006807 0.034058 0.004243 0.999388
1341846314.090000 -0.089768 0.009901 -0.012103 -0.006831 0.045773 0.005379 0.998914
1341846314.122000 -0.099270 -0.006527 -0.018239 -0.011726 0.051215 0.008666 0.998581
1341846314.158000 -0.105320 -0.008930 -0.013701 -0.014121 0.055553 0.010237 0.998303
1341846314.190000 -0.117097 -0.009661 -0.013965 -0.013955 0.062125 0.011051 0.997910
1341846314.226000 -0.121990 -0.009275 -0.020914 -0.016304 0.064590 0.012731 0.997697
1341846314.258000 -0.126281 -0.009252 -0.016632 -0.017678 0.067808 0.013104 0.997456
1341846314.290000 -0.134606 -0.001685 -0.019161 -0.014799 0.070897 0.010746 0.997316
1341846314.326000 -0.156269 -0.020246 -0.028990 -0.019388 0.072615 0.010226 0.997119
1341846314.358000 -0.162174 -0.020025 -0.018039 -0.020061 0.076962 0.010313 0.996779
1341846314.390000 -0.164322 -0.014654 -0.009290 -0.017464 0.081519 0.008625 0.996481
1341846314.428000 -0.188753 -0.031667 -0.033464 -0.020459 0.082570 0.006996 0.996351
1341846314.494000 -0.192533 -0.030492 -0.026466 -0.018586 0.094747 -0.001576 0.995327
1341846314.526000 -0.196706 -0.032327 -0.041841 -0.019004 0.095573 -0.002650 0.995237
1341846314.558000 -0.201385 -0.028409 -0.035394 -0.019331 0.100176 -0.002186 0.994779
1341846314.594000 -0.223867 -0.029490 -0.033812 -0.017940 0.108776 -0.002657 0.993901
1341846314.626000 -0.229828 -0.026443 -0.050821 -0.017088 0.112659 -0.002396 0.993484
1341846314.658000 -0.215630 -0.025040 -0.050747 -0.018933 0.112961 -0.002972 0.993415
1341846314.694000 -0.198727 -0.033300 -0.038962 -0.019804 0.115951 -0.004334 0.993048
1341846314.726000 -0.235643 -0.030360 -0.031889 -0.016508 0.125428 -0.006601 0.991943
1341846314.762000 -0.201046 -0.043875 -0.038520 -0.013162 0.120764 0.003835 0.992587
1341846314.794000 -0.209778 -0.044218 -0.037872 -0.010353 0.123922 0.006056 0.992220
1341846314.826000 -0.222565 -0.035067 -0.041784 -0.006601 0.130689 0.004754 0.991390
1341846314.862000 -0.298482 -0.043101 -0.052913 -0.007767 0.149705 0.007758 0.988670
1341846314.894000 -0.179794 -0.043692 -0.071595 -0.007915 0.129233 0.008120 0.991549
1341846314.926000 -0.202964 -0.040692 -0.055921 -0.007321 0.138022 0.009267 0.990359
1341846314.962000 -0.155752 -0.033956 -0.054811 -0.009647 0.132969 0.015042 0.990959
1341846314.995000 -0.151595 -0.037289 -0.058993 -0.013489 0.133493 0.015885 0.990831
1341846315.030000 -0.150279 -0.042227 -0.063697 -0.014486 0.137774 0.014758 0.990248
1341846315.062000 -0.140370 -0.035381 -0.051958 -0.013416 0.139711 0.015574 0.989979
1341846315.094000 -0.140127 -0.041058 -0.054380 -0.014236 0.139152 0.017006 0.990023
1341846315.130000 -0.137200 -0.035962 -0.054578 -0.011627 0.139774 0.014828 0.990004
1341846315.162000 -0.153645 -0.025964 -0.071892 -0.013440 0.141933 0.016486 0.989648
1341846315.198000 -0.154875 -0.019059 -0.075450 -0.017802 0.140364 0.015596 0.989817
1341846315.230000 -0.143899 -0.022849 -0.072904 -0.022784 0.138453 0.009949 0.990057
1341846315.262000 -0.156291 -0.018040 -0.082249 -0.024478 0.138058 0.011287 0.990057
1341846315.298000 -0.142970 -0.034478 -0.081172 -0.029177 0.133048 0.015538 0.990558
1341846315.330000 -0.142225 -0.050887 -0.081832 -0.029613 0.132495 0.016564 0.990603
1341846315.362000 -0.153490 -0.036387 -0.084511 -0.022057 0.134335 0.016281 0.990557
1341846315.398000 -0.146585 -0.023049 -0.079885 -0.017799 0.134178 0.017530 0.990642
1341846315.430000 -0.153593 -0.030596 -0.071501 -0.017666 0.138957 0.018734 0.989964
1341846315.466000 -0.145420 -0.022709 -0.068646 -0.015444 0.141838 0.018111 0.989604
1341846315.498000 -0.129916 -0.009404 -0.078388 -0.013407 0.142596 0.023009 0.989423
1341846315.530000 -0.127939 -0.009915 -0.075314 -0.013434 0.144023 0.023875 0.989195
1341846315.566000 -0.125950 -0.007207 -0.074379 -0.013828 0.145644 0.024668 0.988933
1341846315.598000 -0.123256 -0.007681 -0.070646 -0.014033 0.146966 0.024120 0.988748
1341846315.630000 -0.120348 -0.005406 -0.070253 -0.013626 0.147772 0.022561 0.988670
1341846315.666000 -0.119655 0.001602 -0.079984 -0.013632 0.148911 0.021121 0.988531
1341846315.698000 -0.144002 0.018561 -0.069085 -0.015877 0.156780 0.016748 0.987364
1341846315.734000 -0.161643 -0.017892 -0.051956 -0.023758 0.163209 0.021608 0.986069
1341846315.766000 -0.194775 -0.016656 -0.047917 -0.023922 0.166152 0.019599 0.985615
1341846315.798000 -0.212955 -0.012511 -0.048452 -0.023796 0.169416 0.021687 0.985019
1341846315.834000 -0.215210 0.022423 -0.068803 -0.015352 0.167403 0.016890 0.985624
1341846315.867000 -0.227052 0.028111 -0.065467 -0.012126 0.170400 0.014887 0.985188
1341846315.898000 -0.263883 0.030666 -0.065493 -0.010464 0.177097 0.013966 0.984039
1341846315.937000 -0.260273 0.034817 -0.079601 -0.007086 0.176820 0.011833 0.984147
1341846315.967000 -0.254228 0.027298 -0.055543 -0.005338 0.177311 0.010296 0.984087
1341846316.034000 -0.253904 0.043510 -0.055235 0.000103 0.175622 0.006219 0.984438
1341846316.066000 -0.262068 0.043516 -0.051797 0.002572 0.175951 0.006380 0.984375
1341846316.102000 -0.274500 0.044791 -0.054717 0.004067 0.175403 0.006782 0.984465
1341846316.134000 -0.289078 0.047987 -0.050525 0.003358 0.173840 0.004753 0.984757
1341846316.202000 -0.306486 0.042119 -0.035501 0.002733 0.170772 0.000814 0.985306
1341846316.234000 -0.310811 0.043697 -0.037967 0.003167 0.169792 -0.000372 0.985475
1341846316.270000 -0.323069 0.040424 -0.033774 0.000900 0.171741 -0.003822 0.985134
1341846316.302000 -0.336883 0.034250 -0.020447 0.000557 0.173989 -0.006120 0.984728
1341846316.334000 -0.340712 0.035485 -0.017743 0.002574 0.172672 -0.004613 0.984965
1341846316.370000 -0.350022 0.034393 -0.012492 0.004416 0.172417 -0.004197 0.985005
1341846316.402000 -0.360623 0.036433 -0.010996 0.006389 0.172189 -0.003101 0.985038
1341846316.438000 -0.349147 0.037796 0.000765 0.008693 0.170457 -0.000349 0.985327
1341846316.470000 -0.360401 0.035691 0.010788 0.012000 0.171078 0.002335 0.985182
1341846316.502000 -0.353801 0.047344 0.010587 0.015342 0.166766 0.006402 0.985856
1341846316.538000 -0.344196 0.044227 0.000769 0.012432 0.161806 0.006266 0.986724
1341846316.570000 -0.338443 0.041619 0.015683 0.012014 0.161153 0.005185 0.986843
1341846316.602000 -0.347013 0.041712 0.017540 0.014128 0.161229 0.003837 0.986809
1341846316.638000 -0.355016 0.038690 0.019702 0.016320 0.160138 0.005278 0.986946
1341846316.670000 -0.331572 0.037560 0.022831 0.018233 0.155414 0.004672 0.987670
1341846316.706000 -0.320061 0.049939 0.030040 0.025210 0.153218 0.004658 0.987860
1341846316.738000 -0.327041 0.053967 0.023224 0.027978 0.152157 0.008384 0.987925
1341846316.770000 -0.333772 0.044861 0.029042 0.024884 0.151957 0.009684 0.988026
1341846316.806000 -0.353092 0.039156 0.039689 0.025199 0.154376 0.007865 0.987660
1341846316.838000 -0.299145 0.057037 0.036065 0.029090 0.144357 0.007229 0.989072
1341846316.870000 -0.300741 0.054389 0.040154 0.029400 0.140416 0.008768 0.989617
1341846316.906000 -0.300216 0.055707 0.042218 0.030498 0.136669 0.008588 0.990110
1341846316.938000 -0.287930 0.061106 0.021458 0.031080 0.132551 0.007402 0.990661
1341846316.974000 -0.310057 0.059241 0.027927 0.029863 0.133365 0.006579 0.990595
1341846317.006000 -0.289861 0.068952 0.029539 0.030650 0.125692 0.007220 0.991570
1341846317.038000 -0.303972 0.063169 0.033137 0.030182 0.124979 0.006831 0.991677
1341846317.074000 -0.312528 0.061472 0.040479 0.031240 0.123714 0.007037 0.991801
1341846317.106000 -0.314649 0.059773 0.047911 0.033755 0.120997 0.009993 0.992028
1341846317.138000 -0.309030 0.060572 0.042193 0.036684 0.113288 0.012957 0.992800
1341846317.174000 -0.335529 0.061978 0.041090 0.037908 0.109764 0.016132 0.993103
1341846317.206000 -0.317412 0.064548 0.040163 0.038275 0.101911 0.016465 0.993921
1341846317.248000 -0.351684 0.055044 0.045240 0.037978 0.105145 0.017769 0.993573
1341846317.306000 -0.360358 0.059856 0.045387 0.040125 0.096587 0.021340 0.994286
1341846317.348000 -0.376942 0.053746 0.050126 0.040475 0.099696 0.021293 0.993966
1341846317.410000 -0.396044 0.056897 0.047760 0.042586 0.099298 0.026714 0.993787
1341846317.443000 -0.406488 0.046002 0.050963 0.043711 0.100252 0.027516 0.993621
1341846317.474000 -0.405644 0.055493 0.049495 0.051746 0.098783 0.032064 0.993245
1341846317.510000 -0.417515 0.061751 0.048989 0.054738 0.096698 0.034874 0.993195
1341846317.542000 -0.418964 0.062775 0.043054 0.053861 0.093235 0.036191 0.993527
1341846317.574000 -0.409815 0.059469 0.054885 0.053635 0.092528 0.035882 0.993617
1341846317.610000 -0.426049 0.052255 0.056567 0.055339 0.095169 0.034846 0.993311
1341846317.644000 -0.439647 0.061283 0.054275 0.058970 0.095286 0.037853 0.992980
1341846317.678000 -0.446177 0.056291 0.054524 0.059165 0.091526 0.040036 0.993237
1341846317.710000 -0.444806 0.055910 0.051410 0.061578 0.088123 0.039574 0.993417
1341846317.742000 -0.447297 0.063027 0.038744 0.062168 0.086371 0.040303 0.993504
1341846317.778000 -0.449004 0.061021 0.038970 0.059945 0.084950 0.039240 0.993806
1341846317.810000 -0.433933 0.059649 0.040052 0.059342 0.078860 0.037620 0.994407
1341846317.842000 -0.426906 0.066035 0.028195 0.059228 0.074606 0.036370 0.994788
1341846317.878000 -0.411626 0.066936 0.024317 0.056838 0.070951 0.033381 0.995300
1341846317.910000 -0.396560 0.065229 0.024421 0.056017 0.069039 0.030512 0.995573
1341846317.946000 -0.401704 0.070026 0.047494 0.058438 0.070355 0.031890 0.995298
1341846317.978000 -0.397226 0.067005 0.056175 0.059980 0.067063 0.031981 0.995431
1341846318.010000 -0.365908 0.060648 0.021093 0.060842 0.060896 0.030741 0.995814
1341846318.046000 -0.367315 0.064683 0.008871 0.061364 0.060959 0.030470 0.995786
1341846318.078000 -0.337562 0.066590 0.001793 0.060649 0.054525 0.028707 0.996255
1341846318.110000 -0.357173 0.064379 0.011643 0.059945 0.056092 0.026713 0.996266
1341846318.146000 -0.378696 0.065205 0.021090 0.059345 0.053233 0.024692 0.996511
1341846318.178000 -0.378340 0.065700 0.024438 0.058889 0.053048 0.022074 0.996610
1341846318.214000 -0.378437 0.066769 0.023923 0.060243 0.050039 0.021429 0.996698
1341846318.246000 -0.383171 0.071830 0.031222 0.064269 0.044558 0.022783 0.996677
1341846318.278000 -0.396073 0.068553 0.034612 0.067201 0.041699 0.022732 0.996609
1341846318.314000 -0.405510 0.069633 0.040059 0.069318 0.035866 0.022001 0.996707
1341846318.346000 -0.390048 0.070019 0.009121 0.070020 0.022648 0.019918 0.997090
1341846318.382000 -0.393676 0.076608 0.023188 0.072911 0.015731 0.019218 0.997029
1341846318.414000 -0.397918 0.084997 0.015967 0.076030 0.007734 0.021046 0.996853
1341846318.446000 -0.401824 0.082931 0.023272 0.077825 0.001707 0.021339 0.996737
1341846318.482000 -0.402559 0.085743 0.021933 0.079390 -0.001193 0.021516 0.996611
1341846318.514000 -0.415806 0.082037 0.022796 0.079070 -0.001945 0.022311 0.996618
1341846318.546000 -0.431792 0.077663 0.030235 0.080090 -0.002201 0.021634 0.996550
1341846318.582000 -0.438837 0.083007 0.028144 0.081862 -0.002035 0.021889 0.996401
1341846318.614000 -0.451526 0.082154 0.024395 0.081151 -0.002086 0.020952 0.996479
1341846318.650000 -0.462500 0.082101 0.032187 0.080731 -0.002343 0.017792 0.996574
1341846318.682000 -0.465697 0.082648 0.021630 0.080239 -0.003660 0.016057 0.996640
1341846318.714000 -0.480494 0.082022 0.026196 0.079843 -0.004087 0.015543 0.996678
1341846318.750000 -0.505440 0.078018 0.038268 0.080465 -0.003278 0.016525 0.996615
1341846318.782000 -0.524513 0.081071 0.039156 0.082497 -0.002989 0.018173 0.996421
1341846318.814000 -0.550757 0.079633 0.044934 0.081975 -0.006500 0.015630 0.996491
1341846318.850000 -0.573856 0.078240 0.052100 0.082568 -0.010297 0.013185 0.996445
1341846318.884000 -0.583277 0.075564 0.060085 0.085281 -0.018763 0.009898 0.996131
1341846318.918000 -0.610616 0.076581 0.056217 0.087437 -0.026775 0.009446 0.995765
1341846318.950000 -0.659303 0.073586 0.063223 0.089293 -0.031999 0.005438 0.995476
1341846318.982000 -0.667886 0.074240 0.054425 0.090432 -0.035675 0.002849 0.995259
1341846319.018000 -0.686907 0.070543 0.030574 0.089298 -0.040954 0.002892 0.995158
1341846319.051000 -0.712324 0.063000 0.057099 0.090834 -0.045518 0.000635 0.994825
1341846319.082000 -0.731773 0.063702 0.058668 0.096197 -0.044150 -0.002811 0.994379
1341846319.118000 -0.768302 0.073364 0.047703 0.099401 -0.041839 0.002431 0.994164
1341846319.150000 -0.794611 0.071204 0.053121 0.101458 -0.044793 0.008477 0.993795
1341846319.186000 -0.825249 0.073706 0.047705 0.103027 -0.045626 0.012023 0.993559
1341846319.218000 -0.857321 0.076259 0.046132 0.099620 -0.038561 0.011966 0.994206
1341846319.250000 -0.887506 0.071731 0.055782 0.093670 -0.030875 0.010916 0.995065
1341846319.287000 -0.912382 0.068740 0.065203 0.092445 -0.026771 0.013260 0.995270
1341846319.318000 -0.956598 0.066610 0.072045 0.093242 -0.024644 0.017619 0.995182
1341846319.350000 -0.968475 0.065845 0.074779 0.094379 -0.023938 0.023321 0.994975
1341846319.386000 -0.997381 0.065005 0.078739 0.096695 -0.025596 0.028992 0.994562
1341846319.418000 -0.994114 0.064520 0.074981 0.097303 -0.032124 0.031906 0.994224
1341846319.454000 -1.051082 0.065101 0.077878 0.097723 -0.025657 0.027159 0.994512
1341846319.486000 -1.064964 0.065669 0.076418 0.096583 -0.025334 0.026297 0.994655
1341846319.554000 -1.008593 0.074501 0.096463 0.092800 -0.042573 0.025369 0.994451
1341846319.586000 -1.029303 0.073428 0.097809 0.092926 -0.041337 0.020802 0.994597
1341846319.622000 -1.067365 0.073503 0.095763 0.090907 -0.041923 0.018097 0.994812
1341846319.654000 -1.071913 0.068027 0.114736 0.090112 -0.047382 0.017394 0.994652
1341846319.686000 -1.090337 0.076055 0.138641 0.093172 -0.050921 0.017931 0.994185
1341846319.722000 -1.097988 0.079867 0.123373 0.093722 -0.054771 0.019250 0.993904
1341846319.754000 -1.099645 0.084872 0.118935 0.090333 -0.057500 0.020189 0.994045
1341846319.786000 -1.101640 0.086832 0.134702 0.086666 -0.057765 0.024163 0.994268
1341846319.822000 -1.109590 0.091739 0.135131 0.084196 -0.058348 0.028071 0.994343
1341846319.854000 -1.111728 0.089850 0.140173 0.078963 -0.059439 0.032712 0.994566
1341846319.890000 -1.120033 0.079266 0.141434 0.075524 -0.059695 0.036775 0.994676
1341846319.922000 -1.129113 0.076757 0.135758 0.075176 -0.063536 0.036851 0.994462
1341846319.954000 -1.123546 0.076925 0.157185 0.076019 -0.069846 0.033244 0.994101
1341846319.990000 -1.127354 0.078487 0.161194 0.078558 -0.072701 0.026301 0.993907
1341846320.028000 -1.137195 0.075686 0.169061 0.080093 -0.076126 0.024726 0.993569
1341846320.090000 -1.116102 0.082604 0.157721 0.085363 -0.084635 0.026873 0.992385
1341846320.122000 -1.119039 0.083046 0.162112 0.086113 -0.081397 0.028499 0.992546
1341846320.158000 -1.106168 0.081239 0.174022 0.086355 -0.079422 0.028869 0.992674
1341846320.190000 -1.086362 0.071858 0.187923 0.088394 -0.077505 0.027871 0.992674
1341846320.222000 -1.086651 0.070844 0.175215 0.092348 -0.073267 0.027947 0.992634
1341846320.258000 -1.080514 0.061482 0.165469 0.095531 -0.072005 0.030121 0.992362
1341846320.290000 -1.070643 0.054730 0.155698 0.101282 -0.073100 0.028855 0.991749
1341846320.322000 -1.051913 0.063851 0.176120 0.110595 -0.075653 0.028340 0.990577
1341846320.358000 -1.040436 0.067583 0.151983 0.115729 -0.075068 0.029352 0.990005
1341846320.390000 -1.014980 0.064607 0.150810 0.116998 -0.071591 0.030364 0.990083
1341846320.427000 -1.005939 0.063272 0.135081 0.119598 -0.063416 0.026243 0.990447
1341846320.458000 -1.003508 0.063040 0.139711 0.120703 -0.055847 0.023940 0.990827
1341846320.490000 -0.996087 0.060756 0.151146 0.124818 -0.048900 0.022280 0.990723
1341846320.526000 -0.969273 0.061589 0.134747 0.127844 -0.043068 0.021276 0.990630
1341846320.558000 -0.943349 0.064057 0.123360 0.128909 -0.040771 0.018029 0.990654
1341846320.594000 -0.938679 0.061769 0.140306 0.130515 -0.034420 0.013066 0.990763
1341846320.632000 -0.928043 0.064227 0.130861 0.133045 -0.027152 0.012232 0.990663
1341846320.665000 -0.912015 0.066156 0.120609 0.133145 -0.023656 0.010927 0.990754
1341846320.700000 -0.880355 0.064691 0.128027 0.133447 -0.022283 0.008899 0.990765
1341846320.732000 -0.833935 0.065889 0.115552 0.135189 -0.022169 0.009250 0.990529
1341846320.764000 -0.819153 0.081994 0.067712 0.133125 -0.021340 0.010914 0.990809
1341846320.800000 -0.781952 0.071242 0.094827 0.126508 -0.024472 0.006006 0.991646
1341846320.832000 -0.730927 0.058224 0.113509 0.126818 -0.018888 0.004303 0.991737
1341846320.864000 -0.691156 0.079124 0.040114 0.126291 -0.013767 0.007125 0.991872
1341846320.900000 -0.660946 0.068518 0.063442 0.120081 -0.020790 0.011261 0.992482
1341846320.932000 -0.625205 0.057921 0.074090 0.120443 -0.022266 0.010765 0.992412
1341846320.968000 -0.606697 0.074987 0.025583 0.120202 -0.015028 0.009677 0.992588
1341846321.000000 -0.580502 0.068888 0.052446 0.114137 -0.016871 0.009855 0.993273
1341846321.032000 -0.542175 0.071576 0.034243 0.111988 -0.016801 0.005267 0.993554
1341846321.068000 -0.521906 0.074194 0.024121 0.112052 -0.013785 0.003575 0.993600
1341846321.100000 -0.492072 0.075406 0.020692 0.109700 -0.013958 0.004208 0.993858
1341846321.132000 -0.465176 0.066338 0.022987 0.109429 -0.013523 0.004888 0.993891
1341846321.168000 -0.437418 0.072402 0.018818 0.112550 -0.010656 0.005469 0.993574
1341846321.200000 -0.413890 0.077816 0.020326 0.113325 -0.009384 0.005690 0.993497
1341846321.232000 -0.398803 0.077601 0.023172 0.113165 -0.008960 0.003599 0.993529
1341846321.268000 -0.374093 0.081424 0.013053 0.113684 -0.007782 -0.000601 0.993486
1341846321.300000 -0.358457 0.079505 0.017880 0.112415 -0.003578 -0.006427 0.993634
1341846321.332000 -0.331582 0.076847 0.016027 0.112350 -0.001685 -0.010335 0.993614
1341846321.368000 -0.298878 0.074042 0.014816 0.114050 -0.001309 -0.013336 0.993385
1341846321.400000 -0.281607 0.077640 0.010208 0.116161 0.002948 -0.014023 0.993127
1341846321.436000 -0.244445 0.081270 0.016205 0.118600 0.004381 -0.013475 0.992841
1341846321.468000 -0.234900 0.083529 0.017618 0.120778 0.006906 -0.012902 0.992572
1341846321.500000 -0.227440 0.081612 0.008549 0.121740 0.010220 -0.012866 0.992426
1341846321.536000 -0.225431 0.085533 -0.001394 0.121126 0.018144 -0.015348 0.992353
1341846321.569000 -0.216254 0.084114 -0.000387 0.116950 0.024385 -0.016993 0.992693
1341846321.604000 -0.168929 0.094102 -0.008218 0.116020 0.021335 -0.016407 0.992882
1341846321.637000 -0.129635 0.098658 -0.022836 0.113737 0.023434 -0.016246 0.993102
1341846321.668000 -0.132388 0.097910 -0.019905 0.109140 0.033144 -0.013107 0.993387
1341846321.704000 -0.111339 0.102542 -0.006716 0.107024 0.031287 -0.004061 0.993756
1341846321.737000 -0.095961 0.103182 -0.014414 0.106290 0.025628 0.002276 0.994002
1341846321.772000 -0.136732 0.107654 -0.020115 0.103019 0.034251 0.005723 0.994073
1341846321.804000 -0.104607 0.111666 -0.017685 0.099610 0.033414 0.011368 0.994400
1341846321.836000 -0.092186 0.129375 -0.021184 0.099154 0.033297 0.012320 0.994438
1341846321.872000 -0.070001 0.134532 -0.059330 0.095772 0.031446 0.016837 0.994764
1341846321.904000 -0.061376 0.124239 -0.064889 0.088565 0.032387 0.015114 0.995429
1341846321.940000 -0.064951 0.121186 -0.054568 0.084084 0.036559 0.010831 0.995729
1341846322.004000 -0.062097 0.097985 -0.072414 0.074980 0.033777 0.012141 0.996539
1341846322.066000 -0.030185 0.101803 -0.075675 0.071301 0.035878 0.008963 0.996769
1341846322.108000 -0.032900 0.087253 -0.073872 0.068657 0.037833 0.007746 0.996893
1341846322.166000 -0.044221 0.070181 -0.057236 0.072304 0.039085 0.007195 0.996591
1341846322.203000 -0.037929 0.065994 -0.062459 0.073541 0.036087 0.007131 0.996614
1341846322.234000 -0.036592 0.060075 -0.073634 0.072137 0.034497 0.005402 0.996783
1341846322.266000 -0.036970 0.049454 -0.069946 0.069472 0.031661 0.006069 0.997063
1341846322.302000 -0.028807 0.037342 -0.064588 0.067746 0.029394 0.007192 0.997244
1341846322.334000 -0.040971 0.023521 -0.072911 0.066766 0.028233 0.006394 0.997349
1341846322.370000 -0.024420 0.012915 -0.063053 0.067990 0.021557 0.003470 0.997447
1341846322.402000 -0.004942 0.006347 -0.063542 0.070432 0.021900 -0.001060 0.997276
1341846322.434000 -0.021446 0.004950 -0.041545 0.077396 0.024591 -0.005176 0.996684
1341846322.470000 -0.025225 -0.019610 -0.038837 0.084118 0.020451 -0.001634 0.996245
1341846322.502000 -0.010373 -0.035865 -0.053937 0.089585 0.016359 0.001430 0.995844
1341846322.534000 -0.007586 -0.050756 -0.053145 0.098098 0.016150 0.001958 0.995044
1341846322.570000 -0.007248 -0.054649 -0.046602 0.107903 0.015626 0.004915 0.994026
1341846322.602000 -0.017417 -0.057720 -0.042857 0.114369 0.013177 0.008214 0.993317
1341846322.638000 0.000122 -0.078739 -0.052984 0.118366 0.009068 0.007292 0.992902
1341846322.670000 0.008321 -0.089679 -0.055490 0.121591 0.012067 0.007234 0.992481
1341846322.702000 0.005617 -0.095583 -0.060385 0.125447 0.013338 0.010730 0.991953
1341846322.738000 0.008558 -0.094649 -0.056382 0.126851 0.010157 0.011340 0.991805
1341846322.770000 0.007485 -0.109900 -0.046985 0.127726 0.011922 0.010037 0.991687
1341846322.806000 -0.003739 -0.116098 -0.041156 0.131660 0.012358 0.011236 0.991154
1341846322.838000 -0.014141 -0.118001 -0.042224 0.134127 0.008969 0.012045 0.990850
1341846322.870000 0.001037 -0.139397 -0.045092 0.135488 0.002335 0.013088 0.990690
1341846322.906000 0.007724 -0.142949 -0.037041 0.140356 0.000962 0.013025 0.990015
1341846322.938000 0.007056 -0.123601 -0.034592 0.142453 0.001966 0.014944 0.989687
1341846322.970000 0.009755 -0.134977 -0.032953 0.137066 0.001360 0.016685 0.990421
1341846323.012000 0.011871 -0.156704 -0.032715 0.133357 0.001802 0.016990 0.990921
1341846323.074000 0.011964 -0.150453 -0.027428 0.131435 0.001302 0.021644 0.991088
1341846323.106000 0.014522 -0.164930 -0.024127 0.128550 0.001141 0.021025 0.991479
1341846323.138000 0.013537 -0.166315 -0.024309 0.129263 0.001383 0.017510 0.991455
1341846323.174000 0.011585 -0.161855 -0.023590 0.128096 0.000935 0.016157 0.991630
1341846323.206000 0.020654 -0.169174 -0.025178 0.125002 -0.000113 0.014523 0.992050
1341846323.238000 0.024905 -0.171594 -0.031527 0.122312 0.002924 0.013327 0.992398
1341846323.274000 0.002867 -0.165485 -0.024177 0.119798 0.004770 0.012062 0.992714
1341846323.306000 0.014698 -0.170426 -0.018803 0.114902 -0.000523 0.014860 0.993266
1341846323.342000 0.033073 -0.210830 -0.036394 0.108837 0.000943 0.012899 0.993975
1341846323.374000 0.004602 -0.218880 -0.039384 0.109218 0.006334 0.013474 0.993906
1341846323.406000 -0.008212 -0.226128 -0.037550 0.109558 0.002650 0.017620 0.993821
1341846323.442000 0.005054 -0.244053 -0.038480 0.109695 -0.002370 0.020377 0.993754
1341846323.474000 0.008780 -0.251208 -0.039803 0.114186 -0.000931 0.018297 0.993290
1341846323.506000 0.004681 -0.241874 -0.039835 0.117060 -0.001022 0.015978 0.992996
1341846323.542000 0.011913 -0.242493 -0.037432 0.115943 -0.001313 0.014025 0.993156
1341846323.574000 0.038744 -0.262514 -0.052949 0.114335 0.002018 0.008601 0.993403
1341846323.610000 0.017203 -0.258674 -0.041065 0.115819 0.009228 0.005304 0.993213
1341846323.642000 0.008125 -0.275405 -0.049512 0.113308 0.010983 0.006086 0.993481
1341846323.674000 0.004078 -0.280431 -0.037904 0.114260 0.009378 0.008184 0.993373
1341846323.710000 0.005656 -0.300083 -0.037925 0.115107 0.007763 0.012602 0.993243
1341846323.742000 0.004019 -0.306716 -0.044301 0.120152 0.006066 0.011506 0.992670
1341846323.775000 0.005337 -0.306873 -0.045925 0.123223 0.003811 0.008968 0.992331
1341846323.810000 0.006312 -0.313927 -0.049783 0.124551 0.002699 0.004640 0.992199
1341846323.842000 0.006928 -0.317263 -0.051497 0.125918 0.003056 -0.000279 0.992036
1341846323.878000 -0.000592 -0.327745 -0.052009 0.126629 0.002721 -0.004663 0.991936
1341846323.910000 0.005629 -0.346989 -0.053631 0.128539 0.000623 -0.007862 0.991673
1341846323.942000 -0.001484 -0.335621 -0.056309 0.133858 0.001223 -0.008569 0.990963
1341846323.978000 -0.010987 -0.341725 -0.055573 0.135985 -0.001092 -0.008202 0.990676
1341846324.016000 0.001110 -0.349601 -0.059082 0.138898 -0.004012 -0.007821 0.990268
1341846324.048000 0.003159 -0.341489 -0.060387 0.142385 -0.002312 -0.008398 0.989773
1341846324.084000 0.003596 -0.327610 -0.065946 0.143481 -0.000917 -0.009290 0.989609
1341846324.116000 0.010818 -0.329655 -0.070904 0.140341 0.000281 -0.010393 0.990049
1341846324.152000 0.016197 -0.323809 -0.070855 0.140108 0.003031 -0.014887 0.990020
1341846324.184000 0.012482 -0.306486 -0.066485 0.137954 0.007319 -0.017949 0.990249
1341846324.220000 0.008817 -0.308976 -0.069505 0.133145 0.009169 -0.017604 0.990898
1341846324.252000 0.005149 -0.306111 -0.060140 0.132966 0.009330 -0.018485 0.990904
1341846324.284000 0.003398 -0.296459 -0.068309 0.133327 0.008682 -0.019449 0.990843
1341846324.320000 -0.000571 -0.281984 -0.068744 0.132281 0.005340 -0.020532 0.990985
1341846324.352000 0.005459 -0.264439 -0.064995 0.129008 0.001667 -0.021708 0.991405
1341846324.388000 0.014032 -0.256879 -0.063262 0.124741 0.001545 -0.025024 0.991873
1341846324.420000 0.008792 -0.243775 -0.059520 0.120247 0.004138 -0.027423 0.992357
1341846324.452000 0.004603 -0.240795 -0.057495 0.115446 0.004598 -0.027966 0.992909
1341846324.488000 0.003663 -0.243717 -0.058976 0.113620 0.004276 -0.025391 0.993191
1341846324.520000 -0.002767 -0.233802 -0.068955 0.112111 0.002330 -0.021097 0.993469
1341846324.556000 -0.003969 -0.208673 -0.065419 0.111265 -0.002964 -0.017577 0.993631
1341846324.588000 -0.001287 -0.198106 -0.063542 0.107822 -0.005937 -0.015798 0.994027
1341846324.620000 0.003006 -0.192294 -0.055806 0.105292 -0.009010 -0.016805 0.994259
1341846324.656000 0.004657 -0.182606 -0.058754 0.103887 -0.009789 -0.018424 0.994370
1341846324.688000 0.004336 -0.185459 -0.062179 0.102416 -0.009774 -0.016923 0.994550
1341846324.756000 -0.003889 -0.147725 -0.068037 0.104551 -0.013027 -0.014234 0.994332
1341846324.814000 0.003651 -0.114597 -0.045673 0.099298 -0.018643 -0.017560 0.994728
1341846324.850000 -0.001719 -0.111297 -0.054296 0.093258 -0.015333 -0.019046 0.995342
1341846324.882000 -0.011272 -0.101134 -0.042394 0.090461 -0.015939 -0.019776 0.995576
1341846324.914000 -0.007170 -0.089083 -0.039622 0.089718 -0.017592 -0.016699 0.995672
1341846324.950000 -0.009973 -0.092396 -0.039195 0.090369 -0.017643 -0.013913 0.995655
1341846324.982000 -0.044057 -0.064870 0.013943 0.097836 -0.017705 -0.014249 0.994943
1341846325.018000 -0.045265 -0.053855 0.008205 0.101755 -0.022811 -0.012636 0.994468
1341846325.050000 -0.040761 -0.041590 -0.004147 0.103285 -0.028742 -0.014043 0.994137
1341846325.082000 -0.033362 -0.030188 -0.029052 0.101849 -0.034349 -0.015742 0.994082
1341846325.119000 -0.020158 -0.030941 -0.066588 0.095546 -0.035890 -0.018099 0.994613
1341846325.150000 -0.022640 -0.022859 -0.049742 0.090794 -0.033342 -0.018950 0.995131
1341846325.182000 -0.032868 -0.011906 -0.037757 0.088537 -0.031502 -0.016693 0.995435
1341846325.218000 -0.033051 -0.004454 -0.037078 0.085830 -0.031377 -0.012258 0.995740
1341846325.250000 -0.033897 0.001786 -0.037940 0.083617 -0.031556 -0.008619 0.995961
1341846325.286000 -0.030567 0.009915 -0.046554 0.080788 -0.032147 -0.005302 0.996199
1341846325.318000 -0.008703 0.009110 -0.024975 0.078835 -0.031796 -0.002588 0.996377
1341846325.350000 -0.030648 0.005601 -0.023936 0.081650 -0.024576 -0.001987 0.996356
1341846325.387000 -0.018662 0.022161 -0.023624 0.087253 -0.023719 0.002267 0.995901
1341846325.418000 -0.004674 0.026170 -0.022758 0.089958 -0.019501 0.005257 0.995741
1341846325.451000 -0.004546 0.017927 -0.024160 0.093835 -0.010914 0.007539 0.995499
1341846325.486000 -0.019004 0.037081 -0.013840 0.103054 -0.003956 0.008983 0.994627
1341846325.518000 -0.019084 0.047907 -0.021037 0.107089 -0.001390 0.011545 0.994181
1341846325.554000 -0.017673 0.050615 -0.031994 0.109619 0.002148 0.010927 0.993911
1341846325.586000 -0.024235 0.067252 -0.042169 0.112267 0.005596 0.008664 0.993625
1341846325.618000 -0.025021 0.088331 -0.035375 0.109773 0.007321 0.007381 0.993902
1341846325.654000 -0.025658 0.074211 -0.034519 0.107062 0.009116 0.005255 0.994197
1341846325.686000 -0.026549 0.084055 -0.032117 0.113879 0.010506 0.008347 0.993404
1341846325.718000 -0.031210 0.099395 -0.027011 0.118736 0.011552 0.014872 0.992747
1341846325.754000 -0.031575 0.097393 -0.029094 0.121137 0.011153 0.018538 0.992400
1341846325.786000 -0.029646 0.104995 -0.028453 0.127859 0.011583 0.019602 0.991531
1341846325.822000 -0.031913 0.124085 -0.026819 0.132222 0.013604 0.021209 0.990900
1341846325.854000 -0.039536 0.131086 -0.028582 0.133071 0.014616 0.024535 0.990695
1341846325.886000 -0.047627 0.142802 -0.037947 0.133461 0.012020 0.029632 0.990538
1341846325.922000 -0.042981 0.144828 -0.030549 0.132176 0.007812 0.034417 0.990598
1341846325.954000 -0.031173 0.147808 -0.018291 0.135015 0.007202 0.036731 0.990136
1341846325.986000 -0.037708 0.160689 -0.016454 0.138184 0.010659 0.040786 0.989509
1341846326.022000 -0.042510 0.160244 -0.014010 0.140525 0.010809 0.046182 0.988940
1341846326.054000 -0.038051 0.172186 -0.007227 0.145592 0.009586 0.049176 0.988075
1341846326.090000 -0.030690 0.189315 -0.021011 0.148240 0.011000 0.049044 0.987673
1341846326.122000 -0.029020 0.197709 -0.026995 0.147565 0.014886 0.047295 0.987809
1341846326.154000 -0.039696 0.199386 -0.010989 0.148133 0.018357 0.045419 0.987753
1341846326.190000 -0.047780 0.213048 -0.010048 0.151044 0.018729 0.047421 0.987211
1341846326.222000 -0.049720 0.223621 -0.027590 0.149642 0.017088 0.052446 0.987200
1341846326.259000 -0.049320 0.231650 -0.030413 0.146179 0.014337 0.055570 0.987592
1341846326.323000 -0.040636 0.239313 -0.046705 0.136488 0.013635 0.055125 0.989013
1341846326.360000 -0.040805 0.242910 -0.043596 0.132332 0.015465 0.053533 0.989638
1341846326.392000 -0.043307 0.232751 -0.042787 0.129964 0.018172 0.056242 0.989755
1341846326.424000 -0.054146 0.239044 -0.042130 0.133931 0.019934 0.060266 0.988956
1341846326.460000 -0.058857 0.256911 -0.039682 0.137272 0.017569 0.064067 0.988303
1341846326.526000 -0.041262 0.283165 -0.045794 0.136163 0.018085 0.061085 0.988636
1341846326.560000 -0.049235 0.285172 -0.044731 0.130721 0.022924 0.062455 0.989184
1341846326.592000 -0.055912 0.297594 -0.018470 0.129679 0.025468 0.063170 0.989214
1341846326.627000 -0.054879 0.304747 -0.016421 0.128376 0.026997 0.062068 0.989413
1341846326.658000 -0.038466 0.317785 -0.042988 0.125402 0.029257 0.061211 0.989784
1341846326.695000 -0.036081 0.326754 -0.052716 0.121567 0.030955 0.063113 0.990091
1341846326.726000 -0.032825 0.329363 -0.058860 0.113371 0.031905 0.059034 0.991284
1341846326.763000 -0.028543 0.344922 -0.051700 0.108117 0.034613 0.055484 0.991985
1341846326.827000 -0.032832 0.380598 -0.046637 0.094962 0.040830 0.052188 0.993273
1341846326.859000 -0.032004 0.380257 -0.046706 0.087055 0.041684 0.052734 0.993933
1341846326.895000 -0.028830 0.365224 -0.064274 0.083562 0.039777 0.056820 0.994086
1341846326.927000 -0.031773 0.382576 -0.039907 0.087169 0.036412 0.059905 0.993724
1341846326.959000 -0.029753 0.397530 -0.037804 0.089890 0.034722 0.061000 0.993475
1341846326.995000 -0.033853 0.418172 -0.032098 0.091912 0.036305 0.061446 0.993206
1341846327.026000 -0.041924 0.427062 -0.028698 0.089031 0.039482 0.059144 0.993487
1341846327.064000 -0.056941 0.421372 -0.021561 0.084121 0.045170 0.057022 0.993797
1341846327.095000 -0.081306 0.412375 -0.034727 0.080629 0.050719 0.053777 0.993999
1341846327.129000 -0.171618 0.421637 -0.050045 0.080033 0.061488 0.053138 0.993474
1341846327.162000 -0.220934 0.417082 -0.045914 0.076488 0.069385 0.051988 0.993294
1341846327.194000 -0.253321 0.420591 -0.043476 0.075161 0.075109 0.050540 0.993053
1341846327.230000 -0.312779 0.421969 -0.034417 0.074711 0.089562 0.049514 0.991940
1341846327.262000 -0.355343 0.431874 -0.017799 0.074218 0.099644 0.047656 0.991106
1341846327.294000 -0.412048 0.424764 -0.008812 0.075048 0.119786 0.041484 0.989090
1341846327.330000 -0.430212 0.446236 -0.009745 0.079137 0.129296 0.038947 0.987676
1341846327.362000 -0.478898 0.449790 -0.007014 0.074518 0.142369 0.032203 0.986479
1341846327.394000 -0.500880 0.452686 -0.014207 0.071774 0.146269 0.028103 0.986237
1341846327.430000 -0.516276 0.476792 -0.008347 0.071374 0.148181 0.028806 0.985961
1341846327.462000 -0.529453 0.499605 -0.007290 0.066593 0.145561 0.028861 0.986683
1341846327.498000 -0.595755 0.465227 -0.002234 0.053632 0.154349 0.023393 0.986282
1341846327.530000 -0.597339 0.482404 -0.014861 0.053131 0.153664 0.026796 0.986330
1341846327.562000 -0.665165 0.498159 -0.026851 0.051782 0.160641 0.028087 0.985253
1341846327.598000 -0.709484 0.498381 -0.011638 0.052853 0.163960 0.032449 0.984515
1341846327.630000 -0.718277 0.513287 -0.011722 0.055647 0.159380 0.036384 0.984976
1341846327.662000 -0.758937 0.515285 -0.013206 0.051161 0.160278 0.028089 0.985345
1341846327.698000 -0.808565 0.523402 -0.009308 0.052823 0.166659 0.029177 0.984166
1341846327.730000 -0.861650 0.561879 -0.007465 0.054380 0.174257 0.031968 0.982678
1341846327.766000 -0.887765 0.574720 -0.007572 0.049542 0.177640 0.032881 0.982298
1341846327.798000 -0.924402 0.583107 0.005250 0.045372 0.183340 0.036348 0.981329
1341846327.830000 -0.981187 0.573141 0.030444 0.036382 0.192442 0.037694 0.979909
1341846327.866000 -1.011310 0.547610 0.024233 0.027558 0.198210 0.038921 0.978999
1341846327.898000 -1.019028 0.561284 0.036534 0.026635 0.200499 0.041824 0.978438
1341846327.930000 -1.129238 0.552748 0.095474 0.021745 0.218341 0.041912 0.974729
1341846327.966000 -1.117753 0.522635 0.095406 0.008116 0.216446 0.040863 0.975405
1341846327.998000 -1.117538 0.537118 0.098205 0.002080 0.217535 0.039128 0.975266
1341846328.034000 -1.111416 0.572472 0.091015 0.002580 0.216950 0.036890 0.975482
1341846328.066000 -1.108815 0.558743 0.078612 -0.006365 0.216153 0.039448 0.975541
1341846328.098000 -1.120162 0.518856 0.074616 -0.014791 0.218362 0.043742 0.974775
1341846328.134000 -1.119668 0.516669 0.065143 -0.010872 0.216187 0.048024 0.975110
1341846328.166000 -1.125900 0.520788 0.063961 -0.009090 0.213587 0.049406 0.975632
1341846328.198000 -1.130402 0.503125 0.064938 -0.011806 0.212133 0.047250 0.976027
1341846328.234000 -1.144705 0.528921 0.072405 -0.001495 0.214016 0.044394 0.975820
1341846328.266000 -1.152020 0.513589 0.086075 0.000385 0.213262 0.044952 0.975960
1341846328.302000 -1.145405 0.491018 0.082470 0.000743 0.212246 0.042561 0.976289
1341846328.334000 -1.140234 0.472180 0.083045 0.003153 0.211488 0.044699 0.976353
1341846328.366000 -1.151164 0.436972 0.077579 0.005359 0.212812 0.040892 0.976222
1341846328.402000 -1.168009 0.432559 0.089394 0.018473 0.218083 0.039002 0.974976
1341846328.434000 -1.177777 0.423266 0.088439 0.021636 0.217697 0.039030 0.974996
1341846328.470000 -1.324152 0.388560 0.143704 0.021672 0.242193 0.033185 0.969418
1341846328.502000 -1.322074 0.392584 0.155028 0.026962 0.244240 0.026279 0.968984
1341846328.534000 -1.315134 0.350293 0.150954 0.023661 0.246423 0.018891 0.968689
1341846328.570000 -1.342853 0.351735 0.161540 0.029145 0.250727 0.025732 0.967277
1341846328.603000 -1.378829 0.337396 0.171966 0.036776 0.251211 0.026734 0.966864
1341846328.673000 -1.447233 0.346083 0.205048 0.055384 0.250990 0.024222 0.966100
1341846328.703000 -1.485777 0.314022 0.203659 0.053192 0.254953 0.022158 0.965235
1341846328.770000 -1.516994 0.274876 0.210750 0.059338 0.258419 0.016473 0.964068
1341846328.802000 -1.525651 0.255956 0.206449 0.059599 0.256642 0.017348 0.964511
1341846328.838000 -1.550707 0.266114 0.226497 0.068240 0.260269 0.012933 0.963035
1341846328.870000 -1.570001 0.264012 0.221448 0.067558 0.261840 0.011975 0.962669
1341846328.904000 -1.545251 0.264998 0.230543 0.067042 0.255733 0.011780 0.964348
1341846328.940000 -1.603082 0.259510 0.248128 0.073736 0.263965 0.007475 0.961681
1341846328.970000 -1.614004 0.255130 0.238011 0.078025 0.262680 0.011023 0.961660
1341846329.006000 -1.621675 0.251026 0.229959 0.081586 0.261258 0.014552 0.961705
1341846329.038000 -1.702769 0.204566 0.287988 0.082231 0.276973 0.020375 0.957136
1341846329.106000 -1.756362 0.161186 0.311351 0.077970 0.287210 0.015502 0.954563
1341846329.138000 -1.756931 0.156604 0.314209 0.081221 0.287079 0.014571 0.954346
1341846329.170000 -1.753799 0.151449 0.310648 0.082318 0.285237 0.012987 0.954827
1341846329.209000 -1.750632 0.139469 0.307829 0.081836 0.283912 0.012116 0.955275
1341846329.238000 -1.806124 0.145421 0.328215 0.083835 0.292697 0.012784 0.952437
1341846329.274000 -1.803915 0.129867 0.331829 0.081939 0.292036 0.014340 0.952783
1341846329.306000 -1.803971 0.128075 0.329228 0.082349 0.289312 0.012730 0.953601
1341846329.338000 -1.850610 0.105534 0.353978 0.074589 0.297649 0.012538 0.951674
1341846329.374000 -1.846709 0.096445 0.364941 0.073301 0.297099 0.013240 0.951937
1341846329.406000 -1.843381 0.103510 0.372810 0.076402 0.295804 0.007474 0.952159
1341846329.442000 -1.861386 0.091007 0.354935 0.073028 0.296788 0.004232 0.952137
1341846329.474000 -1.850573 0.092043 0.373302 0.072990 0.295314 -0.000707 0.952608
1341846329.506000 -1.855654 0.093378 0.374349 0.073673 0.294431 -0.002997 0.952824
1341846329.542000 -1.860603 0.081769 0.382294 0.071916 0.292592 -0.003057 0.953524
1341846329.574000 -1.851282 0.069033 0.376999 0.074519 0.288985 -0.004664 0.954417
1341846329.606000 -1.853510 0.063467 0.380136 0.075633 0.289131 -0.006409 0.954276
1341846329.642000 -1.861154 0.058308 0.379803 0.075449 0.288679 -0.006304 0.954428
1341846329.682000 -1.868853 0.044018 0.381235 0.074136 0.286676 -0.006083 0.955135
1341846329.748000 -1.866364 0.038240 0.370709 0.075656 0.286221 -0.008104 0.955138
1341846329.810000 -1.859259 0.017981 0.390176 0.075248 0.289662 -0.003513 0.954160
1341846329.842000 -1.860557 0.010650 0.392306 0.077991 0.289856 -0.000722 0.953887
1341846329.874000 -1.861668 0.006326 0.395255 0.080870 0.289922 0.001392 0.953626
1341846329.910000 -1.874851 0.005628 0.380275 0.081435 0.290091 0.003545 0.953521
1341846329.942000 -1.883074 -0.005007 0.373277 0.077334 0.290116 0.010339 0.953806
1341846329.978000 -1.867633 -0.023061 0.391710 0.075816 0.289156 0.011465 0.954206
1341846330.016000 -1.867291 -0.016974 0.386948 0.077312 0.290160 0.009227 0.953806
1341846330.048000 -1.880236 -0.013252 0.377360 0.074344 0.291831 0.012017 0.953500
1341846330.080000 -1.875142 -0.033725 0.382791 0.070162 0.291673 0.014855 0.953826
1341846330.116000 -1.867007 -0.039478 0.394445 0.074274 0.292953 0.014969 0.953120
1341846330.148000 -1.887006 -0.034530 0.382714 0.075966 0.294182 0.015506 0.952600
1341846330.181000 -1.886183 -0.022852 0.383784 0.073774 0.293477 0.021394 0.952875
1341846330.216000 -1.882070 -0.031939 0.378967 0.067838 0.293604 0.022886 0.953242
1341846330.248000 -1.880039 -0.029791 0.392451 0.067283 0.294274 0.023122 0.953069
1341846330.284000 -1.895328 -0.023905 0.374293 0.065787 0.293917 0.026068 0.953208
1341846330.316000 -1.884552 -0.031338 0.391215 0.058424 0.292887 0.026311 0.953998
1341846330.348000 -1.892202 -0.042399 0.394799 0.055306 0.292418 0.025810 0.954341
1341846330.384000 -1.885416 -0.053358 0.365652 0.051697 0.289830 0.025552 0.955339
1341846330.416000 -1.889394 -0.073372 0.374901 0.048861 0.291838 0.023290 0.954935
1341846330.453000 -1.895108 -0.070769 0.375254 0.052059 0.291483 0.022052 0.954904
1341846330.484000 -1.890065 -0.062538 0.376174 0.053760 0.289089 0.024328 0.955482
1341846330.516000 -1.889361 -0.070093 0.381312 0.053172 0.287149 0.027550 0.956012
1341846330.552000 -1.884157 -0.068707 0.362143 0.057123 0.283959 0.032458 0.956583
1341846330.584000 -1.860690 -0.055409 0.380484 0.055377 0.284620 0.028479 0.956616
1341846330.620000 -1.876828 -0.065244 0.378809 0.048121 0.284740 0.029259 0.956949
1341846330.652000 -1.871834 -0.062212 0.375650 0.043092 0.282563 0.029643 0.957822
1341846330.684000 -1.876952 -0.066727 0.375909 0.038317 0.283060 0.029987 0.957867
1341846330.720000 -1.909740 -0.086725 0.392463 0.035246 0.284877 0.031634 0.957393
1341846330.752000 -1.912789 -0.089912 0.386402 0.037562 0.280742 0.033628 0.958458
1341846330.788000 -1.922462 -0.085022 0.386866 0.039642 0.276806 0.036409 0.959417
1341846330.820000 -1.920293 -0.085863 0.381129 0.039467 0.272008 0.037316 0.960761
1341846330.852000 -1.930975 -0.078828 0.371308 0.039865 0.270867 0.038096 0.961036
1341846330.914000 -1.964145 -0.104320 0.318527 0.026234 0.267440 0.042701 0.962270
1341846330.950000 -1.954891 -0.093966 0.348689 0.025923 0.266834 0.042224 0.962468
1341846330.982000 -1.954003 -0.081664 0.380478 0.028503 0.263896 0.041328 0.963244
1341846331.014000 -1.948502 -0.071959 0.387794 0.029217 0.259990 0.042094 0.964251
1341846331.082000 -1.959752 -0.074130 0.408377 0.029925 0.259616 0.038126 0.964495
1341846331.114000 -1.963350 -0.072235 0.398239 0.029527 0.257247 0.037842 0.965153
1341846331.150000 -1.959041 -0.076102 0.418038 0.029624 0.257329 0.036687 0.965173
1341846331.182000 -1.963821 -0.074184 0.415791 0.032480 0.257029 0.033626 0.965272
1341846331.218000 -1.994406 -0.087131 0.364017 0.029040 0.253747 0.034397 0.966223
1341846331.250000 -1.990141 -0.094447 0.368887 0.026631 0.252473 0.033224 0.966667
1341846331.318000 -1.996334 -0.085876 0.401841 0.035395 0.264228 0.024146 0.963508
1341846331.350000 -2.003396 -0.087433 0.392382 0.033474 0.266999 0.023133 0.962838
1341846331.382000 -2.001222 -0.084946 0.410864 0.037825 0.275814 0.018070 0.960296
1341846331.418000 -1.997599 -0.069056 0.409861 0.046352 0.282662 0.015521 0.957973
1341846331.450000 -1.990473 -0.070461 0.414915 0.047122 0.286411 0.016876 0.956799
1341846331.486000 -2.016108 -0.072839 0.399931 0.045998 0.290865 0.018134 0.955486
1341846331.518000 -2.005287 -0.076806 0.404386 0.043859 0.290768 0.016787 0.955640
1341846331.550000 -1.997757 -0.081160 0.437968 0.045947 0.298525 0.015523 0.953169
1341846331.586000 -2.002014 -0.061515 0.431772 0.049753 0.298721 0.013928 0.952941
1341846331.618000 -1.991359 -0.070685 0.437521 0.047100 0.298565 0.015823 0.953095
1341846331.654000 -2.001699 -0.084500 0.479015 0.046077 0.307534 0.014749 0.950306
1341846331.686000 -2.005774 -0.073085 0.486531 0.049403 0.310669 0.015004 0.949115
1341846331.718000 -2.010166 -0.078587 0.483749 0.044210 0.309633 0.016455 0.949685
1341846331.754000 -1.995294 -0.080496 0.494772 0.042976 0.310214 0.015798 0.949563
1341846331.786000 -1.995243 -0.082411 0.514434 0.044708 0.314263 0.013371 0.948189
1341846331.818000 -2.006673 -0.076862 0.512597 0.044790 0.316511 0.012890 0.947443
1341846331.854000 -1.991613 -0.084983 0.529086 0.042630 0.316915 0.012530 0.947413
1341846331.886000 -1.971091 -0.085152 0.542132 0.044692 0.318963 0.010026 0.946660
1341846331.922000 -1.982343 -0.080737 0.551136 0.046038 0.323578 0.008204 0.945045
1341846331.954000 -1.967490 -0.080716 0.554239 0.045964 0.325009 0.008618 0.944554
1341846331.986000 -1.940978 -0.092529 0.565571 0.047415 0.328881 0.008955 0.943138
1341846332.022000 -1.945879 -0.080611 0.604551 0.053221 0.336398 0.002384 0.940212
1341846332.054000 -1.945913 -0.071470 0.618844 0.059940 0.337037 0.001383 0.939580
1341846332.087000 -1.936615 -0.077746 0.621517 0.062566 0.336542 0.003157 0.939582
1341846332.122000 -1.937771 -0.071221 0.638128 0.063556 0.338927 -0.000078 0.938664
1341846332.154000 -1.936679 -0.053381 0.646212 0.062481 0.338598 -0.002676 0.938850
1341846332.190000 -1.923193 -0.051020 0.660267 0.056265 0.336826 -0.001336 0.939883
1341846332.254000 -1.907665 -0.064709 0.680979 0.056382 0.337027 -0.002636 0.939802
1341846332.290000 -1.902868 -0.059908 0.691718 0.059080 0.336929 -0.001243 0.939674
1341846332.322000 -1.892764 -0.060748 0.702942 0.060464 0.336264 0.000113 0.939825
1341846332.354000 -1.925911 -0.053610 0.748449 0.064471 0.345771 -0.001915 0.936099
1341846332.390000 -1.944574 -0.050930 0.740729 0.063564 0.351585 -0.006225 0.933975
1341846332.422000 -1.953207 -0.052547 0.750479 0.060047 0.354264 -0.009196 0.933170
1341846332.458000 -1.952798 -0.056179 0.779214 0.058062 0.361290 -0.012206 0.930564
1341846332.490000 -1.963108 -0.051838 0.796913 0.059350 0.365122 -0.012089 0.928987
1341846332.522000 -1.989431 -0.052899 0.808654 0.059923 0.366566 -0.007019 0.928434
1341846332.558000 -1.982655 -0.053968 0.830423 0.062464 0.362980 -0.000911 0.929700
1341846332.590000 -1.986601 -0.060168 0.811611 0.061535 0.359797 0.002467 0.930996
1341846332.622000 -1.978591 -0.061973 0.818488 0.056203 0.360172 0.004256 0.931182
1341846332.658000 -1.968431 -0.072069 0.819375 0.051495 0.360319 0.006667 0.931383
1341846332.690000 -1.978591 -0.062218 0.820779 0.052318 0.360092 0.007660 0.931417
1341846332.726000 -1.979071 -0.072964 0.864978 0.049963 0.362888 0.011720 0.930418
1341846332.758000 -1.994408 -0.057974 0.815650 0.055088 0.356136 0.012982 0.932719
1341846332.790000 -1.998013 -0.058220 0.793909 0.053147 0.355521 0.012376 0.933074
1341846332.826000 -1.999848 -0.061953 0.815850 0.050075 0.359111 0.011110 0.931884
1341846332.858000 -2.002972 -0.062468 0.851739 0.050210 0.363396 0.009338 0.930234
1341846332.894000 -2.001171 -0.063364 0.823367 0.049341 0.359302 0.010275 0.931859
1341846332.926000 -2.010876 -0.077310 0.840337 0.042263 0.362564 0.010453 0.930942
1341846332.958000 -2.016652 -0.080614 0.852347 0.037974 0.365678 0.008955 0.929923
1341846332.994000 -2.019678 -0.079788 0.865225 0.035433 0.366637 0.009997 0.929635
1341846333.027000 -2.037212 -0.087265 0.888720 0.030956 0.373176 0.008987 0.927200
1341846333.058000 -2.053108 -0.083453 0.947104 0.030586 0.384320 0.008769 0.922651
1341846333.094000 -2.078779 -0.091232 0.981670 0.030871 0.393160 0.012366 0.918869
1341846333.126000 -2.097663 -0.093982 1.001530 0.031156 0.399599 0.013987 0.916054
1341846333.162000 -2.122386 -0.098222 1.021923 0.028502 0.408685 0.015005 0.912107
1341846333.196000 -2.137872 -0.103846 1.026171 0.026116 0.412706 0.017403 0.910323
1341846333.226000 -2.154430 -0.115087 1.078906 0.020993 0.422250 0.016560 0.906085
1341846333.262000 -2.159852 -0.109805 1.057894 0.018254 0.417942 0.015306 0.908162
1341846333.294000 -2.158265 -0.113546 1.066977 0.014698 0.418934 0.015965 0.907758
1341846333.326000 -2.183629 -0.123197 1.099739 0.011311 0.425427 0.015802 0.904784
1341846333.362000 -2.193809 -0.141400 1.144059 0.000994 0.431543 0.013943 0.901984
1341846333.394000 -2.194487 -0.164509 1.143281 -0.009335 0.426004 0.012044 0.904593
1341846333.430000 -2.195708 -0.164618 1.137967 -0.009946 0.424187 0.012824 0.905429
1341846333.462000 -2.216830 -0.161762 1.161496 -0.010847 0.429624 0.009044 0.902898
1341846333.494000 -2.233416 -0.166929 1.175479 -0.011581 0.433429 0.007552 0.901082
1341846333.530000 -2.243050 -0.168573 1.186200 -0.011235 0.436704 0.007195 0.899506
1341846333.562000 -2.257561 -0.169398 1.204070 -0.010716 0.442120 0.007876 0.896857
1341846333.594000 -2.289789 -0.173245 1.222313 -0.014448 0.446841 0.007905 0.894462
1341846333.630000 -2.308987 -0.174698 1.243231 -0.018731 0.448897 0.008079 0.893350
1341846333.662000 -2.325228 -0.181080 1.235133 -0.021339 0.448881 0.010488 0.893275
1341846333.698000 -2.348836 -0.188145 1.250674 -0.023559 0.452150 0.011340 0.891558
1341846333.730000 -2.350294 -0.183696 1.256588 -0.019834 0.452782 0.010035 0.891344
1341846333.762000 -2.356379 -0.182606 1.256402 -0.017871 0.454003 0.010142 0.890763
1341846333.798000 -2.388636 -0.178167 1.282406 -0.015169 0.460863 0.007530 0.887310
1341846333.830000 -2.402242 -0.177333 1.290384 -0.013553 0.463857 0.004270 0.885796
1341846333.866000 -2.419212 -0.171964 1.304863 -0.012098 0.468062 0.002010 0.883611
1341846333.898000 -2.436660 -0.170791 1.317816 -0.010614 0.471347 -0.000972 0.881883
1341846333.930000 -2.471149 -0.173411 1.339769 -0.008323 0.478015 -0.003381 0.878305
1341846333.966000 -2.476672 -0.168084 1.336050 -0.005511 0.478323 -0.005509 0.878149
1341846333.998000 -2.500801 -0.150620 1.347754 0.000367 0.482484 -0.012040 0.875822
1341846334.030000 -2.504775 -0.143564 1.352519 0.004250 0.484295 -0.013509 0.874790
1341846334.066000 -2.518924 -0.150283 1.359597 0.004744 0.486514 -0.012496 0.873570
1341846334.098000 -2.533382 -0.129800 1.367500 0.010131 0.488378 -0.017093 0.872406
1341846334.134000 -2.545347 -0.129253 1.372105 0.011599 0.490415 -0.017734 0.871231
1341846334.166000 -2.561725 -0.130134 1.370069 0.011923 0.489720 -0.017417 0.871624
1341846334.198000 -2.585703 -0.127685 1.390037 0.012521 0.493145 -0.019013 0.869649
1341846334.234000 -2.592263 -0.125158 1.392565 0.012534 0.494418 -0.020532 0.868891
1341846334.266000 -2.598602 -0.125996 1.395662 0.012975 0.496042 -0.020439 0.867961
1341846334.298000 -2.611999 -0.126533 1.397959 0.014612 0.495477 -0.019794 0.868272
1341846334.334000 -2.613335 -0.121984 1.394198 0.015747 0.493521 -0.019907 0.869363
1341846334.366000 -2.629678 -0.128833 1.391466 0.012654 0.494479 -0.020630 0.868852
1341846334.402000 -2.635778 -0.128928 1.384309 0.011460 0.494518 -0.020527 0.868849
1341846334.434000 -2.636925 -0.127214 1.395364 0.012571 0.493915 -0.020876 0.869169
1341846334.466000 -2.641645 -0.119794 1.391415 0.014703 0.492174 -0.020910 0.870122
1341846334.502000 -2.649907 -0.120707 1.388793 0.013607 0.490627 -0.019478 0.871046
1341846334.540000 -2.653029 -0.119865 1.390520 0.012936 0.489543 -0.020640 0.871639
1341846334.602000 -2.689146 -0.121432 1.393575 0.003904 0.488979 -0.024732 0.871936
1341846334.670000 -2.698804 -0.121946 1.388395 -0.002621 0.486357 -0.027716 0.873316
1341846334.702000 -2.708026 -0.129621 1.391997 -0.004725 0.485022 -0.026127 0.874099
1341846334.735000 -2.707543 -0.127587 1.388378 -0.002714 0.481868 -0.023979 0.875911
1341846334.771000 -2.717438 -0.128346 1.380699 -0.001396 0.480260 -0.021297 0.876866
1341846334.802000 -2.776185 -0.136937 1.376045 -0.002697 0.482805 -0.019265 0.875512
1341846334.834000 -2.785818 -0.137088 1.366927 -0.003752 0.481303 -0.019894 0.876321
1341846334.870000 -2.798636 -0.136232 1.355482 -0.005041 0.480509 -0.019386 0.876761
1341846334.902000 -2.807464 -0.137125 1.341436 -0.005847 0.477726 -0.018133 0.878302
1341846334.938000 -2.805435 -0.134564 1.333542 -0.005924 0.473429 -0.018739 0.880613
1341846334.970000 -2.822493 -0.137250 1.319075 -0.006032 0.472511 -0.018529 0.881109
1341846335.002000 -2.817384 -0.142316 1.315500 -0.004224 0.471424 -0.017335 0.881726
1341846335.038000 -2.821406 -0.140307 1.299766 -0.001129 0.466192 -0.017204 0.884516
1341846335.070000 -2.830255 -0.138375 1.291190 -0.000721 0.463869 -0.016913 0.885742
1341846335.106000 -2.833857 -0.144974 1.287276 -0.001997 0.464729 -0.017863 0.885271
1341846335.138000 -2.845979 -0.145449 1.283761 -0.000731 0.465651 -0.019580 0.884751
1341846335.170000 -2.861415 -0.149242 1.267883 -0.001588 0.461627 -0.019307 0.886862
1341846335.206000 -2.872559 -0.151498 1.259577 -0.003441 0.460178 -0.020071 0.887593
1341846335.239000 -2.873019 -0.148998 1.263044 -0.003636 0.461667 -0.022963 0.886749
1341846335.270000 -2.875512 -0.148469 1.260005 -0.002480 0.461965 -0.024899 0.886545
1341846335.306000 -2.887364 -0.153183 1.251830 -0.000974 0.460190 -0.024415 0.887484
1341846335.338000 -2.898287 -0.152311 1.249213 0.001382 0.459618 -0.024042 0.887790
1341846335.374000 -2.900030 -0.129361 1.257020 0.009235 0.462074 -0.030477 0.886270
1341846335.406000 -2.905689 -0.122676 1.246679 0.017826 0.463153 -0.031018 0.885556
1341846335.438000 -2.921032 -0.117015 1.243259 0.023193 0.464243 -0.031454 0.884845
1341846335.474000 -2.933010 -0.114727 1.239146 0.025027 0.466274 -0.032316 0.883696
1341846335.507000 -2.925410 -0.108424 1.234996 0.026276 0.467125 -0.034144 0.883141
1341846335.538000 -2.924587 -0.099733 1.231527 0.025770 0.468116 -0.036100 0.882553
1341846335.574000 -2.918110 -0.095420 1.230628 0.023953 0.467152 -0.034718 0.883170
1341846335.606000 -2.955779 -0.113601 1.221519 0.020234 0.468283 -0.033580 0.882708
1341846335.642000 -2.952790 -0.108814 1.223775 0.020761 0.469227 -0.036835 0.882065
1341846335.674000 -2.973994 -0.108705 1.218630 0.020241 0.470481 -0.036774 0.881411
1341846335.706000 -2.939717 -0.092162 1.222341 0.022558 0.466923 -0.037219 0.883226
1341846335.742000 -2.951467 -0.097410 1.216488 0.022225 0.466652 -0.037211 0.883378
1341846335.774000 -2.968357 -0.094961 1.208153 0.021973 0.467279 -0.037899 0.883024
1341846335.806000 -2.980682 -0.094605 1.198855 0.019930 0.466705 -0.036335 0.883441
1341846335.842000 -2.984212 -0.099126 1.195885 0.018045 0.467458 -0.035419 0.883121
1341846335.874000 -2.986241 -0.094425 1.198718 0.019236 0.468894 -0.037090 0.882266
1341846335.910000 -3.004880 -0.090748 1.197041 0.019567 0.469593 -0.035845 0.881938
1341846335.942000 -3.023355 -0.095260 1.188294 0.018312 0.468073 -0.034386 0.882831
1341846335.974000 -3.027639 -0.096042 1.181628 0.017145 0.466877 -0.035903 0.883427
1341846336.010000 -3.040193 -0.094402 1.179772 0.016427 0.467234 -0.037124 0.883201
1341846336.042000 -3.062720 -0.097569 1.173231 0.015295 0.466427 -0.036108 0.883690
1341846336.078000 -3.078808 -0.100485 1.169420 0.014757 0.465304 -0.036778 0.884263
1341846336.111000 -3.079072 -0.099365 1.161642 0.014806 0.464378 -0.037688 0.884711
1341846336.142000 -3.092964 -0.099516 1.162944 0.014990 0.464797 -0.036994 0.884517
1341846336.184000 -3.110555 -0.095715 1.163645 0.015057 0.463520 -0.036410 0.885210
1341846336.242000 -3.099785 -0.093581 1.156191 0.013899 0.461424 -0.034460 0.886401
1341846336.278000 -3.112518 -0.099234 1.166500 0.014398 0.462830 -0.034010 0.885677
1341846336.310000 -3.119141 -0.093908 1.161863 0.018713 0.460317 -0.033625 0.886920
1341846336.346000 -3.124352 -0.088842 1.164018 0.020718 0.459235 -0.034185 0.887415
1341846336.378000 -3.053610 -0.081499 1.097549 0.023143 0.445587 -0.034006 0.894293
1341846336.410000 -3.061504 -0.079658 1.093775 0.024071 0.446098 -0.034413 0.893998
1341846336.446000 -3.033046 -0.084479 1.046855 0.023117 0.437921 -0.032156 0.898141
1341846336.478000 -3.030985 -0.086216 1.027291 0.022504 0.435707 -0.030660 0.899285
1341846336.510000 -2.993500 -0.085284 0.953602 0.024233 0.425301 -0.029368 0.904251
1341846336.546000 -2.983000 -0.086083 0.919985 0.026473 0.420876 -0.026849 0.906334
1341846336.578000 -2.977294 -0.086929 0.885848 0.026471 0.416619 -0.024023 0.908378
1341846336.614000 -2.975748 -0.086789 0.872427 0.025836 0.416090 -0.024114 0.908636
1341846336.646000 -2.961052 -0.085570 0.847611 0.024325 0.413147 -0.024706 0.910004
1341846336.678000 -2.952878 -0.089067 0.811926 0.022928 0.407046 -0.022833 0.912834
1341846336.714000 -2.927668 -0.088779 0.783606 0.025897 0.399325 -0.022102 0.916177
1341846336.746000 -2.900637 -0.091776 0.745487 0.030113 0.390183 -0.021242 0.920000
1341846336.778000 -2.895803 -0.091611 0.714557 0.033508 0.382990 -0.018110 0.922967
1341846336.820000 -2.886138 -0.093338 0.684383 0.034397 0.376100 -0.015242 0.925815
1341846336.882000 -2.829877 -0.093504 0.640230 0.037131 0.362642 -0.014947 0.931068
1341846336.914000 -2.804619 -0.088483 0.600068 0.041509 0.351476 -0.014089 0.935170
1341846336.946000 -2.777218 -0.076703 0.569855 0.050472 0.341963 -0.013126 0.938265
1341846336.982000 -2.765333 -0.063569 0.532067 0.053414 0.335352 -0.014022 0.940473
1341846337.014000 -2.755857 -0.062221 0.510103 0.049877 0.331338 -0.014114 0.942087
1341846337.046000 -2.739032 -0.059463 0.484359 0.047453 0.327926 -0.015930 0.943376
1341846337.082000 -2.742267 -0.053660 0.477416 0.046335 0.327616 -0.018964 0.943484
1341846337.114000 -2.745473 -0.054956 0.454933 0.044858 0.323705 -0.018131 0.944920
1341846337.150000 -2.741127 -0.040838 0.413441 0.045570 0.318290 -0.019245 0.946702
1341846337.182000 -2.727618 -0.034046 0.396068 0.045365 0.317133 -0.021645 0.947048
1341846337.214000 -2.719084 -0.033748 0.377027 0.040893 0.318666 -0.024486 0.946668
1341846337.250000 -2.696325 -0.029679 0.351179 0.040330 0.311177 -0.023637 0.949201
1341846337.282000 -2.680188 -0.028887 0.326929 0.042628 0.303946 -0.020517 0.951514
1341846337.318000 -2.675526 -0.027346 0.311827 0.042497 0.302300 -0.019136 0.952073
1341846337.350000 -2.669959 -0.028443 0.290249 0.041082 0.301415 -0.016704 0.952461
1341846337.382000 -2.664424 -0.028007 0.276746 0.038549 0.300497 -0.017645 0.952840
1341846337.418000 -2.675838 -0.026693 0.243057 0.040535 0.300605 -0.017836 0.952720
1341846337.450000 -2.660935 -0.026832 0.230543 0.040593 0.294581 -0.017373 0.954606
1341846337.482000 -2.660476 -0.022199 0.225941 0.040252 0.294258 -0.017354 0.954720
1341846337.518000 -2.661704 -0.024505 0.216868 0.041480 0.292958 -0.017656 0.955062
1341846337.550000 -2.670074 -0.013769 0.199820 0.041263 0.291915 -0.019235 0.955360
1341846337.586000 -2.674258 -0.012690 0.210650 0.039540 0.292909 -0.020432 0.955104
1341846337.618000 -2.675789 -0.030248 0.203480 0.040346 0.292028 -0.019382 0.955362
1341846337.650000 -2.676742 -0.021853 0.205915 0.041397 0.292116 -0.020685 0.955263
1341846337.686000 -2.677865 -0.015879 0.198385 0.040530 0.291927 -0.019905 0.955374
1341846337.718000 -2.674299 -0.019614 0.197014 0.038858 0.292175 -0.019199 0.955382
1341846337.750000 -2.671475 -0.011470 0.180952 0.038884 0.293333 -0.020067 0.955009
1341846337.786000 -2.657445 -0.007331 0.161668 0.037727 0.293625 -0.018123 0.955004
1341846337.818000 -2.647877 -0.006795 0.162913 0.036485 0.295312 -0.016714 0.954558
1341846337.854000 -2.648549 -0.004406 0.158272 0.035188 0.298292 -0.016625 0.953681
1341846337.886000 -2.651830 -0.001769 0.159108 0.031640 0.300665 -0.017447 0.953045
1341846337.918000 -2.641320 -0.002988 0.159426 0.026670 0.301256 -0.017526 0.953009
1341846337.954000 -2.629042 0.001624 0.154266 0.025627 0.301257 -0.016823 0.953050
1341846337.986000 -2.614896 0.002273 0.152023 0.023008 0.301125 -0.013820 0.953207
1341846338.018000 -2.617909 0.007385 0.158737 0.020996 0.303675 -0.013659 0.952446
1341846338.054000 -2.614246 0.014498 0.156048 0.019377 0.305135 -0.013891 0.952010
1341846338.086000 -2.606218 0.025210 0.158640 0.018297 0.307721 -0.013607 0.951203
1341846338.122000 -2.601917 0.022554 0.162908 0.017135 0.309686 -0.011446 0.950616
1341846338.154000 -2.595192 0.026505 0.168953 0.017928 0.309765 -0.008516 0.950606
1341846338.186000 -2.583567 0.022056 0.173827 0.016927 0.308699 -0.005135 0.950995
1341846338.222000 -2.569198 0.025252 0.165941 0.016097 0.308504 -0.004902 0.951074
1341846338.254000 -2.562935 0.025459 0.166170 0.015025 0.309458 -0.004229 0.950785
1341846338.290000 -2.557305 0.024540 0.174306 0.016368 0.309550 -0.002518 0.950739
1341846338.322000 -2.558107 0.022869 0.174221 0.016282 0.310492 -0.000723 0.950436
1341846338.354000 -2.548458 0.024014 0.179857 0.016158 0.310662 -0.000682 0.950383
1341846338.390000 -2.541027 0.025754 0.184315 0.015941 0.311412 0.000380 0.950141
1341846338.422000 -2.535038 0.023435 0.195667 0.013566 0.312092 0.000446 0.949955
1341846338.454000 -2.528294 0.025379 0.201282 0.012585 0.311683 -0.000410 0.950103
1341846338.490000 -2.521902 0.021641 0.209532 0.010712 0.311457 0.000960 0.950199
1341846338.522000 -2.513501 0.018371 0.226402 0.010735 0.312411 -0.000368 0.949886
1341846338.558000 -2.513883 0.028539 0.220848 0.011347 0.311871 -0.000857 0.950056
1341846338.590000 -2.500989 0.018244 0.235541 0.007439 0.311810 0.000265 0.950115
1341846338.622000 -2.478109 0.020190 0.248630 0.009458 0.312007 0.001554 0.950031
1341846338.658000 -2.477188 0.022920 0.256722 0.010514 0.312284 0.003620 0.949924
1341846338.690000 -2.473156 0.027163 0.256850 0.008169 0.311389 0.002794 0.950243
1341846338.722000 -2.448948 0.026651 0.274110 0.008355 0.311614 0.003553 0.950165
1341846338.758000 -2.451335 0.035011 0.294712 0.009535 0.312994 0.004595 0.949696
1341846338.790000 -2.447968 0.036404 0.301500 0.007948 0.311497 0.005272 0.950199
1341846338.826000 -2.438722 0.034810 0.316001 0.008180 0.312305 0.004904 0.949934
1341846338.858000 -2.442526 0.035376 0.306204 0.007417 0.314331 0.003575 0.949278
1341846338.890000 -2.442035 0.040434 0.332009 0.005333 0.317146 0.002582 0.948358
1341846338.926000 -2.437517 0.039948 0.338443 0.004289 0.318425 0.000400 0.947938
1341846338.958000 -2.429019 0.040663 0.345127 0.004476 0.320049 -0.000371 0.947390
1341846338.990000 -2.414721 0.039249 0.353153 0.005017 0.319432 0.000570 0.947596
1341846339.026000 -2.405554 0.041444 0.360568 0.007820 0.320334 -0.000056 0.947272
1341846339.058000 -2.394856 0.043221 0.365846 0.010412 0.321983 -0.000065 0.946688
1341846339.094000 -2.395033 0.049065 0.375149 0.009969 0.322316 0.000875 0.946579
1341846339.127000 -2.380756 0.055853 0.379930 0.007512 0.320947 0.000618 0.947067
1341846339.158000 -2.366796 0.056183 0.386788 0.005335 0.322673 0.000380 0.946495
1341846339.194000 -2.373939 0.055559 0.387947 0.003444 0.324690 0.001565 0.945813
1341846339.228000 -2.358121 0.054932 0.407511 0.000144 0.322858 0.006315 0.946426
1341846339.258000 -2.350519 0.048251 0.407826 -0.003396 0.323323 0.006493 0.946260
1341846339.294000 -2.339054 0.053057 0.418353 -0.002472 0.325425 0.008806 0.945524
1341846339.327000 -2.335815 0.034339 0.413970 -0.009967 0.323210 0.013875 0.946173
1341846339.362000 -2.331672 0.054460 0.408836 -0.010226 0.321335 0.010101 0.946857
1341846339.395000 -2.323401 0.051531 0.424014 -0.011541 0.324165 0.010628 0.945871
1341846339.462000 -2.304519 0.049954 0.425038 -0.015403 0.322161 0.010449 0.946502
1341846339.497000 -2.273480 0.037325 0.433139 -0.014741 0.323374 0.012177 0.946078
1341846339.562000 -2.276624 0.040953 0.444060 -0.011613 0.327720 0.012557 0.944620
1341846339.595000 -2.263196 0.042818 0.442333 -0.009658 0.327749 0.011553 0.944645
1341846339.632000 -2.246565 0.046533 0.444024 -0.008620 0.329912 0.008824 0.943931
1341846339.665000 -2.243036 0.044776 0.453602 -0.009336 0.333202 0.006523 0.942787
1341846339.699000 -2.233369 0.042080 0.466447 -0.010081 0.334313 0.005399 0.942393
1341846339.732000 -2.235485 0.043781 0.448903 -0.010182 0.333484 0.003217 0.942695
1341846339.762000 -2.215254 0.045425 0.459626 -0.008925 0.333428 0.003398 0.942727
1341846339.798000 -2.211864 0.043246 0.470997 -0.008783 0.334813 0.004747 0.942232
1341846339.830000 -2.204534 0.037390 0.465504 -0.008812 0.333173 0.006923 0.942799
1341846339.862000 -2.197698 0.034585 0.470061 -0.009629 0.333507 0.007775 0.942666
1341846339.898000 -2.189114 0.035247 0.475145 -0.010326 0.334751 0.007705 0.942218
1341846339.930000 -2.181684 0.037105 0.487352 -0.009311 0.336095 0.008577 0.941743
1341846339.962000 -2.176329 0.036010 0.491684 -0.007827 0.335643 0.008814 0.941916
1341846339.998000 -2.166210 0.034272 0.487260 -0.006799 0.335966 0.008714 0.941809
1341846340.030000 -2.157698 0.038656 0.497635 -0.004425 0.338333 0.009972 0.940963
1341846340.066000 -2.150606 0.038328 0.501853 -0.002119 0.339457 0.010125 0.940565
1341846340.098000 -2.145902 0.043028 0.506473 -0.000485 0.340058 0.009915 0.940352
1341846340.130000 -2.135165 0.044361 0.510296 -0.001311 0.339513 0.008888 0.940559
1341846340.166000 -2.124124 0.039331 0.504728 -0.001194 0.340334 0.007829 0.940271
1341846340.198000 -2.122812 0.040862 0.515251 -0.000320 0.343437 0.007437 0.939146
1341846340.230000 -2.126275 0.040141 0.511389 -0.001944 0.343508 0.007594 0.939117
1341846340.266000 -2.108622 0.041679 0.517710 -0.001813 0.343488 0.007054 0.939129
1341846340.298000 -2.103603 0.041889 0.522008 0.000405 0.345576 0.007012 0.938364
1341846340.334000 -2.114719 0.044107 0.509773 -0.000045 0.344380 0.007990 0.938796
1341846340.366000 -2.095429 0.036825 0.522272 -0.002611 0.342352 0.009525 0.939520
1341846340.398000 -2.087032 0.039121 0.524453 -0.000454 0.342426 0.008290 0.939508
1341846340.434000 -2.086363 0.036719 0.523170 -0.000252 0.341911 0.009303 0.939686
1341846340.466000 -2.081981 0.035426 0.522689 0.000732 0.338769 0.010575 0.940810
1341846340.502000 -2.075922 0.034967 0.516906 0.001204 0.335441 0.010280 0.942004
1341846340.534000 -2.072213 0.042940 0.515823 0.003276 0.334131 0.009386 0.942474
1341846340.566000 -2.064676 0.045904 0.518116 0.005731 0.333047 0.009125 0.942849
1341846340.602000 -2.062890 0.044452 0.514806 0.007842 0.332544 0.008794 0.943014
1341846340.634000 -2.072694 0.046817 0.515690 0.008276 0.333583 0.007000 0.942659
1341846340.666000 -2.069406 0.040754 0.509782 0.006493 0.333313 0.005708 0.942776
1341846340.702000 -2.065728 0.041103 0.506799 0.008071 0.334344 0.003175 0.942411
1341846340.734000 -2.069678 0.042922 0.500158 0.008486 0.335970 0.001200 0.941834
1341846340.770000 -2.074464 0.042034 0.494190 0.006618 0.336379 -0.000838 0.941703
1341846340.802000 -2.065298 0.043128 0.492768 0.005398 0.336580 -0.006063 0.941620
1341846340.834000 -2.075913 0.042930 0.482455 0.003301 0.339195 -0.010083 0.940656
1341846340.870000 -2.073444 0.044360 0.486613 0.001699 0.339638 -0.011992 0.940478
1341846340.902000 -2.067854 0.044390 0.491610 0.003199 0.338813 -0.011684 0.940776
1341846340.934000 -2.068013 0.041131 0.489526 0.005365 0.338009 -0.009051 0.941084
1341846340.970000 -2.065356 0.030496 0.481752 0.005818 0.333838 -0.003351 0.942607
1341846341.002000 -2.067490 0.026763 0.469279 0.008732 0.328948 0.001864 0.944306
1341846341.038000 -2.084996 0.039478 0.488604 0.012177 0.331214 0.000666 0.943477
1341846341.070000 -2.079945 0.040217 0.487730 0.012835 0.329697 0.001049 0.943999
1341846341.102000 -2.087402 0.023724 0.478857 0.009523 0.328143 0.002815 0.944576
1341846341.138000 -2.089408 0.034971 0.482315 0.011954 0.327272 0.001494 0.944853
1341846341.170000 -2.079109 0.037625 0.486531 0.013693 0.325944 0.002615 0.945286
1341846341.202000 -2.088663 0.032372 0.478797 0.014806 0.326188 0.003950 0.945181
1341846341.238000 -2.078450 0.037964 0.482925 0.017654 0.325396 0.003857 0.945405
1341846341.270000 -2.091272 0.033234 0.475637 0.017657 0.326795 0.003628 0.944923
1341846341.306000 -2.085224 0.037201 0.480007 0.018751 0.325670 0.002403 0.945295
1341846341.338000 -2.079917 0.039229 0.480562 0.019295 0.325419 0.000965 0.945373
1341846341.370000 -2.078277 0.041564 0.480886 0.019460 0.326398 -0.002070 0.945030
1341846341.406000 -2.097986 0.032759 0.470928 0.017431 0.328314 -0.002849 0.944403
1341846341.438000 -2.087650 0.034844 0.484218 0.019501 0.326215 -0.003010 0.945090
1341846341.470000 -2.085541 0.037259 0.479898 0.021899 0.325432 -0.005184 0.945298
1341846341.506000 -2.102220 0.035384 0.467492 0.020217 0.327318 -0.006499 0.944676
1341846341.538000 -2.096250 0.036614 0.480774 0.020209 0.325668 -0.005980 0.945249
1341846341.574000 -2.096445 0.037129 0.481979 0.021683 0.323705 -0.005052 0.945896
1341846341.612000 -2.096444 0.042040 0.493058 0.022872 0.323848 -0.005219 0.945818
1341846341.644000 -2.104044 0.044371 0.508589 0.021809 0.324781 -0.006387 0.945516
1341846341.680000 -2.105845 0.035510 0.469685 0.020491 0.320505 -0.004607 0.947014
1341846341.712000 -2.103948 0.039402 0.471563 0.022618 0.318443 -0.002403 0.947669
1341846341.744000 -2.096839 0.044777 0.495415 0.024834 0.316995 -0.001192 0.948101
1341846341.780000 -2.099216 0.044343 0.492343 0.025591 0.316443 0.000392 0.948266
1341846341.843000 -2.097134 0.040618 0.489260 0.029359 0.315176 0.004271 0.948569
1341846341.906000 -2.101126 0.033286 0.483671 0.033400 0.314430 0.008502 0.948655
1341846341.942000 -2.089731 0.042825 0.493018 0.039569 0.313195 0.009366 0.948818
1341846341.975000 -2.091597 0.056097 0.503254 0.045312 0.314063 0.007758 0.948289
1341846342.010000 -2.090821 0.054049 0.500601 0.045838 0.312301 0.009495 0.948829
1341846342.042000 -2.099355 0.027860 0.471939 0.043712 0.310949 0.010747 0.949360
1341846342.080000 -2.094352 0.034717 0.467365 0.046829 0.312046 0.010082 0.948859
1341846342.112000 -2.098249 0.032696 0.469679 0.047827 0.313191 0.011702 0.948413
1341846342.148000 -2.094283 0.031617 0.469046 0.051384 0.311217 0.013489 0.948853
1341846342.180000 -2.090884 0.034919 0.466328 0.054648 0.311103 0.013241 0.948711
1341846342.212000 -2.093422 0.036180 0.467195 0.055045 0.312114 0.012696 0.948364
1341846342.248000 -2.091400 0.034697 0.466349 0.055593 0.312071 0.010846 0.948369
1341846342.280000 -2.086929 0.039398 0.464136 0.058234 0.311533 0.010693 0.948389
1341846342.316000 -2.085684 0.040345 0.459108 0.059855 0.310956 0.010939 0.948475
1341846342.348000 -2.087517 0.041326 0.457803 0.059940 0.311373 0.010301 0.948340
1341846342.380000 -2.086537 0.035786 0.455800 0.059394 0.311473 0.011557 0.948327
1341846342.416000 -2.091007 0.031889 0.454713 0.059564 0.312078 0.012840 0.948101
