# timestamp tx ty tz qx qy qz qw
1341846313.654184 0.000000 0.000000 0.000000 0.000000 0.000000 0.000000 1.000000
1341846313.686156 0.002442 -0.006472 0.004087 0.002794 -0.005502 0.009119 0.999939
1341846313.721918 0.020439 -0.050285 -0.002340 -0.002658 -0.005595 -0.012296 0.999905
1341846313.753994 0.011131 -0.027969 -0.000455 0.002028 -0.006044 0.000134 0.999980
1341846313.789969 0.008411 -0.021081 -0.001729 0.003277 -0.005156 0.007367 0.999954
1341846313.822075 0.018599 -0.046819 -0.002339 -0.001915 -0.004821 -0.023321 0.999715
1341846313.853928 0.014005 -0.035101 -0.000871 0.001573 -0.004861 -0.009936 0.999938
1341846313.890011 -0.004234 0.011047 0.004691 0.005415 -0.003621 0.019838 0.999782
1341846313.922055 -0.000058 0.000304 0.004784 0.004011 -0.001729 0.020254 0.999785
1341846313.957927 -0.001084 0.009515 0.016531 0.013794 -0.006432 0.022855 0.999623
1341846313.990058 -0.000459 0.004452 0.018969 0.014496 -0.001557 0.024834 0.999585
1341846314.022042 -0.001798 0.015165 0.012985 0.011434 0.002892 0.024969 0.999619
1341846314.057816 -0.224670 0.001117 0.029008 0.016336 0.010980 0.032184 0.999288
1341846314.089801 0.216339 0.038097 0.004201 0.008470 0.012664 0.033671 0.999317
1341846314.122037 -0.003423 0.016469 -0.025572 -0.019796 0.003423 0.031459 0.999303
1341846314.157989 0.130439 0.027863 -0.031880 -0.026537 0.002589 0.035748 0.999005
1341846314.190094 0.583431 0.089709 -0.033465 -0.024736 0.001831 0.036805 0.999015
1341846314.225969 0.999475 0.134022 -0.022239 -0.026265 0.003173 0.044152 0.998674
1341846314.257923 0.985435 0.144774 -0.030757 -0.027675 0.002801 0.049985 0.998363
1341846314.290052 1.002668 0.139081 -0.019940 -0.027786 0.008300 0.050471 0.998304
1341846314.325981 1.010504 0.147329 -0.023519 -0.033386 0.010503 0.052359 0.998015
1341846314.357905 0.995883 0.138674 -0.028000 -0.037339 0.011353 0.052022 0.997883
1341846314.389899 0.976799 0.124990 -0.023072 -0.030939 0.017224 0.052642 0.997985
1341846314.427905 0.961897 0.123818 -0.031068 -0.036992 0.016685 0.050639 0.997892
1341846314.493987 0.924975 0.112903 -0.029613 -0.030365 0.026356 0.048559 0.998011
1341846314.526085 0.922147 0.098655 -0.030311 -0.031671 0.029000 0.043812 0.998116
1341846314.558292 0.970454 0.154380 -0.017686 -0.025486 0.025945 0.044101 0.998365
1341846314.594085 0.908517 0.118214 -0.011122 -0.027266 0.032873 0.033975 0.998510
1341846314.626096 0.872301 0.116445 -0.010350 -0.026810 0.032234 0.020972 0.998901
1341846314.658455 0.952076 0.092464 -0.031905 -0.026157 0.026639 0.029082 0.998880
1341846314.694004 0.808825 0.076497 -0.013963 -0.031226 0.029153 0.031328 0.998596
1341846314.725910 0.577296 0.017462 -0.009604 -0.035899 0.037506 0.034253 0.998064
1341846314.761942 1.014967 0.091596 -0.027026 -0.035549 0.029301 0.037621 0.998230
1341846314.794030 0.552064 0.019221 -0.011733 -0.032308 0.032527 0.041883 0.998070
1341846314.826092 1.013060 -0.059157 -0.020194 -0.017489 0.034116 0.064659 0.997171
1341846314.862145 0.989781 0.089034 -0.145194 -0.025044 0.093232 0.057664 0.993658
1341846314.894072 0.511844 -0.005162 -0.019944 -0.027630 0.021081 0.042308 0.998500
1341846314.925969 0.991812 0.064860 -0.026416 -0.024576 0.030157 0.044456 0.998254
1341846314.961937 0.970282 0.085575 -0.024611 -0.026851 0.031019 0.049216 0.997945
1341846314.994564 0.947837 0.080211 -0.022121 -0.033299 0.027809 0.050035 0.997805
1341846315.029900 0.908149 0.055557 -0.020159 -0.034594 0.031663 0.048810 0.997707
1341846315.061965 0.893246 0.057536 -0.021432 -0.031510 0.033313 0.047292 0.997828
1341846315.094388 0.866828 0.062054 -0.014589 -0.035297 0.030339 0.054389 0.997434
1341846315.129851 0.812227 0.042379 -0.018567 -0.027769 0.035038 0.044467 0.998010
1341846315.161941 0.810846 0.058791 -0.018860 -0.037083 0.040469 0.048042 0.997336
1341846315.197984 0.778100 0.071436 -0.015577 -0.031538 0.032756 0.047704 0.997826
1341846315.230076 0.654266 0.039369 -0.031510 -0.035456 0.030154 0.043450 0.997971
1341846315.262069 0.935296 0.083662 -0.019244 -0.034502 0.031189 0.041554 0.998053
1341846315.298000 0.697512 0.050502 0.006420 -0.047897 0.022615 0.056735 0.996983
1341846315.329931 0.787715 0.055678 -0.043928 -0.052657 0.024400 0.058603 0.996593
1341846315.361981 0.820708 0.047416 -0.111464 -0.046143 0.040726 0.060073 0.996295
1341846315.397962 0.769375 0.044388 -0.047664 -0.038777 0.023798 0.061960 0.997041
1341846315.429923 0.875760 0.051930 -0.044474 -0.043310 0.023347 0.068991 0.996403
1341846315.466047 0.938280 0.071718 -0.034409 -0.037958 0.022633 0.069481 0.996604
1341846315.497883 0.984001 0.089168 -0.059707 -0.039266 0.026199 0.072442 0.996255
1341846315.530008 0.823220 0.054736 -0.023937 -0.038972 0.026943 0.074201 0.996117
1341846315.566108 0.600111 0.010564 -0.016050 -0.041558 0.028802 0.074937 0.995906
1341846315.597986 0.746691 0.039495 -0.022308 -0.037580 0.026948 0.074210 0.996170
1341846315.630109 1.157173 0.112877 -0.075848 -0.034153 0.024053 0.072477 0.996495
1341846315.666042 0.715243 0.043154 -0.101102 -0.029795 0.017341 0.070854 0.996891
1341846315.698114 0.755590 0.065306 -0.054130 -0.032700 0.033419 0.069877 0.996459
1341846315.733985 5.670879 0.851793 -0.140088 -0.043530 0.043317 0.074375 0.995338
1341846315.766041 5.534032 0.816234 -0.147318 -0.046773 0.047614 0.072807 0.995110
1341846315.798188 6.091897 0.916076 -0.182568 -0.043886 0.045557 0.073526 0.995285
1341846315.834140 0.306266 -0.016500 -0.070745 -0.046804 0.035033 0.070599 0.995790
1341846315.866751 0.287189 -0.027830 -0.071048 -0.042472 0.040461 0.068741 0.995908
1341846315.898492 -0.278924 -0.092766 -0.261151 -0.040740 0.049758 0.071330 0.995377
1341846315.936901 -0.283526 -0.110034 -0.258359 -0.041066 0.053576 0.075537 0.994855
1341846315.966572 0.211775 -0.056775 -0.058946 -0.041279 0.055390 0.078949 0.994482
1341846316.034204 0.221685 -0.032729 -0.069041 -0.032323 0.043119 0.074685 0.995750
1341846316.066113 0.187964 -0.051831 -0.068639 -0.030897 0.045194 0.074478 0.995719
1341846316.101867 0.208990 -0.053461 -0.058118 -0.031072 0.040745 0.086276 0.994953
1341846316.134066 0.178299 -0.048367 -0.073742 -0.026754 0.041631 0.080198 0.995550
1341846316.202049 0.139030 -0.063724 -0.070744 -0.029612 0.039297 0.072398 0.996161
1341846316.233979 0.102350 -0.070178 -0.073593 -0.027385 0.040237 0.068952 0.996432
1341846316.270052 0.106294 -0.059548 -0.061328 -0.033785 0.036756 0.070369 0.996271
1341846316.301915 0.092174 -0.070876 -0.062620 -0.034915 0.036295 0.065969 0.996550
1341846316.334208 0.154175 -0.059726 -0.050487 -0.034521 0.027913 0.067433 0.996736
1341846316.370006 0.054739 -0.070053 -0.063966 -0.032598 0.039207 0.064972 0.996584
1341846316.401994 0.057836 -0.064699 -0.049197 -0.034580 0.035714 0.067960 0.996449
1341846316.438069 0.042290 -0.064705 -0.052061 -0.033202 0.037277 0.068368 0.996410
1341846316.470076 0.033827 -0.076307 -0.043566 -0.037042 0.041474 0.077731 0.995422
1341846316.502034 0.015701 -0.077797 -0.043741 -0.031836 0.043410 0.082939 0.995100
1341846316.537975 -0.003932 -0.050108 -0.044729 -0.030971 0.045048 0.084213 0.994947
1341846316.570121 -0.025374 -0.073728 -0.066758 -0.024600 0.043517 0.080662 0.995487
1341846316.601885 -0.043593 -0.085283 -0.068525 -0.025520 0.048000 0.081231 0.995212
1341846316.638009 -0.097951 -0.088603 -0.045364 -0.028776 0.048716 0.082208 0.995008
1341846316.669925 -0.236820 -0.111197 -0.025241 -0.026201 0.049228 0.079517 0.995272
1341846316.705941 0.019377 -0.037308 -0.101136 -0.006087 0.025252 0.069941 0.997213
1341846316.738062 -0.081692 -0.036855 -0.107090 -0.009107 0.030044 0.071254 0.996964
1341846316.770433 -0.256563 -0.125952 -0.016869 -0.015784 0.057924 0.080942 0.994909
1341846316.805932 -0.226549 -0.133481 -0.018312 -0.015125 0.056356 0.082836 0.994853
1341846316.838029 -0.139900 -0.074809 -0.103617 -0.004859 0.038664 0.073227 0.996554
1341846316.870034 -0.111716 -0.048741 -0.099529 -0.003591 0.034237 0.070830 0.996894
1341846316.906344 -0.146604 -0.056182 -0.097311 -0.000912 0.036112 0.074734 0.996549
1341846316.937940 0.115228 0.386197 -0.091673 0.013139 0.026492 0.119434 0.992402
1341846316.973994 0.525643 -2.255595 -0.638130 0.022912 0.051849 0.107811 0.992554
1341846317.005913 -0.040572 0.000626 -0.393957 0.032857 0.029315 0.086011 0.995321
1341846317.037936 -0.014808 -0.012892 -0.392396 0.032058 0.024660 0.083059 0.995724
1341846317.073972 -0.089051 -0.067547 -0.347824 0.021313 0.039722 0.081659 0.995640
1341846317.106113 0.074301 -0.679253 -0.433638 0.015779 0.003789 0.058693 0.998144
1341846317.137887 0.384564 -1.281714 -0.416820 -0.010993 -0.000403 0.130008 0.991452
1341846317.173970 0.258951 -1.469519 -0.403882 -0.043605 0.004460 0.493452 0.868668
1341846317.205887 0.201668 -0.444201 -0.368155 -0.005469 -0.025029 0.183033 0.982773
1341846317.248131 0.372494 -1.285292 -0.409456 -0.021260 0.016597 0.169948 0.985084
1341846317.306289 0.433352 -1.328406 -0.411102 -0.016292 -0.027758 0.185780 0.982064
1341846317.348137 0.379349 -1.339943 -0.404723 -0.021919 0.009911 0.154483 0.987703
1341846317.410120 0.387433 -1.338760 -0.401831 -0.025501 0.003585 0.159892 0.986798
1341846317.442569 0.393288 -1.337718 -0.394503 -0.035600 -0.002326 0.168441 0.985066
1341846317.474010 0.463334 -1.321704 -0.398262 -0.023237 -0.046190 0.268623 0.961857
1341846317.509927 0.462350 -1.321330 -0.397512 -0.019631 -0.052787 0.265516 0.962460
1341846317.542282 0.436095 -1.327379 -0.401097 -0.019982 -0.057343 0.287325 0.955906
1341846317.573943 0.426479 -1.330026 -0.398816 -0.021750 -0.068715 0.295621 0.952583
1341846317.610159 0.455310 -1.323240 -0.391353 -0.025603 -0.074296 0.301839 0.950115
1341846317.643553 0.432509 -1.328910 -0.392926 -0.023171 -0.073363 0.320153 0.944237
1341846317.677993 0.434228 -1.328834 -0.387628 -0.024825 -0.081647 0.338923 0.936936
1341846317.709996 0.419594 -1.332588 -0.388933 -0.025444 -0.085947 0.359338 0.928893
1341846317.741834 0.439320 -1.327589 -0.383465 -0.024970 -0.091566 0.377577 0.921101
1341846317.777923 0.376521 -1.345394 -0.394944 -0.021724 -0.092033 0.364156 0.926525
1341846317.810021 0.300024 -1.368406 -0.407949 -0.022338 -0.091675 0.366372 0.925672
1341846317.841886 0.174967 -1.391064 -0.405746 -0.016227 -0.100673 0.473083 0.875097
1341846317.878017 0.150262 -1.463958 -0.412744 -0.016732 -0.100940 0.485698 0.868118
1341846317.909910 0.156997 -1.302788 -0.390884 -0.019929 -0.109786 0.517281 0.848510
1341846317.946031 0.106614 -1.162104 -0.376857 -0.016518 -0.111543 0.528565 0.841371
1341846317.978041 0.199333 -0.981541 -0.336987 -0.017262 -0.114779 0.563581 0.817865
1341846318.009897 0.509968 -1.121653 -0.299722 -0.020423 -0.115930 0.558014 0.821440
1341846318.045949 0.366326 -1.299214 -0.347346 -0.026344 -0.109407 0.573711 0.811291
1341846318.078074 0.312898 -0.942022 -0.315620 -0.021927 -0.111790 0.595982 0.794876
1341846318.109894 1.151732 -0.966350 -0.175506 -0.029607 -0.111494 0.617842 0.777794
1341846318.145957 0.707734 -1.134533 -0.257456 -0.023786 -0.119287 0.578210 0.806770
1341846318.178001 0.832940 -1.138324 -0.236539 -0.020684 -0.122079 0.568018 0.813649
1341846318.214074 0.606119 -0.762071 -0.233218 -0.013743 -0.121574 0.605738 0.786201
1341846318.245970 0.564217 -0.913141 -0.264904 -0.020250 -0.119215 0.660005 0.741465
1341846318.278018 0.868406 -1.388525 -0.240263 -0.017017 -0.119360 0.553418 0.824131
1341846318.313937 0.846908 -1.353437 -0.234789 -0.023608 -0.127595 0.624431 0.770226
1341846318.345989 0.693870 -1.155598 -0.143967 -0.018778 -0.142386 0.604393 0.783634
1341846318.382046 -0.572677 -2.196952 -0.563144 -0.004709 -0.135254 0.601388 0.787411
1341846318.414072 1.243855 -1.936454 -0.181471 -0.066082 -0.040351 0.993591 -0.082347
1341846318.446035 1.287859 -2.097816 -0.185063 -0.055885 -0.048820 0.992977 -0.092141
1341846318.482196 1.308121 -2.076321 -0.177663 -0.053523 -0.049886 0.993450 -0.087776
1341846318.514144 1.321965 -2.021352 -0.169363 -0.050610 -0.050193 0.994791 -0.072871
1341846318.546259 1.329003 -1.958837 -0.163235 -0.048898 -0.044756 0.995862 -0.062168
1341846318.582042 1.325484 -1.949916 -0.163592 -0.050868 -0.034758 0.995752 -0.068422
1341846318.614115 1.334946 -1.972583 -0.164618 -0.045883 -0.051099 0.997181 -0.030241
1341846318.650038 1.364199 -2.044356 -0.165230 -0.042383 -0.059748 0.996865 -0.029904
1341846318.682350 1.242577 -1.967239 -0.176449 0.006279 -0.039736 0.997698 -0.054583
1341846318.714063 1.291298 -1.969435 -0.171776 0.004325 -0.039156 0.997739 -0.054456
1341846318.749905 1.249406 -1.990347 -0.178869 0.010285 -0.044720 0.998056 -0.042170
1341846318.782036 1.245459 -1.975842 -0.179722 0.009115 -0.040058 0.997753 -0.052923
1341846318.814121 1.253721 -2.004393 -0.181495 0.010272 -0.042323 0.995713 -0.081607
1341846318.850072 0.815892 -0.516204 -0.038637 0.102566 -0.119327 0.044604 0.986535
1341846318.883516 0.815892 -0.516204 -0.038637 0.102566 -0.119327 0.044604 0.986535
1341846318.918047 0.815892 -0.516204 -0.038637 0.102566 -0.119327 0.044604 0.986535
1341846318.950044 0.815892 -0.516204 -0.038637 0.102566 -0.119327 0.044604 0.986535
1341846318.982028 0.815892 -0.516204 -0.038637 0.102566 -0.119327 0.044604 0.986535
1341846319.018123 0.815892 -0.516204 -0.038637 0.102566 -0.119327 0.044604 0.986535
1341846319.050745 0.815892 -0.516204 -0.038637 0.102566 -0.119327 0.044604 0.986535
1341846319.081905 0.815892 -0.516204 -0.038637 0.102566 -0.119327 0.044604 0.986535
1341846319.117976 0.815892 -0.516204 -0.038637 0.102566 -0.119327 0.044604 0.986535
1341846319.150093 0.815892 -0.516204 -0.038637 0.102566 -0.119327 0.044604 0.986535
1341846319.186069 0.815892 -0.516204 -0.038637 0.102566 -0.119327 0.044604 0.986535
1341846319.218149 0.815892 -0.516204 -0.038637 0.102566 -0.119327 0.044604 0.986535
1341846319.250034 0.739682 -0.520396 -0.030782 0.097533 -0.102854 0.060731 0.988039
1341846319.286594 0.593367 -0.520578 -0.028285 0.109925 -0.074923 0.159698 0.978161
1341846319.318034 0.691558 -0.515976 -0.051268 0.097304 -0.080199 0.115218 0.985304
1341846319.350268 0.599691 -0.517110 -0.043672 0.101824 -0.067867 0.126287 0.984417
1341846319.386163 0.544052 -0.150320 0.028028 0.111937 -0.061727 0.188390 0.973740
1341846319.418386 0.579760 0.192697 0.083946 0.097335 -0.078927 0.128865 0.983712
1341846319.453961 0.568671 -0.150772 0.029492 0.106099 -0.082325 0.144930 0.980286
1341846319.486271 0.595473 -0.152522 0.015545 0.089177 -0.082484 0.088124 0.988675
1341846319.554083 0.523361 -0.143951 0.024149 0.070238 -0.079599 0.029658 0.993907
1341846319.586296 0.628129 -0.156917 0.015495 0.065189 -0.119688 0.001526 0.990668
1341846319.622031 0.628129 -0.156917 0.015495 0.065189 -0.119688 0.001526 0.990668
1341846319.653962 0.628129 -0.156917 0.015495 0.065189 -0.119688 0.001526 0.990668
1341846319.686352 0.628129 -0.156917 0.015495 0.065189 -0.119688 0.001526 0.990668
1341846319.721992 0.819656 -0.139850 0.022046 0.069303 -0.131977 0.001757 0.988826
1341846319.754063 0.806558 -0.113881 0.024999 0.066088 -0.133095 -0.026598 0.988540
1341846319.786397 0.818489 -0.110956 0.025468 0.066889 -0.132968 0.007723 0.988830
1341846319.822008 0.790626 -0.117632 0.023457 0.065437 -0.130065 -0.002130 0.989341
1341846319.853917 0.729488 -0.132335 0.019880 0.064108 -0.127085 0.018248 0.989650
1341846319.889942 0.747381 -0.106727 0.023866 0.060266 -0.125534 0.021076 0.990033
1341846319.922039 0.901126 -0.123348 0.028178 0.060050 -0.129335 0.021916 0.989538
1341846319.953946 0.517883 -0.129098 0.114161 0.061553 -0.108265 0.024663 0.991908
1341846319.990054 0.640386 0.020519 0.161277 0.069910 -0.073832 -0.303557 0.947373
1341846320.028122 0.629855 -0.078880 0.143155 0.064279 -0.101081 -0.121359 0.985354
1341846320.090047 0.617500 0.055392 0.166408 0.075079 -0.083263 -0.244983 0.963023
1341846320.122011 0.655347 -0.152069 0.119193 0.071330 -0.115222 0.013341 0.990686
1341846320.157952 0.592861 -0.169170 0.145455 0.068660 -0.107865 0.015891 0.991665
1341846320.190003 0.679139 -0.179456 0.144244 0.065235 -0.115701 0.038756 0.990382
1341846320.221941 0.648662 -0.183764 0.144277 0.071979 -0.108304 0.014662 0.991400
1341846320.258015 0.448952 -0.157351 0.118961 0.067766 -0.094213 0.037401 0.992539
1341846320.289887 0.395401 0.318086 0.022420 0.085003 -0.058975 -0.657654 0.746182
1341846320.321954 0.492027 -0.120696 -0.086189 0.086776 -0.020065 -0.828278 0.553194
1341846320.357890 0.465124 0.217763 0.019214 0.083677 -0.058519 -0.707274 0.699526
1341846320.390064 0.457354 0.357304 0.063689 0.093826 -0.048848 -0.717829 0.688137
1341846320.426544 0.490154 -0.020609 -0.068207 0.093219 -0.050232 -0.728028 0.677320
1341846320.458122 0.498611 -0.088916 -0.099507 0.099104 -0.042914 -0.726485 0.678643
1341846320.490186 0.498611 -0.088916 -0.099507 0.099104 -0.042914 -0.726485 0.678643
1341846320.525911 0.498611 -0.088916 -0.099507 0.099104 -0.042914 -0.726485 0.678643
1341846320.558091 0.498611 -0.088916 -0.099507 0.099104 -0.042914 -0.726485 0.678643
1341846320.594093 0.498611 -0.088916 -0.099507 0.099104 -0.042914 -0.726485 0.678643
1341846320.631955 0.498611 -0.088916 -0.099507 0.099104 -0.042914 -0.726485 0.678643
1341846320.664916 0.498611 -0.088916 -0.099507 0.099104 -0.042914 -0.726485 0.678643
1341846320.699927 0.507298 -0.074693 -0.157554 -0.035284 -0.011723 0.935047 -0.352569
1341846320.731822 0.507298 -0.074693 -0.157554 -0.035284 -0.011723 0.935047 -0.352569
1341846320.763877 0.507298 -0.074693 -0.157554 -0.035284 -0.011723 0.935047 -0.352569
1341846320.799999 0.507298 -0.074693 -0.157554 -0.035284 -0.011723 0.935047 -0.352569
1341846320.831871 0.507298 -0.074693 -0.157554 -0.035284 -0.011723 0.935047 -0.352569
1341846320.863887 0.507298 -0.074693 -0.157554 -0.035284 -0.011723 0.935047 -0.352569
1341846320.900014 0.507298 -0.074693 -0.157554 -0.035284 -0.011723 0.935047 -0.352569
1341846320.931889 0.661727 0.160616 -0.084732 -0.037741 -0.013847 0.935239 -0.351727
1341846320.967866 0.798994 0.270115 -0.048250 0.091688 -0.154669 0.145545 0.972876
1341846321.000017 0.798994 0.270115 -0.048250 0.091688 -0.154669 0.145545 0.972876
1341846321.031860 0.798994 0.270115 -0.048250 0.091688 -0.154669 0.145545 0.972876
1341846321.068047 0.798994 0.270115 -0.048250 0.091688 -0.154669 0.145545 0.972876
1341846321.099840 0.798994 0.270115 -0.048250 0.091688 -0.154669 0.145545 0.972876
1341846321.131821 0.798994 0.270115 -0.048250 0.091688 -0.154669 0.145545 0.972876
1341846321.167887 0.798994 0.270115 -0.048250 0.091688 -0.154669 0.145545 0.972876
1341846321.200042 0.775649 0.286162 -0.046970 0.092246 -0.152061 0.200863 0.963339
1341846321.231950 0.745241 0.307401 -0.046623 0.102111 -0.143998 0.315626 0.932319
1341846321.267939 0.758495 0.297707 -0.045057 0.101435 -0.141183 0.288064 0.941699
1341846321.299948 0.806314 0.263989 -0.044333 0.095917 -0.136467 0.188537 0.967797
1341846321.331858 0.788788 0.276902 -0.046772 0.096891 -0.130822 0.067330 0.984360
1341846321.367913 0.788319 0.276289 -0.043063 0.099267 -0.130127 0.180056 0.969945
1341846321.399897 0.763161 0.293969 -0.043234 0.098340 -0.121808 -0.027401 0.987290
1341846321.435994 0.756266 0.298366 -0.041521 0.103593 -0.118278 -0.061994 0.985614
1341846321.467946 0.749966 0.302242 -0.039393 0.105614 -0.115187 -0.061067 0.985824
1341846321.499882 0.778770 0.301108 -0.031004 0.103740 -0.096222 -0.047154 0.988815
1341846321.536109 0.713080 0.237138 -0.045944 0.106356 -0.070928 -0.010846 0.991736
1341846321.568960 0.545093 0.209918 -0.052262 0.082955 -0.030547 -0.003073 0.996080
1341846321.603938 0.834099 0.254537 -0.017637 0.077017 -0.066937 0.023803 0.994495
1341846321.637163 1.131410 -0.445342 -0.027607 0.044801 -0.072539 0.081147 0.993049
1341846321.668306 1.056560 -0.456552 -0.063719 0.033814 -0.057867 0.055726 0.996194
1341846321.704411 1.135926 -0.442397 -0.071611 0.039186 -0.056263 0.188794 0.979620
1341846321.736861 1.251212 -0.428560 -0.028719 0.062885 -0.082367 0.026717 0.994257
1341846321.771881 1.030771 -0.460239 -0.079934 0.049070 -0.043686 0.007126 0.997814
1341846321.804114 1.134637 -0.443245 -0.059010 0.002122 -0.062566 0.631652 0.772720
1341846321.836152 -3.471584 4.220167 -0.227131 0.024452 -0.058362 0.398776 0.914863
1341846321.871882 -1.892936 2.618685 -0.168538 0.019709 -0.056721 0.440584 0.895701
1341846321.904074 -1.911307 2.629056 -0.166597 0.011980 -0.058969 0.406555 0.911643
1341846321.939847 -1.585748 2.448960 -0.128417 -0.004059 -0.071274 0.386396 0.919566
1341846322.004094 -1.569086 2.445217 -0.119906 -0.008074 -0.078575 0.371932 0.924893
1341846322.066178 -1.814585 2.578089 -0.153879 -0.000580 -0.073535 0.331683 0.940521
1341846322.107979 -1.835744 2.588886 -0.155271 -0.001561 -0.071187 0.329419 0.941495
1341846322.166164 -1.724470 2.534653 -0.143491 -0.007552 -0.074526 0.334119 0.939550
1341846322.202932 -1.861643 2.600404 -0.134417 -0.000965 -0.072127 0.324472 0.943141
1341846322.234093 -1.642035 1.766813 -0.153062 0.018495 -0.070274 0.116359 0.990545
1341846322.265941 -1.728400 2.532913 -0.114794 0.007237 -0.073407 0.148895 0.986098
1341846322.301996 -1.728336 2.532942 -0.115263 -0.002319 -0.079777 0.229355 0.970065
1341846322.333949 -1.201211 -2.204437 -0.325155 -0.067630 -0.028592 0.991589 -0.106581
1341846322.369871 -1.220535 -2.041223 -0.315933 -0.063991 -0.031322 0.995862 -0.056426
1341846322.402292 -1.266917 -1.622255 -0.298518 -0.060381 -0.031457 0.996968 -0.037681
1341846322.433955 -1.269945 -1.592943 -0.297001 -0.062411 -0.028699 0.997607 -0.007892
1341846322.470030 -1.277068 -1.530272 -0.294987 -0.063280 -0.026989 0.997140 0.031306
1341846322.502433 -1.284194 -1.479711 -0.291487 -0.049829 -0.058215 0.877473 0.473465
1341846322.534002 -1.288972 -1.481809 -0.256006 -0.056807 0.019531 0.878699 -0.473581
1341846322.570196 -1.288423 -1.481559 -0.260108 -0.063022 0.021466 0.917597 -0.391897
1341846322.601920 -1.297230 -1.333824 -0.283860 -0.042714 -0.036311 0.884226 0.463682
1341846322.638119 -1.303112 -1.320905 -0.280179 -0.028892 -0.038336 0.835914 0.546757
1341846322.669947 -1.301339 -1.340460 -0.277571 -0.023513 -0.041678 0.803819 0.592946
1341846322.702026 -1.354573 -0.863043 -0.269618 -0.022927 -0.034143 0.835453 0.548020
1341846322.738006 -1.264839 -1.681292 -0.274947 -0.058768 0.034832 0.994509 -0.079275
1341846322.770087 -1.300046 -1.319506 -0.303199 -0.017621 -0.031863 0.861310 0.506773
1341846322.806047 -0.888981 -1.283064 -0.223325 -0.014446 -0.034367 0.818581 0.573179
1341846322.838063 -0.937316 -1.242081 -0.242866 -0.004804 -0.035804 0.797160 0.602686
1341846322.870081 -1.019011 -1.247446 -0.260472 0.001523 -0.029957 0.803895 0.594014
1341846322.906018 -1.059630 -1.258270 -0.270590 0.005776 -0.028277 0.799190 0.600386
1341846322.938349 -1.866371 -1.505184 -0.307916 0.028039 -0.006068 0.788559 0.614289
1341846322.970069 -1.831059 -1.502779 -0.301701 0.026477 -0.006943 0.786444 0.617054
1341846323.011820 -1.127884 -1.278111 -0.267170 -0.000499 -0.032549 0.814600 0.579108
1341846323.073951 -2.109979 -1.516879 -0.321007 0.013387 -0.020269 0.794775 0.606418
1341846323.105962 -1.857146 -1.592033 -0.302775 0.020491 -0.011130 0.801687 0.597289
1341846323.138158 -1.858499 -1.592605 -0.302157 0.018002 -0.014167 0.793730 0.607838
1341846323.174092 -1.896299 -1.607699 -0.302899 0.017015 -0.016611 0.800209 0.599249
1341846323.206059 -1.857369 -1.592124 -0.301131 0.019216 -0.015304 0.794068 0.607332
1341846323.238053 -2.535302 -1.878420 -0.450309 0.019176 -0.011090 0.802653 0.596035
1341846323.273997 -1.825114 -1.579257 -0.272351 0.003323 -0.019201 0.825017 0.564772
1341846323.305946 -1.743770 -1.545777 -0.265591 0.004751 -0.013348 0.834959 0.550130
1341846323.342027 -2.530144 -1.908975 -0.450816 0.004514 -0.018256 0.839933 0.542364
1341846323.374048 -2.646486 -1.951542 -0.465344 0.002685 -0.022334 0.835412 0.549164
1341846323.405987 -2.083500 -2.917028 -0.462514 0.014406 -0.025804 0.807446 0.589201
1341846323.441956 -2.458713 -1.879641 -0.440755 0.006773 -0.021097 0.824377 0.565607
1341846323.473878 -2.431539 -1.869395 -0.440797 0.010790 -0.021380 0.805437 0.592197
1341846323.506129 -2.806363 -1.541968 -0.421726 0.041137 -0.010642 0.586847 0.808582
1341846323.541972 -2.895261 -1.693708 -0.420150 0.034796 -0.014446 0.576859 0.815974
1341846323.573913 -2.848328 -1.529897 -0.445159 0.018495 -0.023090 0.842417 0.538014
1341846323.609927 -2.819790 -1.767952 -0.420995 0.039794 -0.008652 0.573465 0.818217
1341846323.642014 -2.622867 -1.714307 -0.433256 0.016727 -0.019711 0.730202 0.682742
1341846323.674081 -2.585276 -1.819775 -0.383826 0.037996 -0.007799 0.585686 0.809609
1341846323.710069 -2.518242 -1.842432 -0.387389 0.043126 -0.004525 0.563882 0.824716
1341846323.742111 -2.524925 -1.841033 -0.385635 0.039569 -0.007154 0.560834 0.826951
1341846323.774928 -2.501547 -1.849595 -0.386506 0.041836 -0.006519 0.542999 0.838665
1341846323.810012 -2.492739 -1.854247 -0.386952 0.041344 -0.007878 0.523680 0.850875
1341846323.842207 -2.534732 -1.838793 -0.385178 0.038527 -0.010649 0.470318 0.881591
1341846323.878019 -2.596012 -1.814129 -0.383467 0.035955 -0.011855 0.434781 0.899740
1341846323.909826 -2.642137 -1.871076 -0.387145 0.036203 -0.012544 0.415703 0.908693
1341846323.942459 -2.477125 -1.865062 -0.388334 0.044928 -0.008248 0.472838 0.879965
1341846323.978055 -2.516972 -1.888310 -0.389381 0.043506 -0.009686 0.447159 0.893343
1341846324.015934 -2.856134 -1.896732 -0.392219 0.039331 -0.016634 0.340337 0.939333
1341846324.047722 -2.911101 -1.900592 -0.392905 0.039786 -0.016309 0.308789 0.950158
1341846324.083904 -2.847791 -1.751945 -0.393678 0.040218 -0.014888 0.341885 0.938763
1341846324.115968 -2.790576 -1.875158 -0.390430 0.040125 -0.014098 0.339792 0.939539
1341846324.151967 -2.670351 -1.947211 -0.397785 0.048395 -0.006960 0.414174 0.908884
1341846324.183941 -2.759209 -1.897988 -0.392815 0.040490 -0.011038 0.330719 0.942796
1341846324.219984 -1.556193 -2.709196 -0.435142 0.022570 -0.030696 0.678561 0.733555
1341846324.251968 -2.843606 -1.268248 -0.384216 0.059352 -0.021907 -0.050581 0.996714
1341846324.284052 -1.585909 -2.688992 -0.435213 0.022821 -0.030707 0.681800 0.730538
1341846324.319880 -1.571903 -2.698456 -0.435729 0.021419 -0.031632 0.710756 0.702400
1341846324.351917 -1.587733 -2.687759 -0.435145 0.018602 -0.033477 0.773284 0.632902
1341846324.388001 -2.185462 -1.999796 -0.463611 0.018027 -0.027417 0.821386 0.569428
1341846324.419908 -1.738525 -2.769687 -0.482452 0.017940 -0.025661 0.823009 0.567165
1341846324.452027 -1.762265 -2.782925 -0.484208 0.017585 -0.027589 0.824117 0.565474
1341846324.487928 -1.915407 -2.877103 -0.526006 0.016893 -0.025404 0.837675 0.545317
1341846324.519985 -1.975026 -2.900774 -0.542222 0.010485 -0.022654 0.864853 0.501403
1341846324.556001 -2.169244 -3.016073 -0.592669 0.009408 -0.030491 0.872172 0.488157
1341846324.587888 -2.151680 -3.004738 -0.587195 0.008125 -0.028474 0.875099 0.483038
1341846324.620086 -2.189075 -3.029289 -0.593996 0.009397 -0.035180 0.880084 0.473419
1341846324.655955 -2.157348 -3.007810 -0.588395 0.008307 -0.034442 0.870083 0.491630
1341846324.688082 -2.165749 -3.013822 -0.580423 0.005187 -0.034324 0.882005 0.469960
1341846324.755922 -2.173205 -3.018820 -0.588686 0.010263 -0.031709 0.875420 0.482213
1341846324.814016 -2.261509 -3.164077 -0.598536 0.013852 -0.078039 0.629654 0.772822
1341846324.849979 -2.135030 -2.962793 -0.584987 0.011907 -0.077278 0.655620 0.751032
1341846324.881924 -2.154003 -2.995561 -0.587793 0.008940 -0.076871 0.666731 0.741269
1341846324.913902 -2.122240 -2.965652 -0.586295 0.009717 -0.073131 0.694764 0.715444
1341846324.949999 -2.144245 -3.000408 -0.588018 0.009265 -0.082990 0.647945 0.757095
1341846324.981922 -2.133013 -2.976877 -0.588720 0.011303 -0.074141 0.692835 0.717186
1341846325.018013 -2.128849 -2.971307 -0.587312 0.014774 -0.069340 0.725553 0.684504
1341846325.050079 -2.180997 -3.039553 -0.588877 0.020301 -0.066206 0.772152 0.631654
1341846325.081901 -2.244476 -3.123551 -0.600289 0.024318 -0.078933 0.701857 0.707513
1341846325.118531 -2.248079 -3.190065 -0.600227 0.025475 -0.083229 0.701015 0.707815
1341846325.149933 -2.368869 -3.286682 -0.607165 0.022178 -0.088463 0.660393 0.745361
1341846325.181925 -2.408692 -3.338869 -0.608979 0.018861 -0.086421 0.661527 0.744687
1341846325.218055 -2.432775 -3.370892 -0.614555 0.013552 -0.097084 0.595325 0.797483
1341846325.249811 -2.568376 -3.548672 -0.621208 0.009024 -0.090014 0.592745 0.800294
1341846325.285925 -2.532727 -3.501786 -0.617888 0.008593 -0.093993 0.601667 0.793151
1341846325.317988 -2.518521 -3.482783 -0.613182 0.006090 -0.099979 0.605622 0.789423
1341846325.349844 -2.624286 -3.621929 -0.623282 -0.000279 -0.094001 0.543672 0.834017
1341846325.387302 -2.179015 -3.037516 -0.593526 0.012829 -0.071157 0.814039 0.576292
1341846325.417931 -2.247032 -3.002029 -0.599055 0.007819 -0.068051 0.815674 0.574442
1341846325.450747 -2.210438 -3.009994 -0.600058 0.002748 -0.061345 0.816880 0.573530
1341846325.485954 -2.208353 -2.976619 -0.603784 -0.001091 -0.052485 0.817512 0.573514
1341846325.517875 -2.488721 -3.445828 -0.636109 -0.003969 -0.037971 0.920335 0.389264
1341846325.553859 -1.804461 -2.543551 -0.542228 -0.001089 -0.052616 0.824122 0.563962
1341846325.585855 -1.772332 -2.531597 -0.540237 0.000909 -0.056640 0.800087 0.597203
1341846325.617990 -1.802798 -2.542636 -0.555583 -0.017002 -0.039552 0.927534 0.371251
1341846325.653982 -1.802661 -2.542560 -0.556688 -0.020240 -0.041830 0.940915 0.335439
1341846325.685819 -1.802813 -2.542644 -0.555466 -0.018268 -0.040688 0.917632 0.394920
1341846325.717857 -1.811266 -2.547286 -0.487515 -0.024814 -0.023398 0.961099 0.274090
1341846325.754083 -1.802830 -2.542654 -0.555330 -0.022653 -0.025098 0.942397 0.332783
1341846325.786087 -1.802523 -2.542485 -0.557791 -0.025984 -0.017257 0.958753 0.282525
1341846325.821856 -1.802684 -2.542573 -0.556502 -0.028076 -0.012466 0.966482 0.254888
1341846325.853827 -1.809520 -2.558308 -0.555967 -0.027632 -0.012208 0.960121 0.277946
1341846325.885958 -1.802750 -2.542610 -0.555974 -0.030386 -0.010559 0.971057 0.236670
1341846325.921984 -1.808140 -2.555080 -0.553745 -0.031186 -0.002270 0.980060 0.196224
1341846325.953899 -1.849333 -2.663342 -0.571243 -0.031148 -0.005821 0.988328 0.149009
1341846325.985823 -0.261095 -0.509001 -0.134859 -0.069244 0.008260 0.972567 -0.221923
1341846326.021991 -0.184947 -0.408243 -0.111163 -0.064263 -0.005978 0.992233 -0.106344
1341846326.054055 -0.008073 -0.173094 -0.044783 -0.058488 -0.033642 0.996200 0.055067
1341846326.089984 -0.043689 -0.220647 -0.060314 -0.060345 -0.024041 0.997703 0.019201
1341846326.121822 -0.040295 -0.216037 -0.057983 -0.060145 -0.025896 0.996648 0.049045
1341846326.154079 -0.015363 -0.182917 -0.048904 -0.061860 -0.028892 0.994816 0.075359
1341846326.190178 -0.012269 -0.178824 -0.047975 -0.064180 -0.028073 0.994102 0.082788
1341846326.222162 -0.024883 -0.195445 -0.051100 -0.062803 -0.026672 0.993743 0.088430
1341846326.259181 -0.062634 -0.245237 -0.061027 -0.064857 -0.022856 0.996944 0.037073
1341846326.322766 -0.151423 -0.362394 -0.085122 -0.065118 -0.020913 0.997451 -0.020362
1341846326.359773 -0.189982 -0.345162 -0.087053 0.103671 -0.038068 -0.680195 0.724663
1341846326.392109 0.011639 -0.437268 -0.066497 0.105971 -0.045514 -0.665207 0.737698
1341846326.423985 0.016336 -0.439811 -0.063935 0.108630 -0.045549 -0.665696 0.736867
1341846326.459869 0.040132 -0.450750 -0.061155 0.112659 -0.051617 -0.635082 0.762440
1341846326.526163 -0.066361 -0.402271 -0.070944 0.108583 -0.045436 -0.663151 0.739173
1341846326.560211 -0.064289 -0.401292 -0.081028 0.112398 -0.067343 -0.558055 0.819394
1341846326.591828 -0.063361 -0.400843 -0.085598 0.025802 -0.099490 0.455976 0.884037
1341846326.627027 -0.062946 -0.400690 -0.087391 0.064771 -0.106435 0.049486 0.990973
1341846326.658442 -0.059386 -0.398942 -0.105062 0.117962 -0.028213 -0.837878 0.532212
1341846326.694856 0.248194 -0.571317 0.049102 0.109472 -0.012702 -0.855515 0.505914
1341846326.726206 0.339095 -0.632410 0.064531 -0.102012 -0.015420 0.936191 -0.336009
1341846326.762753 -0.072207 -0.390485 -0.107989 -0.108036 -0.016076 0.940875 -0.320662
1341846326.826821 0.399060 -0.664307 0.065464 -0.104515 -0.017533 0.925502 -0.363613
1341846326.858887 0.411647 -0.671868 0.068864 -0.102973 -0.025070 0.924330 -0.366582
1341846326.895360 0.877372 -0.925263 0.240512 -0.094393 -0.024113 0.908980 -0.405294
1341846326.926897 1.056790 -1.033997 0.267582 -0.097323 -0.021463 0.918716 -0.382137
1341846326.958888 1.042508 -1.028357 0.266328 -0.097270 -0.006788 0.885350 -0.454585
1341846326.994594 1.148273 -1.069888 0.292728 0.100839 -0.018208 -0.786819 0.608618
1341846327.026301 0.953712 -0.955996 0.270526 0.107849 -0.006727 -0.777738 0.619231
1341846327.063945 0.734190 -0.860019 0.260260 0.089615 -0.022336 -0.565255 0.819730
1341846327.094662 1.028753 -1.010352 0.280589 0.093000 -0.019767 -0.699495 0.708284
1341846327.128901 0.775938 -0.882398 0.265704 0.088637 -0.020573 -0.569733 0.816777
1341846327.161940 0.753593 -0.870939 0.263361 0.078999 -0.023419 -0.528439 0.844963
1341846327.193867 1.183495 -1.092060 0.312136 0.086139 -0.015624 -0.695797 0.712883
1341846327.229885 1.179181 -1.047265 0.342314 0.099643 -0.004782 -0.690176 0.716733
1341846327.262014 1.187079 -0.990916 0.351965 0.099249 0.000039 -0.691073 0.715938
1341846327.294023 1.126507 -2.341939 0.439030 0.105773 0.010258 -0.695245 0.710873
1341846327.330015 1.134123 -2.795968 0.369357 0.106397 0.000565 -0.704384 0.701799
1341846327.361939 1.353934 1.875406 0.606411 0.106987 0.008198 -0.709224 0.696770
1341846327.393887 1.220073 -1.994717 0.177754 0.092241 0.002149 -0.720763 0.687014
1341846327.429966 1.239208 -2.032406 0.180487 0.090956 0.003884 -0.724952 0.682756
1341846327.461965 1.269363 -1.997187 0.181344 0.091039 0.002147 -0.726046 0.681589
1341846327.497931 1.271695 -2.056099 0.177019 0.079811 0.005152 -0.727710 0.681207
1341846327.530068 1.364278 -1.411325 -0.088938 0.065147 -0.008562 -0.732453 0.677639
1341846327.561895 1.320559 -1.547133 0.009919 0.081790 0.003049 -0.728548 0.680088
1341846327.598010 1.334137 -1.490721 0.019139 0.082326 -0.000244 -0.726605 0.682105
1341846327.629945 1.340074 -1.535842 0.026067 0.076825 -0.003171 -0.728704 0.680499
1341846327.662003 1.341301 -1.666582 0.017409 0.061733 -0.001591 -0.745046 0.664148
1341846327.697919 1.330578 -1.801227 0.004390 0.059148 -0.001387 -0.747457 0.661670
1341846327.730075 1.353063 -1.834145 0.004925 0.065908 -0.000876 -0.746921 0.661638
1341846327.766017 1.389304 -1.673589 0.082377 0.053441 -0.007785 -0.746826 0.662823
1341846327.797917 1.409007 -1.660259 0.084099 0.051910 -0.002571 -0.746012 0.663901
1341846327.830054 1.425937 -1.630385 0.082667 0.050129 0.010234 -0.743976 0.666245
1341846327.865944 1.416521 -1.795616 0.056859 0.053981 0.018753 -0.743193 0.666632
1341846327.898010 1.413211 -1.924140 0.036317 0.060811 0.023259 -0.741699 0.667566
1341846327.929991 1.434212 -1.876910 0.040404 0.071417 0.037016 -0.740075 0.667696
1341846327.966065 1.828210 0.567095 0.127802 0.025106 0.026126 -0.755330 0.654342
1341846327.998073 1.838169 0.580200 0.126249 0.020781 0.031809 -0.756580 0.652797
1341846328.034045 1.108704 -4.378028 -0.144345 0.023467 0.022697 -0.764461 0.643842
1341846328.065993 0.901460 -5.801860 -0.395243 0.003604 0.038944 -0.763277 0.644887
1341846328.098045 1.423947 -2.310652 -0.271720 -0.009860 0.059172 -0.756410 0.651341
1341846328.133967 1.410223 -2.320193 -0.274317 -0.011645 0.061604 -0.755192 0.652498
1341846328.166023 1.553900 -1.320198 -0.135557 0.008614 0.065327 -0.753256 0.654418
1341846328.198018 1.609553 -0.949939 -0.033545 0.020660 0.063938 -0.753563 0.653932
1341846328.234044 1.452392 -1.859566 -0.089795 0.055396 0.063647 -0.739572 0.667767
1341846328.265899 1.441949 -1.858088 -0.092400 0.055300 0.061700 -0.740050 0.667429
1341846328.302051 1.429401 -1.834174 -0.092661 0.054799 0.060426 -0.739454 0.668247
1341846328.333917 1.392535 -2.012488 -0.122732 0.057664 0.059968 -0.737783 0.669891
1341846328.366008 1.365309 -2.084929 -0.138485 0.060879 0.061003 -0.736615 0.670799
1341846328.402010 1.128709 -3.802320 -0.215000 0.053020 0.039667 -0.740535 0.668748
1341846328.433920 1.120672 -3.753746 -0.210092 0.060374 0.043609 -0.739117 0.669447
1341846328.470003 1.140139 -3.417240 -0.140007 0.097390 0.072003 -0.732233 0.670198
1341846328.502194 1.121303 -3.333299 -0.116530 0.101209 0.063392 -0.737525 0.664677
1341846328.534033 1.101210 -3.273967 -0.108736 0.099670 0.064197 -0.742595 0.659165
1341846328.570125 1.081554 -3.232272 -0.107260 0.098888 0.071261 -0.744031 0.656933
1341846328.602804 1.068022 -3.170959 -0.094985 0.102349 0.071103 -0.744687 0.655675
1341846328.672663 1.038176 -3.007533 -0.055465 0.109838 0.051321 -0.745532 0.655350
1341846328.702975 1.212287 -0.127449 0.670969 0.108018 0.071477 -0.731220 0.669731
1341846328.770129 1.179532 0.736010 0.973579 0.142295 0.091097 -0.716739 0.676564
1341846328.802331 1.171341 0.767083 0.980638 0.140755 0.091161 -0.714818 0.678905
1341846328.838051 1.178901 0.737331 0.971235 0.144070 0.071029 -0.650457 0.742364
1341846328.869939 1.095494 0.787957 0.981748 0.141353 0.072168 -0.670330 0.724893
1341846328.904486 1.090139 0.789785 0.983996 0.140454 0.073819 -0.682762 0.713204
1341846328.939814 1.099381 0.784979 0.981953 0.139420 0.070051 -0.671584 0.724314
1341846328.970217 0.922124 0.891101 0.968874 0.132246 0.060410 -0.634831 0.758849
1341846329.006232 1.031075 0.818459 0.990560 0.142847 0.063472 -0.655475 0.738863
1341846329.038243 0.942490 0.871206 1.001198 0.136040 0.072761 -0.646449 0.747197
1341846329.106125 0.542257 0.535713 0.838339 0.128676 0.053764 -0.605492 0.783537
1341846329.138340 0.337785 0.342075 0.731450 0.148119 0.073553 -0.669295 0.724358
1341846329.169991 0.443534 0.607402 0.826007 0.144177 0.068025 -0.657281 0.736592
1341846329.208656 0.522750 0.544598 0.835574 0.126417 0.051694 -0.587124 0.797892
1341846329.238169 0.405542 0.637870 0.838283 0.145422 0.071799 -0.700210 0.695272
1341846329.273827 0.412865 0.631399 0.840605 0.140383 0.074969 -0.695289 0.700889
1341846329.306052 0.404346 0.638307 0.839377 0.134573 0.075139 -0.674241 0.722249
1341846329.338104 0.387378 0.646317 0.850526 0.134181 0.087524 -0.697307 0.698640
1341846329.373907 0.339185 0.686323 0.842337 0.140945 0.081138 -0.726848 0.667266
1341846329.405985 0.391455 0.646651 0.842521 0.144500 0.080367 -0.725767 0.667775
1341846329.442057 0.346711 0.680125 0.842363 0.136894 0.088042 -0.718336 0.676388
1341846329.473950 0.342495 0.682825 0.844354 0.136836 0.092193 -0.731809 0.661236
1341846329.506147 0.258331 0.770300 0.864474 0.144820 0.108332 -0.796351 0.577163
1341846329.542121 0.243822 0.776773 0.864553 0.144123 0.104482 -0.791701 0.584398
1341846329.574086 0.255330 0.746903 0.844684 0.135787 0.090173 -0.754305 0.635967
1341846329.606387 0.231250 0.767890 0.849427 0.131051 0.096548 -0.749508 0.641672
1341846329.641955 0.214447 0.777832 0.857486 0.130532 0.100507 -0.752930 0.637147
1341846329.681570 0.185121 0.797012 0.866577 0.130571 0.097587 -0.755130 0.634986
1341846329.748113 0.173838 0.805222 0.869163 0.132801 0.093143 -0.750500 0.640655
1341846329.810175 0.147771 0.824349 0.875108 0.128412 0.102889 -0.747133 0.643986
1341846329.842255 0.142043 0.793695 0.865443 0.151495 0.072150 -0.630491 0.757842
1341846329.874044 0.149904 0.836114 0.883446 0.184753 0.022830 -0.413874 0.891097
1341846329.910073 0.155700 0.870282 0.905928 0.186396 0.022265 -0.416948 0.889334
1341846329.942009 0.149253 0.831722 0.884877 0.173711 0.041195 -0.498465 0.848328
1341846329.978087 0.167853 0.889824 0.905722 0.134604 0.099457 -0.714962 0.678837
1341846330.016305 0.203340 0.988645 0.953962 0.131792 0.106117 -0.732373 0.659546
1341846330.048192 0.169180 0.892226 0.914200 0.181307 0.023633 -0.402114 0.897147
1341846330.080418 0.113581 0.784203 0.882677 0.179531 0.006487 -0.293940 0.938790
1341846330.115886 -0.247626 0.754906 0.844920 0.156613 0.052549 -0.530503 0.831431
1341846330.147839 -1.061204 0.541726 0.717438 0.152238 0.064896 -0.580525 0.797247
1341846330.181257 -0.342038 1.149379 0.976582 0.168233 0.044536 -0.464832 0.868127
1341846330.215852 0.176024 1.027731 0.971560 0.185344 -0.007048 -0.241568 0.952493
1341846330.247833 0.193760 0.999367 0.964209 0.195621 0.001682 -0.286738 0.937822
1341846330.283913 0.156983 0.851799 0.894558 0.190673 -0.010560 -0.240884 0.951581
1341846330.316011 0.218530 1.184572 1.018408 0.181778 -0.026960 -0.151538 0.971219
1341846330.347868 0.209611 1.255037 1.061467 0.183347 -0.004634 -0.235090 0.954513
1341846330.383835 0.204012 1.327598 1.089223 0.179055 -0.002883 -0.235732 0.955176
1341846330.415934 0.196578 1.306441 1.087953 0.186664 0.002869 -0.258053 0.947922
1341846330.452561 0.186931 1.186540 1.034707 0.186448 -0.010559 -0.212350 0.959183
1341846330.483903 0.197567 1.320919 1.095460 0.191583 -0.004739 -0.235638 0.952758
1341846330.515970 0.193739 1.265702 1.070739 0.185999 -0.002297 -0.261189 0.947195
1341846330.552099 0.193409 1.261788 1.072074 0.180163 0.005250 -0.297890 0.937430
1341846330.583876 0.193450 1.259195 1.064671 0.189685 -0.010664 -0.228720 0.954774
1341846330.619992 0.192721 1.247277 1.055476 0.176226 -0.002525 -0.261722 0.948915
1341846330.652136 0.193670 1.254436 1.047805 0.179570 -0.012990 -0.217037 0.959417
1341846330.683796 0.195367 1.281996 1.064519 0.171984 -0.002385 -0.258766 0.950503
1341846330.719991 0.195935 1.290367 1.068993 0.173200 -0.006044 -0.256746 0.950814
1341846330.752103 0.204345 1.411031 1.120589 0.168187 0.014946 -0.346290 0.922807
1341846330.787952 -0.218055 1.171873 0.996750 0.160985 -0.025134 -0.212758 0.963424
1341846330.819823 -1.182451 2.833867 1.502242 0.153967 0.016254 -0.449271 0.879878
1341846330.852208 0.256050 1.599371 1.021528 0.188692 -0.034793 -0.251315 0.948697
1341846330.914111 0.263030 1.552367 0.939835 0.131746 0.014838 -0.466185 0.874697
1341846330.949903 0.253170 1.541058 0.934660 0.131801 0.001660 -0.420322 0.897750
1341846330.981986 0.222128 1.494577 0.920264 0.149169 -0.024573 -0.286794 0.945988
1341846331.014111 0.160506 1.533086 0.929756 0.152825 -0.023478 -0.271769 0.949861
1341846331.082139 0.083019 1.539898 0.925204 0.151352 -0.033155 -0.257618 0.953743
1341846331.114334 0.229101 1.524669 0.924838 0.150459 -0.026864 -0.302890 0.940690
1341846331.149989 0.227923 1.522115 0.919273 0.145923 -0.024851 -0.313800 0.937880
1341846331.181954 0.223984 1.503630 0.912134 0.141079 -0.014323 -0.347863 0.926759
1341846331.218151 0.278665 1.743769 0.999575 0.136990 -0.006637 -0.389734 0.910657
1341846331.249914 0.267511 1.694331 0.992071 0.140064 -0.007645 -0.385784 0.911863
1341846331.318141 0.310090 1.978020 1.103348 0.138264 0.015511 -0.445618 0.884346
1341846331.349926 0.414051 2.001660 1.132857 0.136247 0.019494 -0.454755 0.879917
1341846331.382003 0.313353 1.998067 1.110896 0.152562 -0.005149 -0.378157 0.913069
1341846331.418008 1.366611 1.712159 1.194374 0.173014 0.012068 -0.455121 0.873376
1341846331.450327 0.468576 1.902127 1.180057 0.163985 -0.025481 -0.316788 0.933865
1341846331.486219 0.281356 2.001175 1.216839 0.150224 -0.015733 -0.312003 0.937997
1341846331.518344 0.246976 2.049431 1.239966 0.137653 -0.012320 -0.355221 0.924509
1341846331.550202 0.267369 2.016379 1.225663 0.152180 -0.029314 -0.262800 0.952322
1341846331.586139 0.435170 2.073658 1.277460 0.153323 0.083277 -0.658020 0.732507
1341846331.617931 -0.038123 2.106967 1.256230 0.108512 0.066194 -0.615288 0.777987
1341846331.654027 0.489278 2.821164 1.585778 -0.099682 -0.141441 0.859893 -0.480252
1341846331.686123 0.483935 2.850656 1.603867 0.108717 0.133595 -0.846086 0.504452
1341846331.717954 0.429229 3.259319 1.770761 0.105010 0.146592 -0.841735 0.508887
1341846331.754076 0.369777 2.870812 1.604820 0.115987 0.126234 -0.811450 0.558714
1341846331.785920 0.167497 2.866166 1.580397 0.107264 0.139234 -0.823274 0.539748
1341846331.818053 0.165825 3.018491 1.651583 0.106139 0.134546 -0.823534 0.540762
1341846331.853849 -0.054437 3.180482 1.706263 0.108297 0.144152 -0.790482 0.585346
1341846331.885987 -0.037805 3.186622 1.710098 0.108490 0.148493 -0.770936 0.609784
1341846331.922014 -0.269934 3.368582 1.803650 0.122553 0.142123 -0.708096 0.680721
1341846331.954037 -0.786293 2.361107 1.475751 0.109949 0.118144 -0.616359 0.770749
1341846331.986135 -0.997774 2.273606 1.445539 0.120593 0.131483 -0.645921 0.742264
1341846332.022364 -0.610200 2.565639 1.585215 0.111292 0.122105 -0.631752 0.757359
1341846332.054175 -0.586013 2.611561 1.614061 0.134177 0.128817 -0.635288 0.749541
1341846332.086502 -0.588031 2.607987 1.620501 0.131038 0.118907 -0.633504 0.753235
1341846332.122051 -0.745168 2.203916 1.452756 0.165763 0.106606 -0.549245 0.812089
1341846332.153983 -0.995602 1.566668 1.147957 0.194233 0.041160 -0.289995 0.936207
1341846332.190165 -0.744859 2.213293 1.430952 0.184513 0.053641 -0.368208 0.909671
1341846332.254145 -0.927105 2.150915 1.415628 0.170154 0.076762 -0.475848 0.859491
1341846332.289948 -0.879019 2.124565 1.513576 0.146060 0.097779 -0.609571 0.773000
1341846332.322172 -2.658995 2.338279 1.564765 0.170204 -0.149391 0.585704 0.778244
1341846332.354003 -1.749521 2.749087 1.771483 0.208532 -0.129926 0.421574 0.872874
1341846332.390180 -1.690113 2.727824 1.772121 0.203076 -0.092066 0.302965 0.926551
1341846332.422055 -1.740541 2.713501 1.772541 0.206547 -0.101537 0.334059 0.914020
1341846332.458114 -1.680923 2.763403 1.814257 0.182067 -0.118368 0.406593 0.887425
1341846332.489993 -1.713060 2.750515 1.814302 0.189723 -0.070155 0.241917 0.948978
1341846332.522130 -2.006834 2.696781 1.812733 0.195759 -0.001246 -0.004807 0.980640
1341846332.558114 -1.835285 2.768852 1.832923 0.197067 -0.048845 0.124849 0.971181
1341846332.589874 -1.703781 2.802534 1.862598 0.198229 -0.027613 0.027111 0.979391
1341846332.621889 -1.625894 2.358910 1.674637 0.207223 -0.036794 0.038479 0.976844
1341846332.658202 -1.611895 2.360686 1.682743 0.204189 -0.034001 0.031398 0.977837
1341846332.690001 1.588014 1.876927 1.655521 0.141255 0.116109 -0.695798 0.694572
1341846332.726000 -2.006862 2.696050 1.814428 0.189335 -0.058763 0.141366 0.969905
1341846332.758386 0.257515 3.263395 2.088374 0.157558 0.074184 -0.472910 0.863729
1341846332.789937 -0.252552 0.478294 0.958264 -0.032855 -0.193128 0.950311 -0.241930
1341846332.825925 0.633935 3.461003 2.279283 0.128087 0.114338 -0.684620 0.708390
1341846332.857898 0.473558 3.382014 2.251753 0.127838 0.117354 -0.674108 0.717958
1341846332.894069 0.660342 4.394396 2.662172 0.175479 -0.030310 -0.148067 0.972813
1341846332.926029 0.441831 3.907111 2.471712 0.166670 0.019802 -0.285373 0.943606
1341846332.958015 0.427054 3.901425 2.473451 0.165162 0.009072 -0.279404 0.945819
1341846332.994073 -4.459169 3.939134 2.463037 0.150834 -0.213813 0.750250 0.607173
1341846333.026545 -4.407045 3.968351 2.482347 0.142542 -0.218765 0.780104 0.568561
1341846333.057998 -4.392501 3.962205 2.484353 0.148468 -0.210247 0.765070 0.590273
1341846333.094024 -4.368115 3.983684 2.499781 0.139552 -0.213033 0.770841 0.583906
1341846333.126095 -4.358052 3.946507 2.488437 0.140349 -0.207105 0.766577 0.591412
1341846333.161973 -4.354181 3.928855 2.492758 0.125328 -0.190222 0.770992 0.594709
1341846333.195660 -4.343752 3.888000 2.478107 0.123326 -0.188144 0.778232 0.586300
1341846333.226331 -4.339521 3.867400 2.486878 0.103976 -0.196042 0.794390 0.565422
1341846333.262056 -4.289449 3.682684 2.396731 0.112785 -0.253467 0.892151 0.356511
1341846333.294147 -4.285830 3.664994 2.377606 0.104036 -0.234324 0.879261 0.401459
1341846333.326100 -4.272228 3.597010 2.353211 0.095118 -0.238112 0.884847 0.388974
1341846333.362100 -4.188748 3.551685 2.321742 0.091435 -0.239692 0.888851 0.379647
1341846333.394119 -4.122301 4.239619 2.691997 0.174848 -0.158532 0.483359 0.843006
1341846333.429974 -4.262729 4.247592 2.693765 0.169850 -0.171985 0.534202 0.810062
1341846333.462115 -4.319165 4.213451 2.678899 0.167155 -0.175814 0.541158 0.805169
1341846333.494040 -4.463789 4.100907 2.619805 0.166654 -0.179121 0.527498 0.813565
1341846333.529953 -4.452061 4.111810 2.632209 0.164628 -0.182777 0.540913 0.804303
1341846333.562063 -4.472814 3.782607 2.472664 0.152668 -0.160172 0.496022 0.839643
1341846333.594090 -4.238535 3.672849 2.436493 0.135945 -0.175771 0.541626 0.810719
1341846333.629994 -4.237696 3.669245 2.438710 0.135474 -0.180125 0.546484 0.806571
1341846333.662127 -4.181436 3.554426 2.381366 0.124275 -0.189791 0.579728 0.782592
1341846333.697964 -4.313625 3.827923 2.504209 0.163436 -0.124314 0.339963 0.917747
1341846333.730092 -4.305193 3.815735 2.489019 0.163032 -0.126597 0.354255 0.912084
1341846333.762089 -4.311567 3.830381 2.492678 0.162177 -0.132499 0.377324 0.902092
1341846333.798006 -4.364521 3.939489 2.541580 0.167083 -0.143040 0.430692 0.875287
1341846333.830055 -4.394933 3.894150 2.514821 0.171468 -0.152217 0.438688 0.868897
1341846333.866045 -4.144255 3.954973 2.551466 0.172826 -0.145550 0.439222 0.869500
1341846333.897987 -4.143467 3.956558 2.545125 0.170215 -0.138449 0.438007 0.871785
1341846333.930099 -4.177280 4.023998 2.580572 0.173959 -0.129621 0.431257 0.875759
1341846333.965889 -4.634705 4.827946 3.051549 0.212858 0.006183 0.018307 0.976892
1341846333.997985 -3.823375 5.233428 3.325501 0.218107 0.084130 -0.129526 0.963626
1341846334.030076 -3.858294 5.240154 3.326890 0.224345 0.081621 -0.108242 0.965034
1341846334.066000 -4.125428 4.572374 2.979417 0.195619 0.158397 -0.157356 0.954926
1341846334.097932 -3.922655 5.254022 3.327103 0.227068 0.092656 -0.119013 0.962128
1341846334.133884 -3.953636 5.260632 3.327307 0.227670 0.098894 -0.127992 0.960211
1341846334.166115 -3.982277 5.267871 3.325700 0.228735 0.103453 -0.124335 0.959958
1341846334.198072 -3.982277 5.267871 3.325700 0.228735 0.103453 -0.124335 0.959958
1341846334.234097 -3.985410 5.317496 3.352874 0.236098 0.089160 -0.081567 0.964186
1341846334.266045 -3.983751 5.277538 3.320522 0.244623 0.089585 -0.056511 0.963816
1341846334.297946 -3.985723 5.321791 3.342792 0.242624 0.080891 -0.025132 0.966415
1341846334.334036 -3.985542 5.296057 3.320317 0.254794 0.084899 -0.029497 0.962810
1341846334.365871 -3.997401 5.340901 3.238048 0.133549 -0.238000 0.893432 0.356792
1341846334.401845 -3.997995 5.343181 3.233946 0.138887 -0.234567 0.891422 0.362016
1341846334.433864 -3.998941 5.347512 3.232087 0.235971 -0.070708 0.442681 0.862178
1341846334.466105 -3.987060 5.253616 3.264577 0.260011 0.089896 -0.066665 0.959098
1341846334.502142 -4.000208 5.511739 3.395793 0.258988 0.058546 0.019733 0.963903
1341846334.540153 -3.998825 5.387186 3.308038 0.242650 0.108186 -0.152216 0.951970
1341846334.602351 -4.018953 5.418012 3.310597 0.255552 0.097082 -0.070261 0.959339
1341846334.670161 -4.057076 5.401038 3.283280 0.246380 0.111588 -0.133107 0.953482
1341846334.702085 -4.111241 5.512594 3.329505 0.182425 0.174707 -0.341375 0.905352
1341846334.734751 -4.086233 5.500862 3.308712 0.210294 0.129371 -0.200579 0.948055
1341846334.770889 -4.080149 5.490584 3.293100 0.214894 0.125232 -0.180963 0.951520
1341846334.802194 -4.111970 5.549902 3.320499 0.209147 0.140334 -0.227471 0.940649
1341846334.833908 -4.131044 5.603244 3.342979 0.206459 0.144816 -0.244589 0.936258
1341846334.869874 -4.115643 5.594159 3.321176 0.216775 0.126367 -0.196435 0.947868
1341846334.902006 -4.113128 5.596344 3.309054 0.222366 0.125783 -0.206318 0.944545
1341846334.938010 -4.253169 5.532029 3.280196 0.225383 0.127891 -0.212287 0.942221
1341846334.970032 -4.192670 6.096040 3.597436 0.227299 0.127899 -0.217049 0.940674
1341846335.002203 -4.258573 6.221945 3.669659 0.212839 0.108760 -0.185855 0.953063
1341846335.037880 -4.198448 6.128864 3.594927 0.221340 0.113536 -0.193982 0.948941
1341846335.069990 -4.196463 6.168696 3.610169 0.239426 0.096495 -0.143652 0.955368
1341846335.106038 -4.068347 6.141673 3.555149 0.104885 0.255183 -0.677567 0.681751
1341846335.138045 -4.090685 6.161505 3.563946 0.074994 0.278260 -0.772911 0.565293
1341846335.169900 -4.543972 6.571463 3.829323 0.183755 0.138588 -0.305270 0.924033
1341846335.206091 -4.626211 6.559207 3.821262 0.177178 0.140105 -0.334153 0.915052
1341846335.239365 -3.801846 6.286888 3.549379 -0.007446 -0.290624 0.897434 -0.331806
1341846335.269948 -3.869235 6.254479 3.524013 -0.034374 -0.282079 0.854324 -0.435179
1341846335.305972 -4.254782 5.613439 3.205797 0.146084 0.201957 -0.530970 0.809903
1341846335.338012 -4.280350 5.621612 3.194703 0.068558 0.262245 -0.819588 0.504780
1341846335.374005 -4.176260 5.610539 3.169625 -0.032542 -0.269821 0.892722 -0.359422
1341846335.406025 -3.959948 5.565158 3.077887 -0.036727 -0.262827 0.904094 -0.334945
1341846335.438079 -4.033970 5.585143 3.086696 -0.057028 -0.254013 0.879772 -0.397776
1341846335.473998 -4.379781 5.616786 3.218759 -0.091341 -0.248082 0.834852 -0.482840
1341846335.507038 -4.394980 5.631291 3.186304 -0.092962 -0.246942 0.829748 -0.491829
1341846335.538040 -4.421294 5.642111 3.180356 0.107149 0.237580 -0.804432 0.533821
1341846335.574119 -4.635426 5.684542 3.225909 0.130997 0.232397 -0.718129 0.642746
1341846335.605970 -4.613655 5.691421 3.195988 0.130375 0.234794 -0.683201 0.679051
1341846335.641978 -4.683780 5.677209 3.204650 0.002363 -0.282971 0.937120 -0.204273
1341846335.673993 -4.749130 5.691721 3.201606 -0.058017 -0.265321 0.873369 -0.404310
1341846335.706178 -4.688213 5.689649 3.184236 -0.063551 -0.267078 0.864709 -0.420605
1341846335.741982 -4.684063 5.691507 3.179526 -0.058303 -0.266344 0.868369 -0.414242
1341846335.773960 -4.756060 5.701701 3.186385 -0.056931 -0.263513 0.870655 -0.411437
1341846335.806271 -4.792244 5.706297 3.190737 -0.029878 -0.274177 0.895939 -0.348177
1341846335.842031 -4.797840 5.709226 3.187482 -0.014846 -0.278687 0.909761 -0.307323
1341846335.873966 -4.666672 5.791494 3.214604 -0.006226 -0.285453 0.925936 -0.247226
1341846335.910005 -4.659779 5.800457 3.209269 -0.012959 -0.270728 0.924720 -0.267267
1341846335.941936 -4.662631 5.824046 3.176418 -0.026336 -0.274982 0.919302 -0.280312
1341846335.974198 -4.736246 5.816561 3.099301 -0.008832 -0.280761 0.919516 -0.274927
1341846336.010032 -5.862107 6.834070 3.827343 0.117086 0.229417 -0.731249 0.631612
1341846336.042129 -5.493648 6.675672 3.695244 -0.014023 -0.265930 0.913132 -0.308666
1341846336.078076 -5.366429 6.568754 3.628668 -0.013251 -0.268726 0.914493 -0.302182
1341846336.110739 -5.423537 6.494683 3.586403 0.042913 -0.266518 0.958020 -0.096559
1341846336.142002 -5.382367 6.412181 3.529819 0.054506 -0.265524 0.961707 -0.040567
1341846336.183953 -5.121494 6.528522 3.568167 -0.018870 -0.272577 0.921366 -0.276462
1341846336.241891 -5.539706 5.811266 3.133070 -0.042189 -0.274159 0.916538 -0.288123
1341846336.277946 -5.570741 5.829780 3.158760 -0.031271 -0.272708 0.922105 -0.272718
1341846336.309977 -5.621662 5.879034 3.200956 -0.039930 -0.250974 0.920916 -0.295518
1341846336.346143 -5.648512 5.867293 3.183823 -0.032412 -0.245564 0.924416 -0.290003
1341846336.377975 -4.945489 6.456836 3.491396 -0.055300 -0.226911 0.873033 -0.428097
1341846336.410032 -4.946322 6.513672 3.519685 -0.047918 -0.242865 0.881284 -0.402565
1341846336.446041 -5.008077 6.490948 3.502194 -0.034742 -0.245275 0.865857 -0.434655
1341846336.477990 -5.174247 6.208520 3.222189 -0.016956 -0.268792 0.882759 -0.384967
1341846336.510056 -5.152805 6.223995 3.228535 -0.026944 -0.265613 0.874049 -0.405910
1341846336.546024 -5.156809 6.217629 3.220228 -0.037332 -0.260929 0.864261 -0.428456
1341846336.578003 -5.436680 6.320612 3.325038 -0.030919 -0.276377 0.870136 -0.406845
1341846336.614020 -5.414584 6.337266 3.330476 -0.039927 -0.277194 0.854672 -0.437156
1341846336.645982 -5.303705 6.415292 3.365616 -0.031590 -0.285232 0.881933 -0.373950
1341846336.678036 -5.268426 6.442003 3.374152 -0.018443 -0.294070 0.900939 -0.318579
1341846336.714024 -5.262087 6.448166 3.373768 0.075106 0.262349 -0.796955 0.538884
1341846336.746016 -4.998620 6.638161 3.450493 0.101863 0.232779 -0.707785 0.659149
1341846336.778014 -4.861249 6.738525 3.488689 0.100843 0.233493 -0.720814 0.644778
1341846336.820006 -4.737040 6.827099 3.526483 -0.002734 -0.280957 0.901227 -0.329917
1341846336.882056 -4.720565 6.842733 3.526045 0.018648 -0.279874 0.921373 -0.269063
1341846336.914273 -4.766951 6.782849 3.488755 0.025087 -0.274747 0.928215 -0.249603
1341846336.945998 -4.728265 6.839407 3.512120 -0.040176 -0.265765 0.849520 -0.453949
1341846336.981980 -4.737254 6.845941 3.484474 -0.043306 -0.260340 0.846246 -0.462835
1341846337.014238 -4.759711 6.832752 3.446171 -0.043859 -0.266496 0.843625 -0.464062
1341846337.046017 -7.247288 8.068741 4.809554 -0.045538 -0.279881 0.830689 -0.479112
1341846337.082104 -7.217690 8.122772 4.816706 -0.042013 -0.282808 0.845922 -0.450189
1341846337.114317 -7.217711 8.121248 4.818382 -0.041460 -0.278151 0.838896 -0.466011
1341846337.150037 -6.587321 7.824029 4.551270 -0.057266 -0.256598 0.837297 -0.479386
1341846337.181873 -5.045664 7.078430 4.109799 -0.065584 -0.228459 0.840858 -0.486275
1341846337.214073 -4.500252 6.776257 3.865745 -0.058215 -0.236611 0.835560 -0.492409
1341846337.250087 -4.510239 6.778300 3.834980 -0.052302 -0.231033 0.836997 -0.493279
1341846337.282028 -4.523081 6.775287 3.831736 -0.047222 -0.242111 0.833078 -0.495110
1341846337.317920 -4.472962 6.845348 3.910301 -0.084514 -0.258378 0.828619 -0.489376
1341846337.350018 -4.519631 6.778808 3.838065 -0.063247 -0.253436 0.827063 -0.497731
1341846337.382159 -4.586873 6.642739 3.743654 0.037914 0.234223 -0.831264 0.502695
1341846337.417941 -4.530476 6.757497 3.791556 -0.058853 -0.249873 0.828936 -0.496955
1341846337.450137 -4.540936 6.757953 3.770946 -0.052650 -0.243921 0.829613 -0.499472
1341846337.482096 -4.552644 6.742693 3.749723 0.048333 0.237551 -0.829545 0.503079
1341846337.518008 -4.568461 6.737580 3.738901 0.045101 0.229539 -0.829398 0.507323
1341846337.549978 -4.565599 6.705560 3.710933 0.039028 0.226798 -0.830311 0.507566
1341846337.585971 -4.642092 6.564461 3.653788 0.042978 0.224174 -0.834467 0.501562
1341846337.617903 -4.567613 6.720159 3.714705 0.046658 0.231091 -0.831286 0.503372
1341846337.650141 -4.654958 6.572133 3.645084 -0.046912 -0.234724 0.833106 -0.498636
1341846337.686352 -4.717695 6.479630 3.594314 0.036690 0.223192 -0.834106 0.503096
1341846337.718002 -4.745113 6.412893 3.570080 0.036851 0.224404 -0.834576 0.501765
1341846337.749920 -4.579070 6.720889 3.670534 -0.034349 -0.225179 0.836696 -0.498050
1341846337.786157 -4.823315 6.277502 3.500192 0.023335 0.219133 -0.834389 0.505204
1341846337.817945 -4.841740 6.244820 3.485250 0.018868 0.222283 -0.832270 0.507505
1341846337.854071 -5.462880 5.097351 3.077639 0.017696 0.221847 -0.830690 0.510318
1341846337.885951 -5.613104 4.764254 2.959253 0.013466 0.220845 -0.831224 0.510012
1341846337.918223 -5.574742 4.847949 2.994363 0.005674 0.224357 -0.830818 0.509287
1341846337.954120 -5.339434 5.316925 3.166861 0.000184 0.219127 -0.834901 0.504899
1341846337.985994 -5.376887 5.233035 3.138780 -0.009789 0.220968 -0.833935 0.505598
1341846338.018107 -5.285688 5.406459 3.181547 0.011237 0.222786 -0.833320 0.505785
1341846338.054055 -5.263230 5.446540 3.197767 0.020714 0.223022 -0.835576 0.501643
1341846338.085986 -5.285753 5.385391 3.168626 0.017307 0.211277 -0.838316 0.502283
1341846338.121875 -5.348089 5.277317 3.073158 0.007793 0.222247 -0.834366 0.504360
1341846338.154089 -5.421830 5.183131 3.071669 0.010749 0.209389 -0.829896 0.517024
1341846338.186029 -5.520279 5.000047 3.050357 0.005513 0.214593 -0.828374 0.517413
1341846338.222071 -5.528376 4.946343 3.036594 0.002344 0.211788 -0.831368 0.513777
1341846338.254107 -5.593320 4.818855 2.980509 -0.014523 0.198334 -0.837701 0.508635
1341846338.290130 -5.532266 4.939079 3.019927 -0.007709 0.197836 -0.833041 0.516570
1341846338.321952 -5.584954 4.842116 3.005774 -0.016601 0.199562 -0.836390 0.510246
1341846338.354022 -5.439526 5.111996 3.076729 -0.015549 0.190132 -0.837114 0.512687
1341846338.389969 -5.541119 4.917655 3.015699 -0.005758 0.192645 -0.835212 0.515050
1341846338.422377 -5.485546 5.022357 3.052350 -0.016929 0.198817 -0.833984 0.514448
1341846338.454010 -5.394847 5.119586 3.189354 -0.008432 0.193728 -0.839020 0.508374
1341846338.489894 -5.231124 5.451046 3.214652 -0.010933 0.202279 -0.835567 0.510678
1341846338.522066 -5.241273 5.456766 3.220610 -0.011253 0.207164 -0.834368 0.510673
1341846338.558058 -5.503363 4.860846 3.160931 -0.012362 0.173200 -0.843445 0.508379
1341846338.589842 -5.433001 5.035672 3.155187 -0.030345 0.197481 -0.835696 0.511560
1341846338.622019 -5.541240 4.834303 3.098571 -0.029212 0.193583 -0.836108 0.512440
1341846338.657984 -5.511180 4.905084 3.110275 -0.016246 0.195130 -0.835190 0.513924
1341846338.690198 -5.692315 4.515360 3.024896 -0.035869 0.189865 -0.833967 0.516880
1341846338.722454 -5.788503 4.318781 2.971453 -0.039051 0.185500 -0.834579 0.517244
1341846338.757945 -5.800726 4.313004 2.976233 -0.039508 0.186973 -0.834481 0.516838
1341846338.790039 -5.622941 4.630216 3.055922 -0.028082 0.180095 -0.831987 0.523999
1341846338.826048 -5.742629 4.397819 3.022387 -0.030853 0.181718 -0.835293 0.517989
1341846338.858027 -7.497702 1.221966 1.563551 0.021130 0.197230 -0.836297 0.511137
1341846338.889902 -8.078684 0.152132 1.148001 0.013762 0.198029 -0.836206 0.511229
1341846338.925948 -8.086012 0.126789 1.147510 0.028099 0.193223 -0.837888 0.509724
1341846338.958108 -8.137883 0.028795 1.111209 0.026555 0.193628 -0.838774 0.508193
1341846338.990057 -8.170880 -0.029118 1.096138 0.019187 0.199231 -0.837826 0.507924
1341846339.025928 -8.239879 -0.142570 1.048546 0.041415 0.188318 -0.836002 0.513733
1341846339.057939 -8.315455 -0.292310 1.006542 0.027886 0.185338 -0.837050 0.514024
1341846339.093927 -8.375579 -0.426812 0.963218 0.027785 0.184198 -0.837070 0.514405
1341846339.126562 -8.393455 -0.497821 0.946544 0.030220 0.183642 -0.836776 0.514944
1341846339.157969 -8.421564 -0.538068 0.947012 0.019877 0.180208 -0.838748 0.513450
1341846339.194113 -8.419993 -0.557366 0.941284 0.032256 0.186724 -0.836885 0.513535
1341846339.228165 -8.343029 -0.431865 1.009731 0.028768 0.204764 -0.834006 0.511545
1341846339.257998 -8.291275 -0.337293 1.037347 0.022461 0.210524 -0.830016 0.515993
1341846339.294132 -8.199290 -0.148909 1.076441 0.015933 0.217288 -0.823940 0.523121
1341846339.326577 -8.199147 -0.164779 1.276727 0.025522 0.225307 -0.824688 0.518145
1341846339.362269 -8.463451 -0.708680 0.906285 0.022747 0.213464 -0.827660 0.518551
1341846339.394725 -8.417707 -0.608739 0.947751 0.019963 0.221961 -0.827196 0.515831
1341846339.462186 -8.561357 -0.911152 0.851578 0.006960 0.218968 -0.827300 0.517280
1341846339.496743 -8.591994 -1.040924 0.918753 0.003842 0.224280 -0.826440 0.516411
1341846339.562052 -8.297419 -0.349173 1.060409 0.012477 0.205993 -0.831733 0.515394
1341846339.595122 -8.630546 -0.996026 0.843021 0.023850 0.208281 -0.829911 0.517009
1341846339.632085 -7.961615 0.295231 1.264593 0.015963 0.207888 -0.830269 0.516896
1341846339.664568 -7.964026 0.255800 1.278168 0.016682 0.213099 -0.833037 0.510254
1341846339.698896 -8.027773 0.212431 1.229577 0.005411 0.207024 -0.835058 0.509696
1341846339.731977 -7.992910 0.188782 1.262795 0.009672 0.200807 -0.837115 0.508745
1341846339.762241 -7.986816 0.193410 1.273915 0.013028 0.191979 -0.838660 0.509532
1341846339.797873 -8.003405 0.221169 1.273663 0.011220 0.201532 -0.835739 0.510684
1341846339.830245 -8.023931 0.154678 1.272322 0.012159 0.190627 -0.837350 0.512210
1341846339.862015 -8.019655 0.209699 1.275378 0.016526 0.204493 -0.834562 0.511289
1341846339.897797 -7.989176 0.195537 1.271076 0.023836 0.202318 -0.835252 0.510738
1341846339.929916 -6.131325 3.990522 2.604639 0.039857 0.190972 -0.835799 0.513207
1341846339.961960 -5.636378 4.968315 2.917234 0.040308 0.190859 -0.835588 0.513557
1341846339.997845 -6.568602 3.138091 2.328305 0.041005 0.196276 -0.835072 0.512298
1341846340.029925 -6.870951 2.461001 2.111472 0.043461 0.191941 -0.836194 0.511908
1341846340.066044 -6.875983 2.464663 2.107995 0.042754 0.186110 -0.836603 0.513450
1341846340.098009 -6.870327 2.462483 2.105883 0.043320 0.183768 -0.836961 0.513663
1341846340.130102 -6.864586 2.459127 2.107327 0.039249 0.180597 -0.836679 0.515569
1341846340.166041 -6.865388 2.458360 2.110977 0.042032 0.174708 -0.838272 0.514792
1341846340.197867 -6.863186 2.444302 2.150221 0.039662 0.192019 -0.835630 0.513106
1341846340.229904 -6.849805 2.436907 2.152119 0.042128 0.192078 -0.835973 0.512328
1341846340.265859 -6.841638 2.425672 2.173781 0.047244 0.172981 -0.838332 0.514825
1341846340.298061 -6.854420 2.428523 2.184653 0.048744 0.171976 -0.838826 0.514217
1341846340.334063 -6.843600 2.421649 2.188991 0.050603 0.168671 -0.839405 0.514187
1341846340.366064 -6.778729 2.410555 2.180756 0.051264 0.168809 -0.768079 0.615573
1341846340.397995 -6.808041 2.415630 2.185626 0.053265 0.165732 -0.765434 0.619521
1341846340.433895 -6.879283 2.426910 2.191844 0.054195 0.166310 -0.747915 0.640333
1341846340.465959 -6.964715 2.429382 2.191746 0.062501 0.159374 -0.707591 0.685571
1341846340.501858 -6.968012 2.438115 2.196555 0.058014 0.165860 -0.728803 0.661794
1341846340.534329 -6.654163 2.362694 2.193375 0.059243 0.155164 -0.780301 0.602947
1341846340.566041 -6.653299 2.358538 2.200545 0.061923 0.149095 -0.783909 0.599519
1341846340.601909 -6.673420 2.364803 2.203357 0.062357 0.149566 -0.787625 0.594465
1341846340.634005 -6.630283 2.347386 2.210615 0.067127 0.141728 -0.787651 0.595830
1341846340.666028 -6.644563 2.364829 2.198637 0.060265 0.152521 -0.777837 0.606692
1341846340.701946 -6.648546 2.364598 2.202050 0.073977 0.141612 -0.782767 0.601456
1341846340.733954 -6.647485 2.365389 2.199093 0.074470 0.142576 -0.783681 0.599975
1341846340.770081 -6.639954 2.365418 2.193782 0.076312 0.141344 -0.785695 0.597395
1341846340.801980 -6.645432 2.367518 2.191699 0.075897 0.141125 -0.787846 0.594661
1341846340.833999 -6.650519 2.367230 2.196037 0.076595 0.143158 -0.791400 0.589343
1341846340.870013 -6.636770 2.364459 2.194252 0.078549 0.141777 -0.794380 0.585397
1341846340.901955 -6.646099 2.368213 2.190210 0.076203 0.144505 -0.794996 0.584202
1341846340.933918 -6.648955 2.375860 2.170785 0.070923 0.161317 -0.790172 0.587005
1341846340.970122 -6.709343 2.086126 2.072537 0.039826 0.168095 -0.781605 0.599376
1341846341.001922 -6.723128 2.050466 2.057065 0.042666 0.163024 -0.779110 0.603814
1341846341.037923 -6.658657 2.380345 2.164898 0.068757 0.153584 -0.781328 0.601008
1341846341.070300 -6.654649 2.381037 2.160200 0.065392 0.155378 -0.780011 0.602631
1341846341.102028 -6.745705 2.002577 2.033539 0.037297 0.162016 -0.774367 0.610504
1341846341.137982 -6.671353 2.385428 2.159338 0.061472 0.155355 -0.779910 0.603180
1341846341.170048 -6.672712 2.373483 2.152604 0.059838 0.153847 -0.779550 0.604195
1341846341.202110 -6.667824 2.362418 2.144311 0.060538 0.152957 -0.779262 0.604723
1341846341.237996 -6.654642 2.384305 2.154281 0.060243 0.153665 -0.767829 0.619029
1341846341.269883 -6.638362 2.383167 2.150989 0.063409 0.150223 -0.760654 0.628345
1341846341.306107 -6.630025 2.385365 2.150150 0.066863 0.146921 -0.743658 0.648781
1341846341.338109 -6.661277 2.385653 2.151952 0.058397 0.154274 -0.777538 0.606814
1341846341.370120 -6.595614 2.389436 2.151244 0.069444 0.143119 -0.727519 0.667391
1341846341.406074 -6.588391 2.388520 2.148734 0.071402 0.142386 -0.727516 0.667344
1341846341.438113 -6.578762 2.394580 2.151057 0.076058 0.137297 -0.705729 0.690877
1341846341.470024 -6.589956 2.401052 2.155154 0.076512 0.134659 -0.689813 0.707228
1341846341.506077 -6.676032 2.389146 2.152075 0.057932 0.149889 -0.782821 0.601140
1341846341.538156 -6.597880 2.397019 2.150507 0.073615 0.137325 -0.709341 0.687428
1341846341.574016 -6.672250 2.388301 2.151925 0.056969 0.148715 -0.782556 0.601868
1341846341.612466 -6.635397 2.389596 2.139576 0.058811 0.147107 -0.751874 0.639989
1341846341.643972 -6.691509 2.403930 2.127154 -0.034087 -0.182625 0.867887 -0.460715
1341846341.679982 -6.719683 2.409952 2.129349 -0.035478 -0.178861 0.861506 -0.473875
1341846341.712332 -6.677401 2.400045 2.123194 -0.037436 -0.174092 0.852570 -0.491340
1341846341.744185 -6.692247 2.406225 2.123188 -0.026879 -0.183552 0.876125 -0.444962
1341846341.780061 -6.633069 2.550145 2.170707 0.033234 0.174481 -0.843807 0.506400
1341846341.842595 -6.632413 2.471572 2.143419 -0.022791 -0.185610 0.883983 -0.428489
1341846341.906227 -6.534566 2.583035 2.182406 -0.020091 -0.188753 0.896765 -0.399728
1341846341.942069 -6.673382 2.397529 2.117659 -0.031798 -0.176060 0.866099 -0.466759
1341846341.974775 -6.632458 2.382539 2.102838 -0.037118 -0.165320 0.865743 -0.470936
1341846342.010161 -6.668934 2.396808 2.114112 -0.033682 -0.168435 0.868197 -0.465541
1341846342.042024 -6.677493 2.403179 2.114105 -0.034805 -0.162097 0.860449 -0.481810
1341846342.080032 -5.843321 2.773076 2.189327 0.032934 -0.155516 0.983725 -0.083752
1341846342.112265 -5.863143 2.723007 2.167008 0.040450 -0.156692 0.985892 -0.042759
1341846342.147954 -6.672531 2.766906 2.200343 0.034233 -0.152195 0.984280 -0.082806
1341846342.179852 -5.945371 2.558623 2.103587 0.064724 -0.159049 0.981589 0.083652
1341846342.211848 -6.733927 2.758538 2.196015 0.016655 -0.148035 0.977132 -0.151727
1341846342.247920 -6.025964 2.540043 2.096837 0.075964 -0.162432 0.971349 0.155968
1341846342.279870 -6.610102 2.798367 2.203493 0.045265 -0.153684 0.987080 -0.002521
1341846342.316068 -6.786585 2.657773 2.164430 -0.009272 -0.136694 0.951437 -0.275674
1341846342.347894 -6.017165 2.751732 2.177789 0.027800 -0.152755 0.983510 -0.092742
1341846342.379953 -6.564061 2.355293 2.067701 -0.037439 -0.144122 0.884269 -0.442600
1341846342.416195 -6.662386 2.406939 2.082262 -0.009444 -0.174004 0.939614 -0.294550
