# timestamp tx ty tz qx qy qz qw
1341845820.887882 0.000000 0.000000 0.000000 0.000000 0.000000 0.000000 1.000000
1341845820.920082 0.003196 0.014811 -0.001480 0.002104 -0.000696 -0.000806 0.999997
1341845820.955790 -0.021777 0.018755 0.011222 0.000760 0.002606 -0.000306 0.999996
1341845820.987817 -0.028422 0.045713 0.011205 0.005423 0.003472 -0.002772 0.999975
1341845821.019783 -0.012854 0.043487 0.006618 0.006007 -0.000285 -0.000286 0.999982
1341845821.055706 -0.015916 0.015107 0.002532 0.000357 0.000234 0.000787 1.000000
1341845821.087831 -0.021047 0.012546 -0.004611 0.001264 -0.001219 0.002179 0.999996
1341845821.119871 -0.002149 0.009793 -0.001922 0.002310 -0.001919 0.003580 0.999989
1341845821.155881 -0.006248 0.045793 -0.002119 0.008429 0.001939 0.004672 0.999952
1341845821.188556 -0.459446 1.036119 0.086063 0.027856 -0.065022 0.997261 0.021617
1341845821.223751 0.018738 0.030888 -0.012630 0.008685 -0.002134 0.008839 0.999921
1341845821.256005 0.030369 0.018720 -0.012010 0.006545 -0.001044 0.007941 0.999947
1341845821.287883 0.040087 -0.001956 -0.014483 0.001860 -0.000493 0.006869 0.999975
1341845821.323879 0.038191 0.024666 -0.015695 0.007108 0.001726 0.003819 0.999966
1341845821.355690 0.056202 0.043751 -0.013648 0.011205 0.001193 0.006448 0.999916
1341845821.388161 0.052693 0.049661 -0.010213 0.012408 0.001907 0.008383 0.999886
1341845821.424470 0.071576 -0.022007 -0.011546 0.000699 0.000465 0.009606 0.999954
1341845821.455778 0.074244 -0.017530 -0.013655 0.001556 0.002519 0.010748 0.999938
1341845821.488014 0.081932 -0.008802 -0.017950 0.003197 0.001756 0.010883 0.999934
1341845821.524370 0.084800 0.035910 -0.022794 0.013092 0.001981 0.009556 0.999867
1341845821.555644 0.089584 0.041300 -0.027741 0.015564 0.002824 0.010988 0.999815
1341845821.587677 0.074024 0.021371 -0.023022 0.011564 0.004838 0.010379 0.999868
1341845821.623761 0.082904 0.029027 -0.015651 0.012035 0.002638 0.010463 0.999869
1341845821.655725 0.072799 0.026413 -0.020952 0.012211 0.004266 0.006619 0.999894
1341845821.691884 0.077286 0.045892 -0.026675 0.014798 0.003762 0.006948 0.999859
1341845821.724228 0.076888 0.020338 -0.026264 0.010499 0.002432 0.007310 0.999915
1341845821.755681 0.072332 -0.007859 -0.019157 0.005865 0.002351 0.007986 0.999948
1341845821.791636 0.077937 -0.012755 -0.018514 0.005584 0.000716 0.007895 0.999953
1341845821.823697 0.049810 0.044083 -0.020712 0.016556 0.006222 0.006196 0.999824
1341845821.855574 0.075928 0.001543 -0.020553 0.007781 0.002727 0.006245 0.999947
1341845821.891741 0.056435 0.017089 -0.016490 0.013146 0.004333 0.000796 0.999904
1341845821.923730 0.071642 0.024376 -0.019864 0.015705 0.002103 0.004798 0.999863
1341845821.955750 0.072053 0.060021 -0.026787 0.021041 0.003097 0.007580 0.999745
1341845821.991786 0.070742 0.042302 -0.021682 0.017168 0.003738 0.007374 0.999818
1341845822.023863 -0.571928 1.104643 0.091785 0.034542 -0.066831 0.996954 0.020578
1341845822.059759 0.068687 0.051544 -0.029052 0.019105 0.003972 0.006007 0.999792
1341845822.091719 -0.565141 1.114597 0.093611 0.034519 -0.068907 0.996787 0.021830
1341845822.123689 0.074014 0.010249 -0.025338 0.013475 0.003974 0.005447 0.999886
1341845822.185916 0.070790 0.020870 -0.015408 0.013956 0.003472 0.007091 0.999871
1341845822.221838 0.070339 0.052506 -0.021208 0.021122 0.001748 0.006483 0.999754
1341845822.254004 0.052143 0.039416 -0.023540 0.020939 0.003254 0.001317 0.999775
1341845822.289876 0.052305 0.018716 -0.025253 0.014916 0.003321 0.005957 0.999865
1341845822.321804 -0.529902 1.132283 0.105518 0.034773 -0.070567 0.996654 0.022182
1341845822.353784 0.014099 0.042057 -0.019895 0.020204 0.007826 0.002582 0.999762
1341845822.391662 0.001843 0.071377 -0.020674 0.026034 0.009507 0.002881 0.999612
1341845822.428074 0.006703 0.040756 -0.019626 0.020472 0.007981 0.003287 0.999753
1341845822.459970 -0.003204 0.056307 -0.018319 0.022628 0.008531 0.003090 0.999703
1341845822.495728 0.009595 -0.000039 -0.008064 0.011887 0.005498 0.003891 0.999907
1341845822.527724 -0.010975 0.048942 -0.020230 0.021615 0.007439 0.001823 0.999737
1341845822.559648 -0.011491 0.035651 -0.020196 0.018593 0.006242 0.002921 0.999803
1341845822.595852 -0.018917 0.022124 -0.002035 0.015058 0.006627 0.004139 0.999856
1341845822.627724 -0.020500 0.040849 -0.009775 0.018167 0.006957 0.003994 0.999803
1341845822.663716 -0.029994 0.022650 -0.033324 0.016660 0.007112 0.007056 0.999811
1341845822.695601 -0.036056 0.045461 -0.014944 0.023734 0.004550 0.011128 0.999646
1341845822.731816 -0.056239 0.004502 -0.003022 0.016376 0.007661 0.014575 0.999730
1341845822.789911 -0.069998 -0.027635 0.003976 0.010983 0.010021 0.013393 0.999800
1341845822.825897 -0.050139 -0.007158 -0.011177 0.015176 0.006758 0.013381 0.999772
1341845822.859721 -0.069167 0.022211 0.006101 0.021313 0.007461 0.012687 0.999665
1341845822.889712 -0.062450 0.035290 0.009496 0.025628 0.004445 0.016607 0.999524
1341845822.925900 -0.077119 0.048713 0.002589 0.029178 0.005485 0.014609 0.999452
1341845822.957708 -0.085598 0.027053 0.006673 0.024936 0.007050 0.013497 0.999573
1341845822.989939 -0.083898 0.040175 0.003005 0.028759 0.006440 0.012452 0.999488
1341845823.025889 -0.082968 0.059515 0.005652 0.033687 0.005866 0.013365 0.999326
1341845823.057775 -0.172247 -0.005833 -0.015747 0.024431 0.019495 0.004606 0.999501
1341845823.093671 -0.183667 0.012332 -0.030270 0.030044 0.022431 0.003824 0.999290
1341845823.125951 -0.065206 0.050492 0.007909 0.035683 0.005223 0.015518 0.999229
1341845823.157773 -0.078868 0.043382 0.007801 0.034338 0.007723 0.014614 0.999274
1341845823.193885 -0.069785 0.011273 -0.013585 0.030383 0.006184 0.014483 0.999414
1341845823.225800 -0.081052 0.053805 0.011602 0.034782 0.006282 0.014520 0.999270
1341845823.261842 -0.094402 0.051972 0.016881 0.033996 0.006760 0.013094 0.999313
1341845823.293622 -0.085416 0.005817 -0.009158 0.026378 0.005078 0.008433 0.999604
1341845823.325746 -0.195391 -0.014964 -0.059399 0.022954 0.024545 0.000827 0.999435
1341845823.361852 -0.208504 -0.018889 -0.015539 0.019661 0.028481 0.002870 0.999397
1341845823.394013 -0.114681 -0.013692 0.021279 0.020221 0.015686 0.012152 0.999599
1341845823.426028 -0.082237 0.034533 0.004849 0.031054 0.011103 0.017728 0.999299
1341845823.461869 -0.090666 0.005358 0.006473 0.026323 0.011193 0.019188 0.999407
1341845823.493758 -0.193437 -0.022094 -0.012016 0.022630 0.027961 0.011249 0.999289
1341845823.529780 -0.098877 -0.024656 0.004372 0.021363 0.014108 0.018521 0.999501
1341845823.561916 -0.074427 -0.016091 -0.001548 0.023390 0.007592 0.022660 0.999441
1341845823.593678 -0.070402 0.021804 -0.005433 0.031263 0.004311 0.023003 0.999237
1341845823.629815 -0.158132 -0.004727 0.004547 0.026191 0.018361 0.017633 0.999333
1341845823.661750 -0.129943 0.016477 -0.000717 0.030034 0.013643 0.018676 0.999281
1341845823.695523 -0.143550 0.032115 0.013591 0.034217 0.013114 0.020991 0.999108
1341845823.729635 -0.139170 0.015726 0.034879 0.033535 0.009337 0.022374 0.999143
1341845823.761810 -0.276044 0.007903 0.006450 0.036080 0.028317 0.013720 0.998853
1341845823.797871 -0.277918 0.018894 -0.018352 0.039376 0.024437 0.012510 0.998847
1341845823.829660 -0.272266 0.000215 -0.003285 0.035165 0.019611 0.011558 0.999122
1341845823.861808 -0.344030 -0.013187 -0.037626 0.036029 0.026239 0.005810 0.998989
1341845823.929826 -0.402901 -0.001742 -0.035624 0.037542 0.026808 -0.001777 0.998934
1341845823.961797 -0.442858 -0.075627 -0.067969 0.025861 0.030833 -0.006826 0.999167
1341845823.998070 -0.467525 -0.028431 -0.050220 0.032115 0.033702 -0.008084 0.998883
1341845824.029656 -0.458590 -0.029789 -0.050244 0.032093 0.031157 -0.008442 0.998963
1341845824.065768 -0.484449 -0.042001 -0.028765 0.029074 0.036276 -0.008671 0.998881
1341845824.097956 -0.813004 -0.544143 0.086858 -0.065241 0.098921 -0.023710 0.992671
1341845824.130299 -0.344049 -0.006339 -0.030745 0.030291 0.019488 -0.036585 0.998681
1341845824.165751 -0.450923 -0.079874 -0.057419 0.015230 0.059824 -0.008002 0.998061
1341845824.197930 -0.346684 -0.058027 -0.047659 0.015944 0.047800 -0.001238 0.998729
1341845824.229907 -0.303833 -0.077893 -0.017741 0.014481 0.041342 0.004249 0.999031
1341845824.265800 -0.250161 -0.077826 -0.065474 0.018618 0.029799 0.012171 0.999308
1341845824.298080 -0.223058 -0.210620 -0.074856 -0.003949 0.018554 0.015546 0.999699
1341845824.333783 -0.379178 -0.061341 -0.059862 0.025254 0.036356 0.001243 0.999019
1341845824.365821 -0.504844 -0.047595 -0.041463 0.028843 0.054075 -0.007331 0.998093
1341845824.398039 -0.252006 -0.075281 -0.142986 0.005340 -0.001161 0.463609 0.886023
1341845824.433843 -0.503377 -0.428219 -0.020361 -0.038685 0.053040 0.000034 0.997843
1341845824.465921 -0.432409 -0.085403 -0.093275 0.025535 0.033398 0.002054 0.999114
1341845824.501802 -0.419624 -0.116520 -0.124805 0.021417 0.027774 0.006035 0.999367
1341845824.533723 -0.391903 -0.348245 -0.112805 -0.021431 0.019542 0.006481 0.999558
1341845824.565735 -0.435734 -0.138573 -0.152047 0.016961 0.023968 0.012355 0.999492
1341845824.601758 -0.396142 -0.157635 -0.132500 0.010417 0.014395 0.015405 0.999723
1341845824.633861 -0.404681 -0.263165 -0.132055 -0.007525 0.013343 0.020135 0.999680
1341845824.665789 -0.456311 -0.141307 -0.131356 0.013426 0.018259 0.018844 0.999566
1341845824.701769 -0.462122 -0.063839 -0.126284 0.004748 0.016771 0.050286 0.998583
1341845824.733585 -0.373078 -0.237103 -0.159790 -0.002055 0.000710 0.030134 0.999544
1341845824.769643 -0.412282 -0.239276 -0.186492 -0.002840 0.005336 0.033203 0.999430
1341845824.801632 -0.461276 -0.082502 -0.125910 0.002143 0.012022 0.014157 0.999825
1341845824.833654 -0.495804 -0.181836 -0.120740 0.003062 0.008773 0.023446 0.999682
1341845824.869926 -0.503541 -0.145246 -0.117847 0.012420 0.009220 0.022843 0.999619
1341845824.902071 -0.500566 -0.202851 -0.155198 0.004125 0.007026 0.026432 0.999617
1341845824.933752 -0.521045 -0.197249 -0.117853 0.003570 0.009537 0.020911 0.999729
1341845824.969855 -0.542292 -0.159227 -0.119816 0.010349 0.013785 0.016737 0.999711
1341845825.001907 -0.541710 -0.203586 -0.144369 0.002837 0.015571 0.017171 0.999727
1341845825.037975 -0.556880 -0.199507 -0.108044 0.001352 0.020562 0.019042 0.999606
1341845825.075793 -0.482981 -0.181340 -0.159442 0.008950 0.006704 0.024455 0.999638
1341845825.107881 -0.531011 -0.148905 -0.109506 0.020747 0.009657 -0.001133 0.999737
1341845825.143675 -0.663696 -0.236024 -0.138016 0.007921 0.034695 0.011777 0.999297
1341845825.175707 -0.677314 -0.237271 -0.140564 0.008148 0.035954 0.006520 0.999299
1341845825.211865 -0.680181 -0.222561 -0.125769 0.010974 0.038192 0.007466 0.999182
1341845825.243814 -0.483824 -0.193029 -0.164883 0.019464 0.011292 0.000809 0.999746
1341845825.275795 -0.481432 -0.156066 -0.163238 0.021535 0.014651 0.038022 0.998937
1341845825.311665 -0.482905 -0.177934 -0.165144 0.022201 0.013270 0.012422 0.999588
1341845825.343650 -0.504659 -0.175564 -0.142961 0.020779 0.015459 0.009741 0.999617
1341845825.379771 -0.490877 -0.185283 -0.149600 0.017832 0.012376 0.013513 0.999673
1341845825.411924 -0.508768 -0.159739 -0.146821 0.023249 0.013478 0.014490 0.999534
1341845825.443786 -0.501474 -0.171620 -0.147029 0.016632 0.008833 0.012379 0.999746
1341845825.480278 -0.458154 -0.179060 -0.178322 0.012520 -0.003186 0.011365 0.999852
1341845825.511636 -0.481554 -0.200922 -0.201500 0.012125 0.000864 -0.021594 0.999693
1341845825.547911 -0.486636 -0.144926 -0.196820 0.015857 -0.002003 -0.000720 0.999872
1341845825.579744 -0.497669 -0.159753 -0.197127 0.012964 -0.001682 0.000688 0.999914
1341845825.611784 -0.495466 -0.138476 -0.204399 0.018189 -0.004618 0.001634 0.999823
1341845825.648004 -0.514518 -0.165895 -0.198409 0.013482 -0.000902 0.000536 0.999909
1341845825.679708 -0.509856 -0.152221 -0.206376 0.017809 -0.001156 -0.002683 0.999837
1341845825.711937 -0.542277 -0.114072 -0.201910 0.020182 -0.002517 -0.011994 0.999721
1341845825.747617 -0.523051 -0.154603 -0.196783 0.013839 -0.005636 -0.005297 0.999874
1341845825.779688 -0.519610 -0.142958 -0.196518 0.014792 -0.009203 -0.000575 0.999848
1341845825.815954 -0.517279 -0.140191 -0.198957 0.012905 -0.012040 -0.005804 0.999827
1341845825.847829 -0.521818 -0.136244 -0.200696 0.011945 -0.013151 -0.006665 0.999820
1341845825.879767 -0.642476 -0.049434 -0.190511 0.028284 0.008797 -0.008306 0.999527
1341845825.915646 -0.648349 -0.038154 -0.195305 0.030039 0.009594 -0.006493 0.999482
1341845825.947881 -0.516319 -0.143838 -0.197882 0.007825 -0.018928 -0.002313 0.999788
1341845825.979700 -0.651990 -0.065188 -0.196176 0.024640 0.007560 -0.001780 0.999666
1341845826.015845 -0.663143 -0.039058 -0.199549 0.029414 0.008439 -0.000770 0.999531
1341845826.047945 -0.523129 -0.127710 -0.206621 0.011302 -0.021409 0.001103 0.999706
1341845826.079731 -2.304527 0.391460 0.104706 0.088315 0.023604 0.513884 0.852975
1341845826.115655 -0.496664 -0.138953 -0.198929 0.010959 -0.027340 0.004502 0.999556
1341845826.147949 -0.676569 -0.003744 -0.172577 0.034886 0.008738 -0.013122 0.999267
1341845826.183767 -0.509062 -0.139399 -0.212783 0.009179 -0.026755 -0.004978 0.999587
1341845826.215780 -0.525291 -0.122336 -0.207970 0.011279 -0.025257 -0.006353 0.999597
1341845826.247732 -0.607557 -0.119487 -0.206382 0.013223 -0.011659 0.007820 0.999814
1341845826.283763 -0.611944 -0.128750 -0.206575 0.005025 -0.011657 -0.010851 0.999861
1341845826.315658 -0.693876 -0.110527 -0.221352 0.011878 -0.006690 0.008601 0.999870
1341845826.347773 -0.563287 -0.109130 -0.215018 0.011771 -0.029598 0.013759 0.999398
1341845826.383718 -0.570413 -0.158666 -0.188501 0.001697 -0.033047 0.016148 0.999322
1341845826.415712 -0.640904 -0.140235 -0.199397 0.004457 -0.021680 0.009770 0.999707
1341845826.447806 -0.659241 -0.077036 -0.195753 0.018056 -0.020531 0.006891 0.999602
1341845826.483677 -0.640829 -0.143079 -0.211091 0.003633 -0.024846 0.005327 0.999670
1341845826.515677 -0.683613 -0.089366 -0.207070 0.016208 -0.018092 0.013543 0.999613
1341845826.551684 -0.567506 -0.149134 -0.202777 0.002851 -0.038309 0.020788 0.999046
1341845826.583716 -0.572878 -0.120070 -0.211876 0.008068 -0.036936 0.021512 0.999054
1341845826.615875 -0.667635 -0.054639 -0.196859 0.020135 -0.024020 0.023422 0.999234
1341845826.651722 -0.691504 -0.058690 -0.193854 0.018985 -0.019602 0.025525 0.999302
1341845826.683753 -0.628444 -0.096780 -0.166114 0.008236 -0.031647 0.036999 0.998780
1341845826.715643 -0.810240 -0.018624 -0.128903 0.016956 -0.003008 0.016378 0.999718
1341845826.751884 -0.774786 -0.052088 -0.144841 0.006204 -0.007059 0.015695 0.999833
1341845826.783713 -0.832732 -0.077177 -0.112905 -0.000504 0.001189 0.022733 0.999741
1341845826.819713 -0.581748 -0.144343 -0.206172 -0.006337 -0.002263 -0.090782 0.995848
1341845826.851701 -1.077022 0.418271 -0.211198 0.015600 0.016168 0.244253 0.969451
1341845826.884460 -0.882339 -0.061286 -0.178522 -0.003569 0.016093 0.031059 0.999382
1341845826.945792 -0.535664 -0.081376 -0.315675 -0.011728 -0.038738 0.049004 0.997978
1341845826.981873 -0.260405 -0.034382 -0.309830 -0.077880 0.035424 -0.671617 0.735942
1341845827.013745 -0.695116 -0.160743 -0.198215 0.004022 -0.036046 0.134880 0.990198
1341845827.045694 -0.165387 -0.045271 -0.319500 -0.062314 0.035342 -0.595119 0.800438
1341845827.082458 -0.130361 -0.063824 -0.343729 -0.063527 0.033666 -0.598665 0.797767
1341845827.113645 -0.075813 -0.066208 -0.397625 -0.057492 0.020640 -0.597969 0.799188
1341845827.145773 -0.204388 -0.111973 -0.340745 -0.081326 0.038155 -0.595441 0.798361
1341845827.182474 -0.084292 -0.109064 -0.362976 -0.065887 0.024250 -0.596429 0.799589
1341845827.213974 -0.091967 -0.073071 -0.361146 -0.061690 0.027809 -0.600695 0.796609
1341845827.251751 -0.095022 -0.064586 -0.368703 -0.057963 0.029140 -0.597312 0.799381
1341845827.313888 -0.086926 -0.136553 -0.369579 -0.069278 0.028967 -0.594222 0.800788
1341845827.349700 -0.110983 -0.058259 -0.380184 -0.063465 0.038071 -0.587914 0.805531
1341845827.381963 -0.228175 0.003561 -0.382287 -0.067042 0.058182 -0.586968 0.804729
1341845827.413850 -0.084746 -0.077822 -0.361531 -0.057453 0.033728 -0.595999 0.800216
1341845827.449725 -0.143277 -0.072492 -0.324496 -0.065513 0.044191 -0.600216 0.795925
1341845827.488394 -0.153308 -0.067285 -0.312180 -0.065099 0.043903 -0.597111 0.798307
1341845827.555964 -0.158854 -0.082034 -0.303005 -0.065767 0.044403 -0.600391 0.795760
1341845827.623688 -0.169063 -0.103707 -0.319609 -0.066710 0.042519 -0.598196 0.797436
1341845827.656212 -0.144936 -0.092168 -0.315262 -0.063451 0.041918 -0.603604 0.793649
1341845827.687624 -0.148901 -0.094739 -0.318665 -0.063749 0.045291 -0.605371 0.792093
1341845827.723697 -0.163312 -0.190504 -0.337632 -0.077028 0.036150 -0.598333 0.796717
1341845827.755778 -0.145191 -0.141129 -0.322983 -0.065424 0.039391 -0.598097 0.797777
1341845827.791657 -0.177116 -0.143609 -0.316389 -0.067421 0.048296 -0.597994 0.797199
1341845827.823845 -0.176250 -0.149937 -0.313774 -0.065584 0.050603 -0.597071 0.797900
1341845827.855606 -0.194699 -0.221386 -0.326944 -0.074945 0.044832 -0.591180 0.801798
1341845827.891685 -0.189349 -0.146498 -0.317534 -0.060112 0.053567 -0.596797 0.798342
1341845827.923824 -0.171599 -0.182162 -0.333643 -0.061697 0.052354 -0.587666 0.805047
1341845827.959777 -0.135571 -0.158553 -0.340623 -0.051318 0.051104 -0.586171 0.806944
1341845827.991672 -0.128990 -0.183037 -0.337130 -0.051625 0.049559 -0.584165 0.808474
1341845828.023726 -0.183308 -0.226756 -0.309634 -0.062807 0.053745 -0.599027 0.796450
1341845828.059622 -0.164710 -0.230851 -0.312853 -0.058070 0.057034 -0.581112 0.809743
1341845828.091720 -0.160394 -0.239734 -0.312293 -0.058493 0.056980 -0.582634 0.808622
1341845828.127612 -0.156471 -0.236527 -0.308526 -0.056355 0.058396 -0.582816 0.808541
1341845828.159638 -0.184240 -0.246904 -0.301893 -0.060187 0.064743 -0.582130 0.808277
1341845828.191711 -0.143074 -0.265778 -0.316591 -0.058441 0.059156 -0.585617 0.806311
1341845828.227644 -0.187064 -0.269138 -0.302709 -0.061537 0.067238 -0.584591 0.806192
1341845828.259785 -0.181269 -0.277558 -0.313839 -0.059887 0.067739 -0.581871 0.808239
1341845828.291687 -0.166223 -0.273550 -0.307632 -0.054555 0.066023 -0.577533 0.811862
1341845828.327803 -0.154106 -0.285419 -0.295180 -0.051670 0.066810 -0.575742 0.813258
1341845828.359694 -0.167574 -0.272838 -0.316222 -0.051725 0.071894 -0.568513 0.817893
1341845828.395928 -0.113209 -0.271322 -0.302570 -0.043222 0.064391 -0.572455 0.816260
1341845828.427803 -0.157415 -0.327119 -0.284179 -0.053836 0.070558 -0.576745 0.812089
1341845828.459660 -0.160319 -0.301040 -0.299712 -0.049290 0.073573 -0.578001 0.811216
1341845828.495761 0.053686 -0.349573 -0.321260 -0.029339 0.038444 -0.572916 0.818186
1341845828.527686 -0.014955 -0.300314 -0.362828 -0.027992 0.052889 -0.579508 0.812766
1341845828.595750 0.015681 -0.361897 -0.282530 -0.036779 0.051379 -0.579869 0.812256
1341845828.654055 -0.038338 -0.312199 -0.316734 -0.032690 0.064121 -0.588288 0.805442
1341845828.689681 -0.020288 -0.314983 -0.311685 -0.029361 0.063344 -0.586815 0.806706
1341845828.721870 -0.085998 -0.333493 -0.331329 -0.035813 0.069619 -0.578511 0.811909
1341845828.757706 -0.061196 -0.331036 -0.334431 -0.034115 0.066800 -0.586058 0.806790
1341845828.789650 -0.042285 -0.340180 -0.314118 -0.031833 0.065591 -0.576355 0.813941
1341845828.821914 -0.039781 -0.334641 -0.334764 -0.030109 0.065028 -0.573555 0.816026
1341845828.857781 -0.052226 -0.330250 -0.336352 -0.030919 0.064719 -0.578311 0.812657
1341845828.889770 -0.016644 -0.370604 -0.304728 -0.033686 0.061721 -0.572114 0.817154
1341845828.931671 0.015732 -0.378190 -0.297462 -0.030985 0.056688 -0.568943 0.819836
1341845828.989696 -0.009501 -0.388087 -0.283952 -0.036313 0.057227 -0.568138 0.820138
1341845829.025626 -0.052338 -0.318089 -0.327887 -0.029779 0.066747 -0.574237 0.815420
1341845829.063840 -0.092162 -0.364037 -0.329176 -0.039367 0.068890 -0.577375 0.812615
1341845829.089737 -0.014422 -0.421669 -0.287585 -0.040441 0.057706 -0.569281 0.819118
1341845829.125754 -0.049337 -0.360457 -0.319910 -0.034429 0.066525 -0.575875 0.814099
1341845829.158048 -0.083770 -0.351008 -0.331192 -0.034571 0.071977 -0.577408 0.812542
1341845829.193669 -0.093670 -0.361649 -0.319620 -0.035237 0.073695 -0.574737 0.814251
1341845829.225742 -0.053971 -0.359278 -0.326057 -0.028450 0.067063 -0.578350 0.812530
1341845829.257763 -0.002949 -0.466687 -0.294450 -0.037809 0.052222 -0.574944 0.815649
1341845829.293851 0.002274 -0.469093 -0.293892 -0.034843 0.049838 -0.571183 0.818567
1341845829.325861 0.024007 -0.483178 -0.308445 -0.034761 0.044541 -0.575508 0.815842
1341845829.357901 0.008752 -0.458383 -0.302130 -0.033172 0.045070 -0.578325 0.813885
1341845829.393704 0.023600 -0.472226 -0.309028 -0.031183 0.041546 -0.579961 0.812986
1341845829.425831 0.016266 -0.471986 -0.314459 -0.032450 0.042123 -0.581774 0.811611
1341845829.461720 0.032152 -0.488702 -0.320567 -0.033851 0.036292 -0.580236 0.812935
1341845829.493662 0.027048 -0.467441 -0.297738 -0.028951 0.035236 -0.579453 0.813729
1341845829.525846 0.024885 -0.526425 -0.331719 -0.034105 0.030207 -0.577133 0.815379
1341845829.561864 0.008751 -0.527135 -0.342325 -0.038818 0.032766 -0.580625 0.812585
1341845829.593763 0.035237 -0.516131 -0.328975 -0.033696 0.032049 -0.580916 0.812634
1341845829.625785 0.040193 -0.503912 -0.294784 -0.030978 0.029148 -0.580036 0.813480
1341845829.661787 0.023798 -0.532951 -0.311938 -0.035519 0.027171 -0.578814 0.814232
1341845829.693835 0.000929 -0.531869 -0.348814 -0.035037 0.032982 -0.577763 0.814785
1341845829.729747 0.033678 -0.542488 -0.330790 -0.035013 0.030460 -0.585513 0.809334
1341845829.761817 0.030324 -0.542453 -0.323991 -0.037442 0.025562 -0.583495 0.810850
1341845829.793840 0.021632 -0.519591 -0.291089 -0.036247 0.027078 -0.585567 0.809361
1341845829.829803 0.005427 -0.520668 -0.298651 -0.036286 0.029581 -0.588886 0.806859
1341845829.861640 0.001404 -0.548155 -0.324384 -0.040594 0.025905 -0.588703 0.806914
1341845829.897840 0.007983 -0.536133 -0.288909 -0.042068 0.024128 -0.584985 0.809593
1341845829.929703 0.054849 -0.500676 -0.285917 -0.030000 0.019928 -0.591931 0.805183
1341845829.962023 0.051562 -0.508401 -0.317222 -0.029686 0.020698 -0.588310 0.807825
1341845829.997954 0.078715 -0.532983 -0.315707 -0.031436 0.011804 -0.584478 0.810714
1341845830.029819 0.078161 -0.502132 -0.283504 -0.023976 0.012596 -0.587780 0.808567
1341845830.061836 -0.009778 -0.456942 -0.336636 -0.024348 0.027402 -0.592241 0.804926
1341845830.097885 -0.015032 -0.552497 -0.304560 -0.038237 0.023771 -0.586340 0.808813
1341845830.129668 0.008268 -0.514277 -0.266783 -0.029764 0.022261 -0.585828 0.809583
1341845830.165590 -0.253904 -0.347314 -0.244157 -0.035057 0.027129 -0.722162 0.690302
1341845830.197779 -0.033915 -0.615111 -0.308639 -0.046108 0.014432 -0.577505 0.814956
1341845830.229883 0.000135 -0.439300 -0.344407 -0.015994 0.022570 -0.586065 0.809792
1341845830.265730 -0.036939 -0.449641 -0.364485 -0.021630 0.028041 -0.585915 0.809598
1341845830.297873 0.049252 -0.551626 -0.327247 -0.028103 0.008185 -0.573814 0.818462
1341845830.329863 0.074388 -0.514546 -0.300649 -0.018775 0.008425 -0.578556 0.815383
1341845830.365740 -0.044949 -0.479904 -0.372576 -0.024239 0.023459 -0.582639 0.812031
1341845830.397779 0.005674 -0.463763 -0.337108 -0.018625 0.018835 -0.578118 0.815523
1341845830.433725 -0.024766 -0.444963 -0.354244 -0.018043 0.025333 -0.586156 0.809601
1341845830.465762 0.066528 -0.546250 -0.303715 -0.021630 0.008619 -0.581283 0.813368
1341845830.507859 0.052283 -0.541429 -0.312723 -0.021408 0.009746 -0.578712 0.815193
1341845830.565943 0.005902 -0.508255 -0.340088 -0.016666 0.020349 -0.587984 0.808445
1341845830.597841 0.077982 -0.481942 -0.351092 -0.016107 0.021465 -0.584189 0.811174
1341845830.633627 0.063837 -0.563896 -0.286170 -0.018562 0.011174 -0.578837 0.815155
1341845830.665700 0.074135 -0.603051 -0.305809 -0.020143 0.007334 -0.579590 0.814626
1341845830.701788 0.088477 -0.590918 -0.317598 -0.015267 0.007736 -0.580649 0.813974
1341845830.733901 0.108435 -0.587967 -0.323194 -0.024770 0.016910 -0.606561 0.794471
1341845830.765759 0.043385 -0.634231 -0.318942 -0.024433 0.017311 -0.585874 0.809849
1341845830.801839 0.034500 -0.606483 -0.293951 -0.020727 0.025218 -0.584510 0.810730
1341845830.833774 0.042773 -0.624362 -0.287514 -0.020395 0.024168 -0.585026 0.810398
1341845830.865751 0.050962 -0.625757 -0.311417 -0.017072 0.023634 -0.585891 0.809865
1341845830.901883 0.047519 -0.631000 -0.319295 -0.016395 0.026158 -0.589673 0.807052
1341845830.933811 0.047960 -0.658931 -0.294573 -0.019716 0.026873 -0.586156 0.809512
1341845830.969705 0.011135 -0.685224 -0.328541 -0.023841 0.027970 -0.587008 0.808746
1341845831.001855 0.032091 -0.679688 -0.330411 -0.022179 0.025987 -0.589900 0.806753
1341845831.033886 0.036353 -0.700750 -0.327876 -0.023921 0.026233 -0.589355 0.807094
1341845831.069727 0.092027 -0.681861 -0.309582 -0.015421 0.021600 -0.589361 0.807433
1341845831.101853 0.059519 -0.694322 -0.304320 -0.020368 0.026793 -0.587283 0.808681
1341845831.137817 0.030067 -0.744550 -0.337580 -0.025734 0.027625 -0.592326 0.804814
1341845831.169942 0.061417 -0.773167 -0.328257 -0.026306 0.024176 -0.589720 0.806817
1341845831.201715 0.083555 -0.764406 -0.315399 -0.023384 0.021197 -0.587041 0.808942
1341845831.237723 0.108398 -0.711166 -0.308760 -0.011287 0.020938 -0.591007 0.806315
1341845831.269903 0.085334 -0.747297 -0.326769 -0.017749 0.021589 -0.589483 0.807297
1341845831.301755 0.078188 -0.746291 -0.318446 -0.019907 0.022153 -0.588931 0.807634
1341845831.337779 0.070300 -0.710827 -0.308420 -0.017925 0.023169 -0.589768 0.807041
1341845831.369742 0.092971 -0.641571 -0.296956 -0.008828 0.022049 -0.596437 0.802308
1341845831.405710 0.068502 -0.794907 -0.355789 -0.028049 0.013726 -0.592989 0.804605
1341845831.437646 0.120951 -0.821710 -0.367592 -0.030734 0.010741 -0.614928 0.787911
1341845831.469752 0.962734 -1.020502 -0.401539 -0.018777 0.012641 -0.315277 0.948730
1341845831.505745 0.194220 -0.844634 -0.365342 -0.023483 0.005930 -0.653583 0.756467
1341845831.537844 0.124780 -0.815398 -0.369692 -0.025013 0.008957 -0.615837 0.787426
1341845831.569610 0.388421 -0.917730 -0.375867 -0.022409 0.011073 -0.538542 0.842228
1341845831.605848 0.114675 -0.784207 -0.324741 -0.020110 0.020115 -0.600767 0.798918
1341845831.637789 0.096300 -0.766926 -0.329103 -0.017392 0.012857 -0.755790 0.654457
1341845831.673597 0.138792 -0.806331 -0.330045 -0.019996 0.018897 -0.687405 0.725753
1341845831.705652 0.166877 -0.811416 -0.354836 -0.015828 0.021985 -0.603478 0.796919
1341845831.737705 0.185726 -0.864475 -0.347913 -0.020029 0.018524 -0.596239 0.802344
1341845831.773629 0.141059 -0.914057 -0.361756 -0.028931 0.023454 -0.592516 0.804698
1341845831.805810 0.056353 -0.900145 -0.366858 -0.034139 0.038113 -0.626053 0.778100
1341845831.837719 0.144816 -0.967024 -0.380649 -0.034187 0.025137 -0.590567 0.805873
1341845831.873791 0.119888 -0.905999 -0.357773 -0.029900 0.032974 -0.627107 0.777660
1341845831.905728 0.175166 -1.025044 -0.417575 -0.035166 0.020938 -0.589708 0.806579
1341845831.941628 0.102537 -0.930060 -0.379564 -0.032056 0.040030 -0.630245 0.774701
1341845831.973784 0.127167 -0.900294 -0.353303 -0.026436 0.040679 -0.632174 0.773306
1341845832.005729 0.135985 -0.946539 -0.376229 -0.027478 0.037574 -0.631430 0.774034
1341845832.041627 0.162597 -0.952186 -0.398801 -0.021013 0.036490 -0.636317 0.770278
1341845832.073865 0.157254 -0.979976 -0.402023 -0.023322 0.037755 -0.637426 0.769233
1341845832.109730 0.173853 -0.918608 -0.360089 -0.016754 0.042760 -0.634861 0.771260
1341845832.141683 0.171162 -0.931356 -0.360577 -0.017415 0.042127 -0.631676 0.773891
1341845832.173988 0.178143 -0.972699 -0.403246 -0.017948 0.038240 -0.636817 0.769857
1341845832.209956 0.195173 -0.932482 -0.371341 -0.014388 0.039847 -0.635758 0.770725
1341845832.241796 0.176600 -0.950128 -0.385859 -0.017676 0.040018 -0.633802 0.772257
1341845832.273776 0.159920 -0.998909 -0.406272 -0.023952 0.038878 -0.638503 0.768263
1341845832.309916 0.178083 -1.022462 -0.420648 -0.024027 0.037111 -0.639127 0.767829
1341845832.341687 0.211031 -0.981083 -0.377367 -0.020509 0.037796 -0.637070 0.769606
1341845832.377708 0.210591 -1.007015 -0.405545 -0.022025 0.033303 -0.641402 0.766166
1341845832.409802 0.236418 -1.119688 -0.362692 -0.034816 0.021912 -0.636409 0.770254
1341845832.442187 0.237462 -1.122603 -0.363188 -0.036146 0.023497 -0.634816 0.771459
1341845832.477743 0.242289 -1.007676 -0.413254 -0.020679 0.033168 -0.640763 0.766743
1341845832.509635 0.226010 -0.974146 -0.417610 -0.025358 0.031315 -0.683713 0.728637
1341845832.541586 0.078923 -1.115451 -0.414719 -0.052426 0.045341 -0.656903 0.750783
1341845832.577871 0.574759 0.109710 -0.444001 0.032086 0.004356 0.986001 0.163563
1341845832.609738 0.601723 0.205288 -0.412568 0.029694 -0.016690 0.986912 0.157618
1341845832.645699 0.560643 0.077890 -0.447639 0.031567 0.006528 0.984833 0.170483
1341845832.677817 0.536494 0.160052 -0.494341 0.032326 0.000129 0.984108 0.174601
1341845832.710177 0.538783 0.133732 -0.460337 0.029682 0.001176 0.985117 0.169300
1341845832.745710 0.523015 0.083373 -0.439990 0.032302 0.002596 0.986303 0.161728
1341845832.777849 0.616372 -0.245057 -0.398531 0.036792 -0.038941 0.944245 -0.324855
1341845832.810110 0.547588 0.031434 -0.439410 0.025303 -0.000898 0.983262 0.180431
1341845832.845797 0.547369 0.038212 -0.438623 0.023024 -0.001142 0.983699 0.178342
1341845832.877696 0.499681 0.082966 -0.381126 0.028143 -0.012087 0.986763 0.159248
1341845832.913787 0.519781 0.040738 -0.428569 0.022424 -0.006496 0.986380 0.162817
1341845832.945664 0.549495 0.061708 -0.425697 0.019334 -0.002505 0.982264 0.186488
1341845832.978015 0.648949 -0.001341 -0.444480 0.020264 -0.005178 0.987672 0.155136
1341845833.045857 0.473013 0.149764 -0.464767 0.026857 -0.014091 0.982290 0.184897
1341845833.077785 0.554742 0.099239 -0.433848 0.011961 -0.011333 0.982496 0.185555
1341845833.113636 0.470810 0.145651 -0.467233 0.023568 -0.016664 0.982201 0.185600
1341845833.145767 0.520131 0.188133 -0.414521 0.016331 -0.026088 0.981755 0.187645
1341845833.181891 0.339904 0.260254 -0.446954 0.032664 -0.025685 0.980631 0.191405
1341845833.213878 -1.157896 0.897171 -0.228249 0.027186 -0.032079 0.981171 0.188508
1341845833.245714 0.467634 0.140891 -0.475571 0.010556 -0.019855 0.982080 0.187119
1341845833.281847 0.454394 0.140145 -0.475132 0.011504 -0.017054 0.982844 0.183286
1341845833.313771 0.376220 0.132445 -0.481298 0.020255 -0.008118 0.983083 0.181853
1341845833.349756 0.463452 0.131643 -0.473782 0.014505 -0.010691 0.982849 0.183532
1341845833.381840 0.390767 0.142236 -0.492880 0.012021 -0.010216 0.983230 0.181685
1341845833.414644 0.338702 0.155718 -0.508430 0.016228 -0.011027 0.982543 0.184996
1341845833.449819 0.386439 0.129574 -0.483323 0.010117 -0.009855 0.982647 0.184949
1341845833.488616 0.380228 0.136268 -0.483251 0.010189 -0.008949 0.983571 0.180011
1341845833.549835 0.333344 0.152803 -0.510723 0.014490 -0.010933 0.983106 0.182133
1341845833.581733 0.366914 0.120658 -0.479541 0.012283 -0.005898 0.982754 0.184414
1341845833.617817 0.304864 0.122149 -0.494560 0.021422 -0.002153 0.983444 0.179931
1341845833.649899 0.243727 0.178984 -0.539043 0.028525 -0.008865 0.982727 0.182632
1341845833.681671 0.372163 0.122104 -0.483820 0.011171 -0.007750 0.983260 0.181699
1341845833.717606 0.370680 0.099217 -0.482014 0.012663 -0.002502 0.983515 0.180364
1341845833.752940 0.246936 0.193363 -0.552443 0.028357 -0.012534 0.982992 0.181014
1341845833.817827 0.348598 0.166557 -0.500620 0.015251 -0.018276 0.983147 0.181260
1341845833.849860 0.394728 0.103735 -0.478459 0.008966 -0.009352 0.983381 0.181093
1341845833.885667 0.381769 0.110381 -0.482494 0.012711 -0.011201 0.983279 0.181318
1341845833.917724 0.339243 0.152345 -0.511294 0.014078 -0.014275 0.982539 0.184974
1341845833.949675 0.369698 0.137322 -0.473230 0.012214 -0.015567 0.983072 0.182146
1341845833.985662 0.348622 0.133415 -0.472826 0.014950 -0.011484 0.982938 0.182969
1341845834.018158 0.257220 0.208664 -0.539464 0.023598 -0.018903 0.981972 0.186591
1341845834.049769 0.394573 0.134534 -0.484122 0.006448 -0.017181 0.982422 0.185768
1341845834.085753 0.366279 0.150655 -0.476036 0.011802 -0.018678 0.982116 0.186978
1341845834.153871 0.375097 0.146591 -0.487595 0.008598 -0.019005 0.981526 0.190191
1341845834.185736 0.393549 0.132798 -0.481435 0.005539 -0.017831 0.981435 0.190883
1341845834.217802 0.394414 0.107289 -0.517823 0.008002 -0.016157 0.981311 0.191580
1341845834.253824 0.382998 0.105728 -0.486113 0.002056 -0.018341 0.981184 0.192189
1341845834.285756 0.309223 0.191972 -0.549828 0.016965 -0.026324 0.979553 0.198734
1341845834.321783 0.422468 0.137999 -0.482178 0.004393 -0.025247 0.979900 0.197836
1341845834.355135 0.425552 0.116124 -0.467242 0.006170 -0.017184 0.981176 0.192249
1341845834.385801 0.426922 0.101699 -0.486172 0.005110 -0.010520 0.981137 0.192960
1341845834.421748 0.368582 0.125894 -0.478543 0.015474 -0.013612 0.981122 0.192289
1341845834.453840 0.335368 0.136165 -0.506217 0.021811 -0.012292 0.980267 0.196088
1341845834.485639 0.382279 0.121482 -0.498949 0.016789 -0.013099 0.979980 0.197954
1341845834.521785 0.408923 0.100847 -0.477519 0.014684 -0.011391 0.978901 0.203487
1341845834.553727 0.407321 0.099962 -0.485805 0.015165 -0.010545 0.979278 0.201678
1341845834.589787 0.444291 0.108094 -0.491652 0.013371 -0.013147 0.979095 0.202536
1341845834.621791 0.463354 0.098037 -0.493091 0.012122 -0.012135 0.979438 0.201015
1341845834.653808 0.331922 0.184694 -0.567366 0.028944 -0.019496 0.977663 0.207261
1341845834.689847 0.371563 0.174884 -0.570995 0.024210 -0.022213 0.977026 0.210573
1341845834.721856 0.495651 0.103858 -0.517607 0.012433 -0.019689 0.977247 0.210824
1341845834.753919 0.521649 0.106443 -0.490126 0.012132 -0.020139 0.977858 0.207946
1341845834.789834 0.454202 0.153424 -0.573048 0.025765 -0.025648 0.977007 0.210084
1341845834.821826 0.429077 0.161057 -0.562393 0.026538 -0.022774 0.977036 0.210186
1341845834.857804 0.565089 0.160767 -0.534759 0.012681 -0.024101 0.973675 0.226310
1341845834.889796 0.544734 0.156188 -0.545351 0.016825 -0.023956 0.974430 0.222775
1341845834.921771 0.464369 0.193104 -0.553576 0.031341 -0.028286 0.976296 0.212283
1341845834.957942 0.543670 0.133451 -0.528036 0.023731 -0.023997 0.976009 0.215099
1341845834.989806 0.512563 0.172986 -0.537736 0.032605 -0.030370 0.973970 0.222256
1341845835.021804 0.544879 0.137898 -0.535768 0.026904 -0.026335 0.975742 0.215661
1341845835.058003 0.544200 0.133942 -0.525731 0.033729 -0.020521 0.975637 0.215810
1341845835.089820 0.588379 0.100466 -0.525548 0.032248 -0.019372 0.976541 0.212020
1341845835.125663 0.580792 0.072927 -0.539856 0.036649 -0.014353 0.976543 0.211695
1341845835.157750 0.553410 0.088078 -0.542166 0.045297 -0.017445 0.975826 0.213089
1341845835.189830 0.599882 0.075691 -0.517874 0.043354 -0.017460 0.976184 0.211852
1341845835.225912 0.624261 0.079685 -0.518030 0.043726 -0.017604 0.976515 0.210228
1341845835.258001 0.609493 0.035079 -0.529657 0.047054 -0.006751 0.975015 0.216994
1341845835.290164 0.634595 0.053669 -0.549941 0.044864 -0.012240 0.975746 0.213910
1341845835.325788 0.682700 0.050475 -0.525254 0.044216 -0.014035 0.974499 0.219544
1341845835.363902 0.754113 0.026287 -0.540459 0.033568 -0.011147 0.974219 0.222815
1341845835.431742 0.757653 -0.003697 -0.556412 0.039767 -0.007431 0.973498 0.225090
1341845835.493790 0.834383 -0.121849 -0.549267 0.030936 0.011662 0.972226 0.231699
1341845835.527633 1.206404 0.533033 -0.684742 0.022019 0.024612 0.886072 0.462370
1341845835.561788 0.889522 -0.100334 -0.577075 0.031300 0.002955 0.972648 0.230148
1341845835.594173 0.921833 -0.119449 -0.558225 0.026658 0.003294 0.972643 0.230746
1341845835.625859 0.952060 -0.131842 -0.537839 0.023895 0.005061 0.972514 0.231561
1341845835.661923 0.966575 -0.139916 -0.537049 0.026882 0.008457 0.973828 0.225531
1341845835.693994 1.002954 -0.116508 -0.532255 0.024224 0.003504 0.973155 0.228847
1341845835.725724 0.970804 -0.149864 -0.524038 0.029201 0.011832 0.973326 0.227253
1341845835.761816 1.007995 -0.131598 -0.532421 0.027894 0.008319 0.974683 0.221688
1341845835.793927 0.987936 -0.146539 -0.529769 0.032980 0.013014 0.974937 0.219636
1341845835.829809 0.977991 -0.166327 -0.531842 0.034090 0.015942 0.974502 0.221202
1341845835.868224 1.001707 -0.093754 -0.533028 0.030360 0.011193 0.969275 0.243841
1341845835.903857 0.986087 -0.167374 -0.542087 0.040575 0.017607 0.975710 0.214556
1341845835.935727 1.003844 -0.173974 -0.535283 0.038476 0.017494 0.975388 0.216405
1341845835.967812 1.000508 -0.175514 -0.533375 0.038529 0.019230 0.975232 0.216950
1341845836.003789 0.979466 -0.183118 -0.542404 0.044699 0.023178 0.975990 0.211918
1341845836.035920 0.988792 -0.206465 -0.542118 0.044569 0.028558 0.975557 0.213276
1341845836.067671 0.966990 -0.228017 -0.538216 0.046370 0.033102 0.975585 0.212103
1341845836.104034 0.911212 -0.231265 -0.547448 0.058515 0.036575 0.975588 0.208488
1341845836.135769 0.969215 -0.207797 -0.543858 0.054437 0.030221 0.975486 0.211071
1341845836.172097 0.975549 -0.211831 -0.560609 0.055675 0.030568 0.975106 0.212450
1341845836.203642 0.989038 -0.189764 -0.562055 0.053384 0.025464 0.975151 0.213499
1341845836.235687 0.953440 -0.185029 -0.551832 0.062316 0.026280 0.975308 0.210241
1341845836.271774 0.992107 -0.177425 -0.540602 0.061857 0.023820 0.975813 0.208314
1341845836.303797 0.971398 -0.189611 -0.571137 0.066033 0.027974 0.975752 0.206799
1341845836.335742 0.987927 -0.182665 -0.543453 0.062410 0.023541 0.975847 0.208021
1341845836.372549 0.959348 -0.216987 -0.569453 0.066064 0.034017 0.976245 0.203530
1341845836.403992 1.037171 -0.080468 -0.522868 0.060301 0.005616 0.976150 0.208481
1341845836.435705 0.971657 -0.206329 -0.548710 0.064604 0.033010 0.976771 0.201630
1341845836.471817 0.949764 -0.247919 -0.550406 0.065095 0.042053 0.976465 0.201274
1341845836.503945 0.971011 -0.113749 -0.543976 0.067810 0.015398 0.975375 0.209306
1341845836.539832 1.039543 -0.043233 -0.537768 0.060374 -0.001196 0.975865 0.209859
1341845836.571973 0.982618 -0.200396 -0.577986 0.063614 0.031613 0.977502 0.198604
1341845836.604373 1.006805 -0.210561 -0.563791 0.059978 0.030319 0.977413 0.200367
1341845836.639724 0.984093 -0.229057 -0.551811 0.063839 0.033649 0.977452 0.198445
1341845836.672049 0.967166 -0.252159 -0.560802 0.066792 0.040730 0.976708 0.199804
1341845836.704020 0.970942 -0.221587 -0.568526 0.068102 0.037220 0.976796 0.199616
1341845836.739779 1.044474 -0.030248 -0.535266 0.065482 0.003513 0.974819 0.213140
1341845836.771652 1.046357 -0.041383 -0.534468 0.060571 0.008568 0.949162 0.308787
1341845836.803601 1.047533 -0.047788 -0.532996 0.059339 0.012933 0.948324 0.311437
1341845836.839643 1.043322 -0.021865 -0.532950 0.068722 0.019747 0.975747 0.206896
1341845836.871771 1.039458 0.002231 -0.532354 0.066729 0.018548 0.958732 0.275748
1341845836.907663 1.141161 -0.609746 -0.505534 0.085010 0.009578 0.996333 -0.001720
1341845836.939824 1.047840 -0.047296 -0.528748 0.056647 0.018198 0.932532 0.356152
1341845836.971802 1.044067 -0.023876 -0.528341 0.060992 0.021064 0.946728 0.315504
1341845837.007714 1.062198 -0.131955 -0.522647 0.030357 0.012380 0.816090 0.576995
1341845837.039752 1.220168 0.084411 -0.605381 0.037169 0.000503 0.978360 0.203541
1341845837.071715 1.239207 0.092647 -0.605690 0.035997 0.004510 0.978195 0.204496
1341845837.107691 1.267206 0.080658 -0.605742 0.030001 0.006542 0.977946 0.206589
1341845837.139763 1.147184 0.165537 -0.605996 0.035307 0.010177 0.991897 0.121616
1341845837.171636 1.141201 0.202713 -0.603794 0.037008 0.008627 0.991312 0.125925
1341845837.207675 1.161557 0.206219 -0.592909 0.036389 0.006184 0.991172 0.127343
1341845837.239749 1.135305 0.193748 -0.604785 0.040099 0.010737 0.990593 0.130394
1341845837.275755 1.159601 0.243800 -0.592999 0.036039 0.003074 0.990244 0.134568
1341845837.307686 1.227878 0.222724 -0.593352 0.034432 0.007421 0.975563 0.216880
1341845837.339628 1.157898 0.266974 -0.573924 0.042255 0.006935 0.990819 0.128236
1341845837.375710 1.048382 0.139906 -0.603845 0.057687 0.041402 0.989528 0.125665
1341845837.407709 1.247366 0.216778 -0.590422 -0.035328 -0.021081 -0.803181 0.594314
1341845837.439656 1.130492 0.275570 -0.596043 0.039245 0.009102 0.989891 0.135987
1341845837.475671 1.144197 0.201563 -0.606018 0.034265 0.023684 0.989439 0.138834
1341845837.507973 1.123061 0.227381 -0.615436 0.034186 0.021534 0.989392 0.139539
1341845837.543708 1.145102 0.230335 -0.617129 0.026685 0.018796 0.989253 0.142527
1341845837.575706 1.151012 0.250891 -0.600225 0.025060 0.015600 0.989086 0.144355
1341845837.607609 1.142454 0.219761 -0.609458 0.023784 0.023957 0.988678 0.146208
1341845837.643704 1.127548 0.226836 -0.609976 0.024131 0.025755 0.988757 0.145307
1341845837.675706 1.116717 0.231525 -0.614518 0.024316 0.029003 0.988608 0.145676
1341845837.711803 1.128337 0.233598 -0.617400 0.020887 0.030376 0.988246 0.148360
1341845837.743935 1.109976 0.251281 -0.616469 0.021394 0.029104 0.988315 0.148081
1341845837.775698 1.120231 0.260623 -0.609882 0.018676 0.030002 0.988127 0.149520
1341845837.811909 1.126607 0.296636 -0.611476 0.015544 0.023742 0.988131 0.150973
1341845837.843915 1.104280 0.269908 -0.617705 0.016345 0.028488 0.987864 0.151807
1341845837.879790 2.697094 -0.043254 -0.613116 -0.007993 -0.032079 -0.751819 0.658540
1341845837.911946 2.858626 0.283439 -0.628724 -0.006168 -0.027827 -0.698150 0.715384
1341845837.946188 2.918979 0.326524 -0.629400 -0.006213 -0.027355 -0.695338 0.718135
1341845837.979709 1.086779 0.278578 -0.591212 0.009959 0.038347 0.962097 0.269814
1341845838.041927 1.204260 0.704304 -0.585225 0.007322 0.033004 0.979224 0.199945
1341845838.073905 0.828336 0.140580 -0.614147 0.008688 0.032664 0.968727 0.245814
1341845838.105792 0.868909 0.158812 -0.593262 0.003837 0.029714 0.968260 0.248141
1341845838.141667 0.854694 0.181957 -0.608141 0.006379 0.027064 0.968562 0.247215
1341845838.173678 0.855743 0.195537 -0.601572 0.006145 0.023823 0.966773 0.254451
1341845838.205767 0.874161 0.200769 -0.592618 0.000916 0.018896 0.965207 0.260802
1341845838.241893 0.831269 0.010832 -0.599512 0.001889 0.019928 0.944068 0.329141
1341845838.273791 0.751095 0.020407 -0.588806 0.000818 0.017174 0.939663 0.341669
1341845838.309852 0.699995 0.179893 -0.571667 0.000721 0.012872 0.951262 0.308115
1341845838.341805 0.815175 0.173754 -0.586798 0.000977 0.009541 0.951927 0.306175
1341845838.373872 0.801848 0.172145 -0.583324 0.003752 0.012857 0.952117 0.305440
1341845838.409713 0.802302 0.174370 -0.598948 0.004056 0.013696 0.952776 0.303338
1341845838.441818 0.803959 0.176851 -0.590444 0.003564 0.011057 0.953411 0.301452
1341845838.473754 0.801436 0.176376 -0.582906 0.003394 0.010129 0.952738 0.303605
1341845838.509713 0.812226 0.199305 -0.584616 0.001210 0.006424 0.952197 0.305415
1341845838.541649 0.818819 0.199994 -0.576251 0.001736 0.006417 0.951497 0.307585
1341845838.577804 0.826490 0.194863 -0.586174 0.000523 0.010413 0.951026 0.308935
1341845838.609807 0.797739 0.178711 -0.590881 0.001066 0.016508 0.952329 0.304623
1341845838.641690 0.877912 0.257705 -0.597875 0.001366 0.022409 0.950052 0.311282
1341845838.677850 0.840037 0.186661 -0.580107 -0.004952 0.015551 0.950610 0.309957
1341845838.709635 0.958110 0.195289 -0.590776 -0.002638 0.017623 0.962210 0.271725
1341845838.745913 1.047895 0.033563 -0.590612 -0.005047 0.014784 0.959969 0.279670
1341845838.777723 1.004765 0.046895 -0.603020 -0.003451 0.012685 0.962021 0.272657
1341845838.809656 0.957323 -0.002303 -0.548740 0.003027 0.016892 0.961992 0.272537
1341845838.845874 0.991328 -0.040144 -0.545113 -0.001973 0.021958 0.961179 0.275043
1341845838.877695 0.981707 0.056255 -0.606407 -0.003289 0.007875 0.961768 0.273733
1341845838.909636 0.988936 0.061177 -0.577294 -0.005118 0.004504 0.958975 0.283407
1341845838.945837 0.946754 -0.013784 -0.553080 0.005486 0.022224 0.964571 0.262827
1341845838.977758 0.966008 0.008215 -0.554277 0.005624 0.024059 0.965234 0.260217
1341845839.013907 0.950884 0.019517 -0.573288 -0.003816 0.014603 0.960202 0.278898
1341845839.046225 0.901374 0.023251 -0.568418 0.000471 0.016426 0.960178 0.278905
1341845839.077750 1.015988 -0.002109 -0.582530 -0.001968 0.026762 0.963268 0.267198
1341845839.113934 1.002620 -0.007404 -0.583074 -0.000873 0.022511 0.959742 0.279978
1341845839.145852 0.961388 0.034018 -0.580596 -0.001089 0.020219 0.959035 0.282562
1341845839.177741 0.953198 0.059822 -0.570081 -0.003683 0.008036 0.960404 0.278471
1341845839.214000 0.948246 0.054072 -0.571365 -0.004429 0.011362 0.959915 0.280027
1341845839.246198 0.966832 0.063925 -0.573634 -0.007801 0.012063 0.959980 0.279700
1341845839.281774 0.938324 0.043757 -0.581890 -0.003461 0.024393 0.960213 0.278179
1341845839.314004 0.925818 0.030171 -0.602817 -0.007379 0.023814 0.960054 0.278703
1341845839.345945 0.918052 0.030914 -0.603340 -0.007169 0.025680 0.959876 0.279154
1341845839.381741 0.947979 0.023877 -0.592569 -0.010803 0.025909 0.960569 0.276620
1341845839.413801 0.925752 0.028264 -0.605420 -0.008728 0.029967 0.961566 0.272795
1341845839.445714 0.882694 0.068033 -0.605958 -0.011847 0.053994 0.959212 0.277231
1341845839.481741 0.877954 0.000228 -0.654940 -0.010874 0.039624 0.963895 0.263094
1341845839.514001 0.899191 -0.041415 -0.636768 -0.013473 0.046035 0.960171 0.275264
1341845839.549791 0.865811 0.082115 -0.607430 -0.013183 0.052411 0.959017 0.278147
1341845839.587666 0.080618 0.359901 -0.646662 -0.018202 0.045446 0.971947 0.230049
1341845839.681817 0.370474 0.749817 -0.658587 -0.016317 0.038080 0.751486 0.658447
1341845839.713876 0.900240 0.144250 -0.616668 -0.014655 0.065373 0.876237 0.477200
1341845839.749808 0.178303 0.341971 -0.646653 -0.019575 0.041507 0.972776 0.227157
1341845839.781785 0.844849 -0.050958 -0.627265 -0.010796 0.049203 0.961431 0.270394
1341845839.817825 0.871331 0.034088 -0.640534 -0.011812 0.033699 0.962378 0.269358
1341845839.849994 0.872981 -0.029755 -0.628066 -0.013081 0.042527 0.960614 0.274300
1341845839.881829 0.844801 -0.003750 -0.662200 -0.008601 0.039907 0.960984 0.273576
1341845839.917855 0.891641 0.056760 -0.604490 -0.015061 0.046983 0.959727 0.276569
1341845839.950283 0.902924 0.042068 -0.602841 -0.014923 0.049554 0.958808 0.279299
1341845839.985757 0.857692 0.067511 -0.595399 -0.013838 0.019475 0.960947 0.275699
1341845840.017660 0.951697 0.018093 -0.599695 -0.014672 0.045291 0.959146 0.278878
1341845840.049741 0.836269 0.123704 -0.574592 -0.018711 -0.006751 0.959186 0.282075
1341845840.085650 0.810957 -0.012189 -0.593026 -0.013392 0.016392 0.954487 0.297499
1341845840.117698 0.864520 -0.043112 -0.570345 -0.018964 0.015168 0.951870 0.305537
1341845840.149796 0.873767 -0.071669 -0.554518 -0.020889 0.014303 0.952684 0.302906
1341845840.186069 0.637551 -0.394056 -0.576863 -0.017956 0.024974 0.567124 0.823058
1341845840.217657 0.662431 -0.218424 -0.570739 -0.029731 0.019308 0.508979 0.860049
1341845840.253694 0.804001 0.043012 -0.608289 -0.006429 -0.009748 0.955573 0.294524
1341845840.285914 0.795635 0.012643 -0.602162 -0.004031 -0.007489 0.955434 0.295081
1341845840.317753 0.817611 0.014524 -0.599467 -0.005713 -0.012280 0.955238 0.295529
1341845840.353861 0.801271 0.012202 -0.606516 -0.004236 -0.012765 0.955404 0.294997
1341845840.385775 0.776603 0.050934 -0.624163 -0.000391 -0.018881 0.955251 0.295193
1341845840.417676 0.751927 -0.061418 -0.638627 -0.000556 -0.002826 0.953528 0.301291
1341845840.453598 0.764429 -0.080874 -0.617304 -0.001933 -0.003893 0.953058 0.302756
1341845840.485943 0.766549 -0.085204 -0.599863 -0.001883 -0.005499 0.952610 0.304139
1341845840.521810 0.767146 -0.100908 -0.608364 -0.002508 -0.004486 0.953045 0.302785
1341845840.553677 0.766817 -0.111305 -0.607856 -0.001421 -0.006276 0.953055 0.302728
1341845840.585765 0.777945 -0.146223 -0.588474 -0.003068 -0.003517 0.951937 0.306258
1341845840.621850 0.792888 -0.146674 -0.604753 -0.005661 -0.005697 0.951194 0.308489
1341845840.653789 0.717717 -0.179771 -0.634501 0.004136 0.002671 0.950619 0.310320
1341845840.685850 0.775540 -0.191520 -0.601886 -0.004131 -0.002016 0.950527 0.310608
1341845840.721832 0.769429 -0.191960 -0.600489 -0.002236 -0.001011 0.950551 0.310559
1341845840.753824 0.787276 -0.179700 -0.595254 0.001182 -0.003455 0.951128 0.308776
1341845840.789783 0.823531 -0.177924 -0.564473 -0.002306 -0.007103 0.951922 0.306251
1341845840.821733 0.819077 -0.173026 -0.559512 -0.002025 -0.007406 0.950929 0.309313
1341845840.853661 0.826142 -0.189290 -0.571426 -0.004733 -0.005250 0.952473 0.304542
1341845840.889737 0.822615 -0.170489 -0.576719 -0.001688 -0.008535 0.952360 0.304853
1341845840.921786 0.778334 -0.180043 -0.597268 0.002186 -0.004264 0.952260 0.305250
1341845840.957782 0.779892 -0.175324 -0.606770 -0.000585 -0.006251 0.951702 0.306959
1341845840.989777 0.768168 -0.202304 -0.594415 -0.000803 -0.003542 0.951628 0.307230
1341845841.021755 0.767488 -0.184154 -0.580708 -0.000387 -0.006630 0.952300 0.305091
1341845841.057797 0.787701 -0.190802 -0.552297 -0.003383 -0.004788 0.951980 0.306106
1341845841.089861 0.768574 -0.222107 -0.564123 -0.003006 0.004725 0.952154 0.305569
1341845841.127763 0.770781 -0.229124 -0.574630 -0.003761 0.006008 0.951433 0.307774
1341845841.189794 0.786614 -0.218485 -0.577835 -0.004608 0.004229 0.949835 0.312690
1341845841.225871 0.777719 -0.228062 -0.571567 -0.002787 0.007881 0.949614 0.313311
1341845841.257769 0.785101 -0.237199 -0.574245 -0.003429 0.010499 0.948898 0.315389
1341845841.289834 0.779776 -0.224549 -0.577866 -0.001541 0.008330 0.949914 0.312396
1341845841.325856 0.774107 -0.179113 -0.596689 0.000456 0.000185 0.950247 0.311496
1341845841.357778 0.781637 -0.214857 -0.592190 -0.001618 0.003021 0.949496 0.313759
1341845841.389747 0.833459 -0.300793 -0.581887 -0.010756 0.013462 0.950251 0.311010
1341845841.425648 0.876594 -0.295239 -0.556895 -0.013950 0.011615 0.951789 0.306217
1341845841.457784 0.904223 -0.257632 -0.548257 -0.014240 0.007936 0.954126 0.298961
1341845841.493636 0.875903 -0.368501 -0.597914 -0.011612 0.033478 0.947149 0.318832
1341845841.525800 0.894626 -0.224298 -0.599270 -0.012287 0.004936 0.953527 0.301017
1341845841.557776 0.880663 -0.248125 -0.594768 -0.011738 0.006615 0.953306 0.301705
1341845841.593697 0.855749 -0.311720 -0.584529 -0.008630 0.016226 0.952950 0.302569
1341845841.625800 0.880864 -0.299075 -0.548934 -0.011170 0.011563 0.954235 0.298626
1341845841.657778 0.879521 -0.305131 -0.549981 -0.010807 0.014094 0.954523 0.297609
1341845841.693890 0.884700 -0.277522 -0.545075 -0.010173 0.008303 0.955531 0.294598
1341845841.725831 0.848788 -0.297739 -0.566084 -0.004828 0.014451 0.955223 0.295496
1341845841.761977 0.875950 -0.268475 -0.567608 -0.008105 0.007462 0.955318 0.295376
1341845841.793705 0.854567 -0.275332 -0.585916 -0.004944 0.007810 0.955625 0.294440
1341845841.825907 0.813099 -0.294425 -0.560888 0.004051 0.010844 0.954258 0.298760
1341845841.862456 0.901307 -0.276448 -0.546179 -0.008664 0.000865 0.955154 0.295981
1341845841.893840 0.918625 -0.264532 -0.523598 -0.006779 -0.000668 0.955815 0.293890
1341845841.925729 0.915318 -0.266510 -0.533476 -0.005268 0.001243 0.956973 0.290128
1341845841.961799 0.895860 -0.300996 -0.535159 -0.002719 0.008001 0.955887 0.293612
1341845841.994063 0.914534 -0.270116 -0.531209 -0.005913 0.000651 0.955245 0.295755
1341845842.030345 0.912391 -0.238336 -0.565229 -0.004585 -0.005466 0.955664 0.294374
1341845842.061842 0.922540 -0.260095 -0.546720 -0.005671 -0.004887 0.955965 0.293385
1341845842.095648 0.896167 -0.318412 -0.528742 -0.003495 0.005016 0.955596 0.294617
1341845842.130144 0.927106 -0.271021 -0.550343 -0.006854 -0.003797 0.955692 0.294266
1341845842.168651 0.908798 -0.320312 -0.518102 -0.006694 0.002309 0.956072 0.293045
1341845842.204415 0.866430 -0.342240 -0.546590 -0.000733 0.009455 0.955456 0.294980
1341845842.236995 0.929891 -0.270591 -0.520775 -0.005590 -0.007540 0.956875 0.290348
1341845842.298056 0.934380 -0.331140 -0.502301 -0.004893 0.001602 0.957998 0.286730
1341845842.330531 0.924661 -0.297145 -0.512682 -0.002667 -0.003111 0.958323 0.285657
1341845842.362365 0.963830 -0.293195 -0.567966 -0.007349 -0.005848 0.957536 0.288162
1341845842.399606 0.942468 -0.298680 -0.535842 -0.005180 -0.007948 0.957416 0.288557
1341845842.439754 0.942952 -0.334264 -0.507157 -0.007213 -0.004218 0.956681 0.291018
1341845842.472222 0.998129 -0.267743 -0.571930 -0.012098 -0.007536 0.924285 0.381436
1341845842.506051 0.945548 -0.354229 -0.502916 -0.006821 -0.002435 0.957412 0.288634
1341845842.539739 0.941072 -0.374199 -0.514692 -0.007525 0.001976 0.956767 0.290751
1341845842.597810 0.888239 -0.394191 -0.485244 0.001413 0.009059 0.956367 0.292024
1341845842.671782 0.921348 -0.394061 -0.528192 -0.004090 0.010181 0.956935 0.290095
1341845842.733828 0.864791 -0.456583 -0.496427 0.004936 0.023527 0.958034 0.285646
1341845842.772554 0.926196 -0.397408 -0.502926 -0.002981 0.009375 0.958268 0.285702
1341845842.803667 0.947657 -0.375130 -0.506601 -0.003397 0.010300 0.954001 0.299606
1341845842.839779 0.926380 -0.396930 -0.496294 0.001952 -0.005203 0.985224 0.171179
1341845842.871951 0.926245 -0.397280 -0.501157 -0.008008 0.003538 0.954528 0.297993
1341845842.903766 0.943670 -0.433092 -0.491443 -0.009886 0.006926 0.958171 0.285940
1341845842.939694 0.934852 -0.422247 -0.491820 -0.009464 0.003936 0.957203 0.289235
1341845842.971703 0.924036 -0.446415 -0.491762 -0.008554 0.009005 0.957279 0.288900
1341845843.003637 0.934839 -0.432724 -0.498394 -0.007804 0.004919 0.957534 0.288171
1341845843.039687 0.936826 -0.426113 -0.516112 -0.007749 0.004255 0.958086 0.286345
1341845843.071786 0.938740 -0.419008 -0.491435 -0.009120 0.001593 0.958703 0.284258
1341845843.103725 0.922753 -0.446156 -0.504288 -0.006417 0.007049 0.959326 0.282140
1341845843.139742 0.911164 -0.442126 -0.504662 -0.002232 0.006766 0.959399 0.281963
1341845843.171825 0.929414 -0.431423 -0.502598 -0.006402 0.002015 0.957810 0.287323
1341845843.207907 0.948651 -0.410537 -0.518099 -0.008655 -0.005489 0.957036 0.289788
1341845843.240014 0.949294 -0.426513 -0.488359 -0.009621 -0.007248 0.956443 0.291669
1341845843.281910 0.868470 -0.547055 -0.406777 -0.004330 0.010385 0.933909 0.357334
1341845843.307930 0.904654 -0.499786 -0.499737 -0.003440 0.007789 0.956559 0.291413
1341845843.339844 0.862935 -0.534762 -0.505090 0.001909 0.016641 0.957532 0.287839
1341845843.407961 0.871352 -0.545397 -0.516330 -0.002997 0.021205 0.957271 0.288398
1341845843.469698 0.879331 -0.522691 -0.529677 -0.006827 0.012426 0.954930 0.296493
1341845843.501755 0.893054 -0.529394 -0.525892 -0.012657 0.012584 0.956615 0.290809
1341845843.537749 0.903146 -0.510074 -0.518088 -0.012133 0.007646 0.958292 0.285431
1341845843.601912 0.833676 -0.479661 -0.580441 -0.005534 0.001775 0.952137 0.305616
1341845843.637854 0.858343 -0.551119 -0.529401 -0.011656 0.008177 0.951843 0.306255
1341845843.669935 0.828430 -0.547759 -0.528973 -0.009293 0.009240 0.951928 0.306042
1341845843.705705 0.797122 -0.542046 -0.574134 -0.005682 0.006034 0.943236 0.332021
1341845843.738087 1.146694 -0.053706 -0.644762 -0.008674 0.015962 0.933144 0.359044
1341845843.769868 1.176179 0.090998 -0.666952 -0.022051 0.020162 0.935204 0.352846
1341845843.805741 0.834036 -0.642240 -0.520446 -0.023648 0.026581 0.953200 0.300239
1341845843.837731 0.826656 -0.614528 -0.566627 -0.023794 0.022958 0.953727 0.298850
1341845843.869723 0.814633 -0.663308 -0.525924 -0.026101 0.032278 0.953180 0.299541
1341845843.905817 0.779606 -0.711192 -0.524248 -0.024569 0.038268 0.960770 0.273591
1341845843.937846 0.773768 -0.612769 -0.504405 -0.017946 0.027226 0.956901 0.288579
1341845843.973843 0.795932 -0.568809 -0.533239 -0.023929 0.021156 0.956434 0.290197
1341845844.005877 0.692157 -0.650312 -0.532425 -0.013468 0.036707 0.964442 0.261385
1341845844.037839 0.662690 -0.670271 -0.520560 -0.007574 0.042536 0.964591 0.260187
1341845844.073843 0.686049 -0.643453 -0.593843 -0.012773 0.037891 0.961395 0.272252
1341845844.105844 0.724596 -0.672449 -0.545420 -0.022546 0.038517 0.963219 0.264984
1341845844.137727 0.740992 -0.678840 -0.521998 -0.025689 0.039227 0.961564 0.270547
1341845844.173729 0.737912 -0.712018 -0.588467 -0.010040 0.031587 0.980378 0.194318
1341845844.205772 0.690634 -0.666321 -0.548797 -0.018212 0.039809 0.960497 0.274825
1341845844.241826 0.748504 -0.757802 -0.467041 -0.032943 0.050830 0.957808 0.280954
1341845844.273743 0.687976 -0.642459 -0.597334 -0.015086 0.041441 0.970811 0.235756
1341845844.305737 0.771352 -0.736997 -0.587672 -0.012535 0.042044 0.977483 0.206404
1341845844.341702 0.750106 -0.729620 -0.589951 -0.012379 0.046507 0.976683 0.209221
1341845844.373700 0.762401 -0.741917 -0.588566 -0.015327 0.041264 0.966858 0.251492
1341845844.409780 0.790686 -0.818067 -0.618864 -0.021177 0.047844 0.975648 0.213012
1341845844.441868 0.749566 -0.753005 -0.588802 -0.015164 0.046909 0.970538 0.235852
1341845844.473633 0.761135 -0.745731 -0.590585 -0.015680 0.041143 0.975080 0.217441
1341845844.509732 0.745802 -0.728953 -0.587646 -0.013437 0.035638 0.975488 0.216730
1341845844.541734 0.754249 -0.747810 -0.586906 -0.016455 0.036661 0.975562 0.216017
1341845844.573798 0.681390 -0.713348 -0.587290 -0.015042 0.032291 0.975787 0.215801
1341845844.609774 0.723169 -0.757457 -0.584392 -0.014663 0.033707 0.975631 0.216316
1341845844.641742 0.757554 -0.776063 -0.575340 -0.011408 0.032678 0.977899 0.206195
1341845844.677619 0.793819 -0.789040 -0.526685 -0.016091 0.034539 0.976187 0.213556
1341845844.709820 0.780279 -0.825743 -0.582541 -0.014723 0.039369 0.976339 0.212121
1341845844.741764 0.817484 -0.874607 -0.567217 -0.012849 0.039075 0.977182 0.208383
1341845844.778110 0.846465 -0.894620 -0.571667 -0.017558 0.039989 0.978592 0.201121
1341845844.811162 0.603753 -0.757769 -0.579755 -0.022904 0.032543 0.978487 0.202434
1341845844.842336 0.598387 -0.770671 -0.601886 -0.020730 0.036834 0.978221 0.203215
1341845844.883762 0.635029 -0.836364 -0.567465 -0.027181 0.040567 0.976486 0.209979
1341845844.947016 -0.846812 -0.027086 -0.712414 -0.033960 0.042663 0.976649 0.207806
1341845844.977793 0.929873 -0.958961 -0.611394 -0.025401 0.037485 0.976835 0.209150
1341845845.009670 0.646393 -0.842552 -0.562887 -0.019889 0.033332 0.974166 0.222471
1341845845.045698 -0.758598 -0.086011 -0.712626 -0.029995 0.039613 0.974770 0.217610
1341845845.077748 -0.772748 -0.089726 -0.717010 -0.033050 0.040299 0.975281 0.214735
1341845845.109679 -0.746338 -0.043296 -0.733799 -0.031559 0.027254 0.976594 0.211012
1341845845.145640 -0.736229 -0.061509 -0.724675 -0.034976 0.027946 0.975423 0.215744
1341845845.177719 -0.872523 -0.056743 -0.737018 -0.032703 0.019795 0.979723 0.196676
1341845845.213604 -0.867600 -0.069241 -0.734075 -0.031540 0.022139 0.979090 0.199746
1341845845.245741 -0.869969 -0.077236 -0.732907 -0.030087 0.022959 0.977472 0.207642
1341845845.277905 -0.866526 -0.080171 -0.728870 -0.032399 0.024770 0.978198 0.203629
1341845845.314159 -0.835582 -0.098062 -0.723808 -0.029528 0.029994 0.973722 0.223816
1341845845.345748 -0.849995 -0.103919 -0.723953 -0.030740 0.027778 0.976036 0.213631
1341845845.381704 -0.845997 -0.107137 -0.727241 -0.031548 0.027754 0.971568 0.233001
1341845845.413648 -0.871105 -0.102431 -0.724876 -0.032903 0.023277 0.978229 0.203579
1341845845.445777 -0.870655 -0.103915 -0.725730 -0.032157 0.022181 0.976863 0.210267
1341845845.481809 -0.839706 -0.134815 -0.719126 -0.030372 0.025790 0.971362 0.234241
1341845845.514332 -0.856504 -0.112617 -0.712319 -0.028436 0.014061 0.972667 0.230028
1341845845.545717 -0.829222 -0.083311 -0.710300 -0.028584 0.012479 0.974495 0.222230
1341845845.581658 -0.818364 -0.118345 -0.745432 -0.029757 0.013227 0.974713 0.221075
1341845845.613959 -0.851385 -0.117307 -0.726269 -0.025901 0.008794 0.975414 0.218677
1341845845.649696 -0.847652 -0.146492 -0.720474 -0.032056 0.006338 0.972088 0.232330
1341845845.682034 -0.843840 -0.146635 -0.699560 -0.029591 0.007064 0.973959 0.224675
1341845845.714232 -0.916372 -0.142679 -0.717721 -0.026570 0.007199 0.978368 0.205032
1341845845.751971 -0.922750 -0.154212 -0.716839 -0.027846 -0.001324 0.977593 0.208648
1341845845.787747 -0.949943 -0.209785 -0.684372 -0.041909 0.043854 0.979259 0.193320
1341845845.820616 -0.906216 -0.259257 -0.747145 -0.032219 0.031440 0.979029 0.198683
1341845845.887653 -0.926385 -0.169530 -0.710046 -0.043886 0.013980 0.975887 0.213362
1341845845.949895 -0.968047 -0.219364 -0.697714 -0.047340 0.037655 0.980961 0.184542
1341845845.981855 -0.952683 -0.236235 -0.686915 -0.047275 0.039934 0.980714 0.185394
1341845846.017822 -0.937939 -0.196265 -0.705154 -0.048592 0.036719 0.981000 0.184198
1341845846.049788 -0.921563 -0.155696 -0.692549 -0.052324 0.030753 0.978594 0.196648
1341845846.081697 -1.063198 -0.285050 -0.623942 -0.030052 0.047874 0.985048 0.162744
1341845846.117753 -0.901495 -0.233998 -0.688933 -0.057300 0.038342 0.977880 0.197478
1341845846.149729 -1.101382 -0.241234 -0.591417 -0.028165 0.037950 0.981249 0.186859
1341845846.185551 -0.970839 -0.264914 -0.694981 -0.049333 0.037313 0.981311 0.182219
1341845846.217670 -0.970373 -0.272889 -0.704241 -0.046285 0.037040 0.977380 0.203012
1341845846.249670 -0.988407 -0.269265 -0.709321 -0.045134 0.034895 0.976413 0.208240
1341845846.285621 -0.983086 -0.280025 -0.712589 -0.049330 0.028064 0.980917 0.185961
1341845846.318706 -1.006973 -0.279413 -0.730383 -0.047394 0.023359 0.979041 0.196690
1341845846.349746 -0.983427 -0.251018 -0.708506 -0.045096 0.021628 0.981481 0.184916
1341845846.385823 -1.020074 -0.298745 -0.745511 -0.051333 0.010624 0.980348 0.190185
1341845846.417804 -1.022796 -0.302448 -0.745115 -0.051459 0.010707 0.980421 0.189768
1341845846.453757 -1.070359 -0.294985 -0.765324 -0.052783 0.004216 0.980878 0.187283
1341845846.485915 -1.005932 -0.320306 -0.746917 -0.054812 0.004914 0.980869 0.186731
1341845846.517804 -1.086855 -0.310927 -0.772659 -0.052259 -0.002689 0.979876 0.192624
1341845846.553866 -1.059259 -0.347156 -0.766151 -0.056378 -0.001050 0.979177 0.195020
1341845846.585802 -1.085309 -0.300760 -0.765005 -0.055694 -0.000450 0.977764 0.202177
1341845846.621952 -1.926712 0.052004 -0.733866 -0.061650 -0.002259 0.980563 0.186255
1341845846.653735 -1.099974 -0.329902 -0.785610 -0.059492 -0.011951 0.977611 0.201483
1341845846.687048 -1.080847 -0.339560 -0.791829 -0.063111 -0.019173 0.978885 0.193476
1341845846.721930 -1.103109 -0.314298 -0.794062 -0.062220 -0.020282 0.976780 0.204003
1341845846.755684 -1.060873 -0.308519 -0.771254 -0.065217 -0.013981 0.979540 0.189875
1341845846.785987 -1.096732 -0.293865 -0.793141 -0.063443 -0.018229 0.976425 0.205515
1341845846.821760 -1.063687 -0.300344 -0.780297 -0.064250 -0.015275 0.979151 0.192096
1341845846.853756 -0.960484 -0.298722 -0.774119 -0.061908 -0.005488 0.982999 0.172773
1341845846.889724 -0.967325 -0.283002 -0.778768 -0.059407 -0.000269 0.981542 0.181786
1341845846.921756 -0.980057 -0.282953 -0.794975 -0.057230 -0.001845 0.982537 0.177038
1341845846.953776 -0.949656 -0.275977 -0.765903 -0.057136 0.006537 0.983748 0.170094
1341845846.989607 -0.926785 -0.272109 -0.759522 -0.056852 0.011239 0.982278 0.178247
1341845847.021791 -0.925901 -0.262138 -0.771051 -0.055482 0.014158 0.980513 0.187924
1341845847.053671 -0.915409 -0.260814 -0.755589 -0.053472 0.019242 0.982169 0.179204
1341845847.089677 -0.917447 -0.251436 -0.742891 -0.051709 0.024025 0.982779 0.175768
1341845847.121825 -1.031036 -0.273466 -0.701164 -0.031336 0.030581 0.981264 0.187626
1341845847.157737 -0.900580 -0.237303 -0.773187 -0.048554 0.032157 0.980530 0.187532
1341845847.189613 -0.921707 -0.240477 -0.773065 -0.046394 0.033630 0.980126 0.189919
1341845847.221790 -0.820599 -0.228927 -0.788846 -0.062674 0.030230 0.980580 0.183359
1341845847.257718 -0.954580 -0.270505 -0.719061 -0.053464 0.039495 0.979296 0.191207
1341845847.289652 -0.939150 -0.239726 -0.736508 -0.045071 0.041631 0.982030 0.178474
1341845847.321777 -0.956920 -0.212892 -0.730940 -0.044253 0.041485 0.981596 0.181078
1341845847.357899 -0.976453 -0.243551 -0.712767 -0.045912 0.048796 0.978497 0.195078
1341845847.390176 -0.966601 -0.238260 -0.712688 -0.048084 0.053531 0.978606 0.192750
1341845847.425786 -0.959635 -0.233657 -0.711051 -0.047094 0.055218 0.978841 0.191319
1341845847.489945 -0.958200 -0.214251 -0.710967 -0.046286 0.060912 0.979887 0.184306
1341845847.525805 -0.841829 -0.360706 -0.668449 -0.072046 0.082980 0.978116 0.176673
1341845847.557741 -0.960999 -0.200611 -0.716328 -0.041471 0.061849 0.979671 0.186280
1341845847.593782 -0.954161 -0.244992 -0.722605 -0.043314 0.059728 0.977820 0.196023
1341845847.625656 -0.927244 -0.347437 -0.666005 -0.064219 0.079910 0.973689 0.203517
1341845847.657670 -0.831765 -0.343834 -0.681005 -0.070774 0.082593 0.976819 0.184374
1341845847.693751 -0.850582 -0.348239 -0.696923 -0.066303 0.089211 0.977642 0.178499
1341845847.725684 -0.861261 -0.342307 -0.693869 -0.065596 0.087836 0.977059 0.182584
1341845847.757787 -0.588432 -0.442530 -0.619206 -0.061185 0.084890 0.974303 0.199457
1341845847.793826 -0.517489 -0.448414 -0.622899 -0.064687 0.087439 0.976886 0.184019
1341845847.825684 -0.545352 -0.450076 -0.624707 -0.059663 0.087688 0.976886 0.185596
1341845847.861928 -0.532869 -0.426984 -0.633829 -0.059809 0.085943 0.977704 0.182020
1341845847.893697 -0.602949 -0.427187 -0.643788 -0.050195 0.084427 0.977006 0.189241
1341845847.925644 -0.559466 -0.400311 -0.632893 -0.053035 0.084204 0.976262 0.192379
1341845847.961946 -0.571082 -0.409669 -0.643901 -0.046740 0.086811 0.976250 0.192913
1341845847.993685 -0.568588 -0.402349 -0.642461 -0.047060 0.087787 0.976259 0.192348
1341845848.025620 -0.469515 -0.429668 -0.663810 -0.061444 0.088151 0.975496 0.191995
1341845848.061715 -0.512666 -0.426959 -0.656543 -0.053838 0.089978 0.975634 0.192728
1341845848.093689 -0.505008 -0.391445 -0.665275 -0.051378 0.084894 0.976924 0.189136
1341845848.132119 -0.574420 -0.382726 -0.638198 -0.044296 0.086453 0.975791 0.195950
1341845848.167711 -0.574559 -0.357394 -0.654089 -0.038473 0.091116 0.977608 0.185742
1341845848.200502 -0.586363 -0.345926 -0.657445 -0.036850 0.084620 0.978205 0.186003
1341845848.232265 -0.571638 -0.395697 -0.660554 -0.039812 0.094196 0.977572 0.184109
1341845848.267873 -0.575037 -0.410922 -0.655106 -0.039093 0.098114 0.976625 0.187216
1341845848.301135 -0.571262 -0.415319 -0.657913 -0.040861 0.098743 0.976475 0.187289
1341845848.335735 -0.564294 -0.409032 -0.687103 -0.040218 0.093988 0.977214 0.186015
1341845848.367757 -0.528995 -0.391142 -0.657643 -0.046074 0.089326 0.976747 0.189377
1341845848.399644 -0.509255 -0.383014 -0.661821 -0.048107 0.087726 0.977598 0.185182
1341845848.435802 -0.524299 -0.418085 -0.644413 -0.041428 0.095776 0.977697 0.182262
1341845848.467705 -0.477651 -0.378328 -0.681949 -0.042629 0.087153 0.979928 0.174148
1341845848.503759 -0.521894 -0.424058 -0.657899 -0.047071 0.094784 0.976038 0.190134
1341845848.536036 -0.508184 -0.392630 -0.670057 -0.045608 0.090012 0.977948 0.182855
1341845848.567958 -0.502208 -0.387132 -0.665912 -0.045655 0.090096 0.977598 0.184664
1341845848.603657 -0.529396 -0.395176 -0.665717 -0.040739 0.093154 0.976997 0.187454
1341845848.635797 -0.571549 -0.366752 -0.644637 -0.033012 0.091619 0.977813 0.185467
1341845848.671815 -0.623705 -0.330094 -0.695083 -0.038894 0.094057 0.977404 0.185259
1341845848.703677 -0.487700 -0.322205 -0.677389 -0.043181 0.084881 0.977652 0.187425
1341845848.735781 -0.462796 -0.323759 -0.684606 -0.047698 0.087826 0.977464 0.185947
1341845848.771647 -0.774261 -0.256363 -0.745877 -0.043083 0.082934 0.979605 0.177873
1341845848.803783 -0.784172 -0.262408 -0.743550 -0.041874 0.084829 0.979404 0.178379
1341845848.839757 -0.749715 -0.253008 -0.735317 -0.050127 0.086084 0.981156 0.165558
1341845848.871829 -0.780554 -0.263754 -0.725087 -0.044597 0.098609 0.977135 0.183018
1341845848.903622 -0.788593 -0.297746 -0.761472 -0.049383 0.098312 0.979829 0.166829
1341845848.940608 -0.827504 -0.255654 -0.761734 -0.046108 0.101969 0.979460 0.167735
1341845848.972843 -0.780287 -0.177025 -0.726098 -0.054487 0.091088 0.979045 0.173795
1341845849.008613 -0.617194 -0.416181 -0.709520 -0.050998 0.090438 0.981426 0.161315
1341845849.072005 -0.878924 -0.148437 -0.701169 -0.044990 0.092074 0.978822 0.177217
1341845849.133777 -0.841140 -0.159789 -0.780341 -0.054348 0.092384 0.979299 0.171712
1341845849.165908 -0.889323 -0.218472 -0.746344 -0.053565 0.103724 0.979469 0.164355
1341845849.201651 -0.861095 -0.239490 -0.729376 -0.058739 0.109483 0.979031 0.161435
1341845849.233648 -0.855575 -0.179600 -0.740341 -0.058337 0.098523 0.980627 0.158939
1341845849.265690 -0.788039 -0.269373 -0.759968 -0.072888 0.112278 0.976880 0.166694
1341845849.301701 -0.925856 -0.262083 -0.704799 -0.050570 0.113749 0.979730 0.156949
1341845849.333730 -0.886549 -0.240933 -0.686692 -0.057470 0.108213 0.978965 0.163143
1341845849.369727 -0.870209 -0.284337 -0.675533 -0.061411 0.114887 0.977904 0.163504
1341845849.401811 -0.873138 -0.345363 -0.658457 -0.061761 0.121999 0.979989 0.144652
1341845849.433692 -0.848339 -0.219292 -0.670861 -0.060991 0.102769 0.979760 0.160588
1341845849.469648 -0.853997 -0.202277 -0.668941 -0.060015 0.099738 0.979779 0.162738
1341845849.501641 -0.844656 -0.183652 -0.660755 -0.060544 0.095387 0.980058 0.163471
1341845849.533689 -0.864019 -0.225287 -0.637525 -0.057970 0.104666 0.979865 0.159841
1341845849.569780 -0.863070 -0.238307 -0.605693 -0.059608 0.106468 0.979402 0.160884
1341845849.601759 -0.889458 -0.248097 -0.643790 -0.055942 0.106089 0.978275 0.169098
1341845849.637837 -0.861618 -0.215233 -0.592042 -0.060823 0.102523 0.980014 0.159257
1341845849.669719 -0.854537 -0.209464 -0.596430 -0.063806 0.100796 0.979682 0.161220
1341845849.701927 -0.859734 -0.238286 -0.587335 -0.070660 0.102117 0.975305 0.182647
1341845849.737804 -0.843900 -0.163804 -0.592006 -0.069315 0.092494 0.979977 0.162127
1341845849.769688 -0.926464 -0.234149 -0.546658 -0.057123 0.109726 0.979564 0.158592
1341845849.805874 -0.872413 -0.216937 -0.568227 -0.064693 0.104384 0.979313 0.160827
1341845849.838002 -0.816532 -0.083006 -0.520982 -0.064054 0.104488 0.981743 0.145465
1341845849.873756 -0.965918 -0.394863 -0.409451 -0.047956 0.111921 0.989519 0.077628
1341845849.905773 -1.240432 -0.996840 -0.192085 -0.042254 0.107265 0.992347 0.044239
1341845849.942380 -1.254907 -1.041852 -0.153851 -0.041413 0.106860 0.992511 0.042278
1341845849.969808 -1.295541 -1.122243 -0.128577 -0.044909 0.102604 0.992794 0.042602
1341845850.006040 -0.949908 -0.369741 -0.339775 -0.053156 0.108348 0.989582 0.078498
1341845850.038041 -0.990689 -0.366782 -0.334036 -0.044383 0.107975 0.990083 0.078154
1341845850.073843 -0.984274 -0.370435 -0.315634 -0.046463 0.110423 0.989274 0.083575
1341845850.137727 -0.931706 -0.339205 -0.352645 -0.062676 0.127001 0.974549 0.173771
1341845850.173748 -0.666891 0.211927 -0.469261 -0.069684 0.104218 0.971360 0.201850
1341845850.205888 -1.083313 -0.462644 -0.343512 -0.065447 0.109459 0.976533 0.173545
1341845850.242190 -1.316652 -0.897947 -0.239382 -0.063648 0.103803 0.978344 0.167380
1341845850.276369 -0.915954 -0.281985 -0.293756 -0.057917 0.096834 0.981165 0.156792
1341845850.311979 -0.890846 -0.308878 -0.301627 -0.062024 0.100399 0.980251 0.158685
1341845850.343827 -0.898375 -0.283729 -0.299533 -0.059897 0.094336 0.980552 0.161342
1341845850.380151 -0.901173 -0.308934 -0.283423 -0.060120 0.099367 0.979784 0.162896
1341845850.412359 -0.886496 -0.307692 -0.275222 -0.063455 0.100177 0.979530 0.162663
1341845850.447279 -0.889515 -0.342634 -0.270719 -0.065512 0.107977 0.979156 0.159069
1341845850.511722 -0.937400 -0.356017 -0.223644 -0.055840 0.117823 0.980443 0.147417
1341845850.573894 -0.934511 -0.325333 -0.214865 -0.056789 0.114205 0.981010 0.146120
1341845850.609794 -0.951021 -0.418926 -0.190045 -0.056262 0.137267 0.978105 0.145953
1341845850.641744 -0.936047 -0.387143 -0.204900 -0.057544 0.129308 0.979341 0.144428
1341845850.673755 -0.934266 -0.404156 -0.194765 -0.058813 0.134545 0.977858 0.149102
1341845850.709784 -0.936225 -0.403347 -0.185505 -0.059649 0.136467 0.977470 0.149570
1341845850.741802 -0.954372 -0.309065 -0.202491 -0.052360 0.117666 0.980105 0.151022
1341845850.777740 -0.942266 -0.329835 -0.193747 -0.054870 0.122103 0.979136 0.152885
1341845850.841900 -0.927978 -0.281739 -0.198421 -0.055881 0.110860 0.980636 0.151463
1341845850.877766 -0.886923 -0.263511 -0.216231 -0.062565 0.103761 0.980708 0.153399
1341845850.909781 -0.886180 -0.305359 -0.171494 -0.066063 0.114557 0.980321 0.146569
1341845850.941758 -0.896950 -0.299893 -0.179054 -0.064604 0.112581 0.979915 0.151391
1341845850.977762 -0.873043 -0.316719 -0.150540 -0.068620 0.117305 0.980689 0.140639
1341845851.009834 -0.893338 -0.256993 -0.162027 -0.063234 0.102802 0.982175 0.144104
1341845851.045751 -0.833494 -0.265354 -0.187188 -0.073095 0.099279 0.981832 0.144243
1341845851.077894 -0.907483 -0.275647 -0.144229 -0.061090 0.107996 0.982222 0.140870
1341845851.109747 -0.921979 -0.299731 -0.132131 -0.058563 0.115032 0.982241 0.136163
1341845851.145889 -0.921609 -0.296136 -0.129028 -0.061104 0.112733 0.982586 0.134473
1341845851.177904 -0.912405 -0.282173 -0.127666 -0.070526 0.112603 0.973201 0.187689
1341845851.209882 -0.939558 -0.357324 -0.095036 -0.059506 0.122442 0.981728 0.132953
1341845851.251733 -0.887713 -0.301329 -0.121068 -0.066598 0.105115 0.981347 0.146541
1341845851.313813 -0.933634 -0.432633 -0.053643 -0.061747 0.144078 0.977951 0.137990
1341845851.345834 -0.994247 -0.443422 -0.037542 -0.046920 0.149125 0.978460 0.134818
1341845851.377718 -0.928886 -0.405676 -0.057564 -0.056319 0.139980 0.979828 0.131035
1341845851.413805 -0.960553 -0.406788 -0.070428 -0.050220 0.139181 0.979817 0.134409
1341845851.445896 -0.988787 -0.430475 -0.065051 -0.044350 0.140521 0.978803 0.142240
1341845851.478163 -0.971925 -0.427226 -0.058757 -0.044895 0.139247 0.979148 0.140937
1341845851.514640 -0.998442 -0.383749 -0.070872 -0.038114 0.127940 0.981027 0.140587
1341845851.546201 -0.987364 -0.410756 -0.059625 -0.042616 0.132035 0.980259 0.140868
1341845851.581975 -0.971408 -0.436808 -0.030526 -0.046204 0.139184 0.979879 0.135391
1341845851.616214 -0.962427 -0.409027 -0.028618 -0.046538 0.134826 0.981399 0.128503
1341845851.681977 -1.012703 -0.366944 -0.034507 -0.030272 0.125741 0.984113 0.121635
1341845851.714139 -0.988609 -0.421009 -0.015665 -0.039677 0.139000 0.981317 0.126968
1341845851.745927 -0.979843 -0.377757 -0.042124 -0.039058 0.126598 0.982954 0.127468
1341845851.781911 -1.035675 -0.511408 -0.000562 -0.031599 0.161615 0.976520 0.138888
1341845851.813848 -1.019908 -0.470228 0.002465 -0.035116 0.152638 0.978139 0.136792
1341845851.849910 -1.018140 -0.485195 0.007902 -0.035773 0.156237 0.977436 0.137583
1341845851.881832 -1.004920 -0.464470 0.009667 -0.036793 0.153418 0.978102 0.135739
1341845851.913735 -1.019897 -0.461604 0.009895 -0.036306 0.156574 0.977295 0.138065
1341845851.949904 -1.025794 -0.413215 -0.014636 -0.034587 0.142988 0.979134 0.140199
1341845851.982005 -0.993646 -0.444879 0.007347 -0.043447 0.151815 0.977204 0.141902
1341845852.017909 -0.328637 0.706307 -0.165125 -0.040425 0.121530 0.988541 0.079899
1341845852.050012 -1.016070 -0.403191 -0.010610 -0.041168 0.142469 0.979835 0.133909
1341845852.082035 -0.910101 -0.326273 -0.011731 -0.063676 0.122530 0.982698 0.123439
1341845852.121076 -0.995432 -0.338813 -0.042595 -0.050442 0.125693 0.981236 0.137233
1341845852.163838 -1.831163 -0.551975 -0.048942 -0.086941 0.102965 0.940535 0.311822
1341845852.190660 -1.065294 -0.545724 0.050196 0.002074 0.139383 0.989711 -0.032253
1341845852.223981 -1.021986 -0.483820 0.028400 0.007267 0.136703 0.988819 -0.059123
1341845852.286726 -1.035502 -0.372949 -0.059383 -0.048932 0.138899 0.978504 0.144372
1341845852.349834 -1.092746 -0.413692 -0.049440 -0.102427 0.129339 0.929925 0.328664
1341845852.385657 -0.971527 -0.410159 -0.057776 -0.058904 0.141700 0.978707 0.136326
1341845852.417731 -0.977766 -0.371197 -0.075329 -0.054212 0.132162 0.979945 0.138933
1341845852.449741 -1.119870 -0.436828 -0.053750 -0.112159 0.122247 0.916718 0.363460
1341845852.485861 -1.001544 -0.413550 -0.074431 -0.050151 0.140886 0.978362 0.142984
1341845852.517876 -0.995177 -0.406737 -0.083862 -0.046329 0.136874 0.980896 0.130241
1341845852.553887 -1.050538 -0.086091 -0.223322 -0.022165 0.113930 0.988383 0.098124
1341845852.617891 -0.976494 -0.391027 -0.123478 -0.047914 0.128727 0.979798 0.145360
1341845852.653840 -0.987745 -0.385267 -0.121843 -0.045554 0.127608 0.980131 0.144857
1341845852.685926 -0.999038 -0.430074 -0.114348 -0.044941 0.137152 0.978567 0.146891
1341845852.717821 -1.025932 -0.425824 -0.117583 -0.036710 0.135149 0.979039 0.147883
1341845852.753958 -0.968998 -0.449672 -0.129690 -0.046135 0.138545 0.979505 0.138732
1341845852.785766 -1.138795 -0.654829 -0.067890 -0.027880 0.151159 0.984691 0.082201
1341845852.822784 -1.110580 -0.670158 -0.021287 -0.031147 0.154304 0.984672 0.075102
1341845852.885924 -1.169619 -0.684682 -0.055259 -0.025020 0.157629 0.983684 0.083027
1341845852.921581 -1.036518 -0.502005 -0.108911 -0.069673 0.151400 0.950180 0.263406
1341845852.953977 -1.009753 -0.497963 -0.120154 -0.073917 0.148559 0.951404 0.259417
1341845852.989721 -0.909464 -0.708018 -0.035205 -0.079246 0.126502 0.933159 0.327003
1341845853.021716 -0.900398 -0.696946 -0.049919 -0.085092 0.124107 0.926834 0.344001
1341845853.053750 -0.994403 -0.451615 -0.151565 -0.073194 0.133772 0.950313 0.271392
1341845853.089814 -1.052278 -0.436985 -0.166256 -0.067810 0.133925 0.961771 0.229047
1341845853.121864 -1.024490 -0.471203 -0.193642 -0.068020 0.135438 0.949079 0.276187
1341845853.159690 -1.020967 -0.482824 -0.154384 -0.069766 0.140172 0.949915 0.270456
1341845853.195824 -0.979996 -0.460682 -0.183562 -0.072558 0.132453 0.951184 0.269147
1341845853.227731 -1.052320 -0.465709 -0.173844 -0.060647 0.137200 0.951427 0.268858
1341845853.263703 -1.019752 -0.457401 -0.186434 -0.065299 0.134242 0.951440 0.269215
1341845853.296490 -1.036095 -0.472615 -0.181578 -0.063720 0.140324 0.950364 0.270291
1341845853.327753 -1.054804 -0.481889 -0.182522 -0.057519 0.143596 0.950704 0.268762
1341845853.363891 -1.051578 -0.499459 -0.189098 -0.057744 0.147328 0.950534 0.267293
1341845853.395726 -1.055844 -0.479506 -0.210416 -0.057234 0.144736 0.951096 0.266817
1341845853.463774 -1.056001 -0.491951 -0.213939 -0.056249 0.146673 0.950694 0.267404
1341845853.525799 -1.097304 -0.438264 -0.264550 -0.044132 0.135285 0.954027 0.263787
1341845853.557770 -1.047874 -0.520543 -0.214053 -0.057099 0.148957 0.949526 0.270095
1341845853.589705 -1.042155 -0.523161 -0.219074 -0.057155 0.148988 0.950623 0.266178
1341845853.625908 -1.055025 -0.573951 -0.193754 -0.058255 0.160008 0.948659 0.266552
1341845853.657783 -1.022886 -0.554712 -0.226731 -0.061126 0.152429 0.949795 0.266304
1341845853.689930 -1.031428 -0.581273 -0.224810 -0.059168 0.160420 0.949638 0.262589
1341845853.725779 -1.039041 -0.628793 -0.214734 -0.061518 0.171831 0.947813 0.261419
1341845853.757962 -1.054703 -0.637963 -0.230103 -0.057901 0.173721 0.948195 0.259606
1341845853.793750 -1.036968 -0.571861 -0.244294 -0.058366 0.158423 0.950504 0.260842
1341845853.825783 -1.049699 -0.544438 -0.298112 -0.052753 0.153002 0.952926 0.256399
1341845853.857700 -1.047718 -0.570208 -0.283431 -0.054241 0.156854 0.951594 0.258694
1341845853.893805 -1.051834 -0.542743 -0.297938 -0.050085 0.150504 0.951744 0.262724
1341845853.925836 -1.049001 -0.578969 -0.322543 -0.050840 0.155172 0.951471 0.260845
1341845853.957735 -1.044191 -0.573658 -0.290481 -0.053128 0.154130 0.950249 0.265422
1341845853.993852 -1.042688 -0.572679 -0.276672 -0.051796 0.155670 0.951374 0.260713
1341845854.025830 -1.049590 -0.599474 -0.290243 -0.050155 0.161385 0.950516 0.260688
1341845854.061903 2.282034 -2.465342 0.352281 -0.047389 0.164482 0.949095 0.264420
1341845854.093760 -1.102380 -0.617530 -0.290385 -0.044293 0.165070 0.948460 0.266860
1341845854.125736 -1.036905 -0.578859 -0.303718 -0.050887 0.153093 0.950382 0.265982
1341845854.161837 -1.147396 -0.616259 -0.356459 -0.029735 0.162549 0.950142 0.264430
1341845854.193844 0.041170 -1.145266 0.011519 -0.045752 0.168662 0.947863 0.266490
1341845854.229884 0.040887 -1.148017 0.044375 -0.046210 0.169861 0.947130 0.268248
1341845854.261692 0.042961 -1.091991 0.038276 -0.040687 0.156942 0.951874 0.260094
1341845854.293781 0.050448 -1.112081 0.043498 -0.042141 0.160255 0.952856 0.254181
1341845854.330249 0.009265 -1.117886 -0.007433 -0.037374 0.158663 0.953125 0.254916
1341845854.361687 -0.064974 -1.114579 0.028546 -0.034915 0.161928 0.950169 0.264080
1341845854.393726 -0.113306 -1.046553 0.075347 -0.022822 0.154215 0.951823 0.264063
1341845854.429762 -0.054984 -1.110238 0.010561 -0.026864 0.153384 0.953440 0.258270
1341845854.462072 -0.069519 -1.116729 0.008584 -0.031526 0.155396 0.953053 0.257970
1341845854.497796 -0.098183 -1.138885 -0.059410 -0.060171 0.157358 0.951204 0.258513
1341845854.529719 -0.116572 -1.142263 -0.057318 -0.055424 0.163487 0.951794 0.253550
1341845854.561884 -0.133340 -1.145003 -0.060850 -0.054158 0.166823 0.948113 0.265178
1341845854.597860 -0.128845 -1.137481 -0.054319 -0.051448 0.158435 0.949662 0.265317
1341845854.629736 -0.006616 -1.110946 0.030566 -0.047970 0.159042 0.948809 0.268637
1341845854.662835 -0.096098 -1.157747 -0.047734 -0.045844 0.166461 0.949126 0.263340
1341845854.697815 -0.115958 -1.127005 -0.051942 -0.044774 0.149945 0.948122 0.276724
1341845854.729806 -0.118317 -1.125495 -0.056872 -0.041831 0.153277 0.949123 0.271885
1341845854.765688 -0.110420 -1.154644 -0.053266 -0.043878 0.159644 0.947833 0.272398
1341845854.797997 -0.127063 -1.149776 -0.060082 -0.049610 0.159060 0.942656 0.289202
1341845854.829779 -0.128333 -1.149299 -0.062913 -0.046466 0.158432 0.943908 0.285968
1341845854.865670 -0.133132 -1.122410 -0.072456 -0.042342 0.152338 0.944091 0.289298
1341845854.897712 -0.110943 -1.132311 -0.088083 -0.044390 0.160968 0.944546 0.282757
1341845854.930302 -0.121856 -1.154204 -0.094690 -0.043879 0.159727 0.944014 0.285306
1341845854.965801 -0.115008 -1.144384 -0.100580 -0.042840 0.159783 0.944334 0.284371
1341845854.997629 -0.154306 -1.076304 -0.067456 -0.036893 0.153205 0.946015 0.283236
1341845855.033841 -0.173553 -1.066586 -0.095897 -0.034320 0.152306 0.946588 0.282128
1341845855.065777 -0.220904 -1.060746 -0.085999 -0.036009 0.154073 0.945121 0.285853
1341845855.097795 -0.219492 -1.058394 -0.086130 -0.034799 0.155861 0.945608 0.283411
1341845855.133841 0.299074 -1.320258 0.122344 -0.056712 0.140430 0.948615 0.277835
1341845855.165831 -0.219150 -0.991148 -0.109390 -0.027430 0.135328 0.948047 0.286602
1341845855.201780 -0.663554 -1.012933 -0.179629 0.168949 0.085580 0.869770 -0.455667
1341845855.233747 0.051375 -1.145380 0.056032 -0.054187 0.136155 0.949095 0.278826
1341845855.265823 -0.199547 -1.054982 -0.086537 -0.031437 0.119042 0.951976 0.280326
1341845855.301716 -0.014121 -1.164604 -0.065635 -0.008004 0.113162 0.951405 0.286284
1341845855.333726 -0.028403 -1.167907 -0.069718 -0.003340 0.115828 0.952326 0.282220
1341845855.365773 -0.025896 -1.152358 -0.076261 -0.005623 0.114287 0.952003 0.283897
1341845855.401892 0.034004 -1.192459 -0.070294 -0.010008 0.120501 0.953491 0.276105
1341845855.433652 -0.019006 -1.175992 -0.088066 -0.002430 0.118069 0.954036 0.275442
1341845855.469817 -0.020061 -1.144709 -0.104092 0.002810 0.114234 0.956143 0.269692
1341845855.502750 -0.020785 -1.140630 -0.116833 0.005110 0.113933 0.956331 0.269118
1341845855.533846 -0.005377 -1.163508 -0.108641 -0.000542 0.115628 0.953688 0.277686
1341845855.569986 -0.012941 -1.170775 -0.106934 0.000763 0.116507 0.953135 0.279211
1341845855.601707 -0.028966 -1.183214 -0.116700 0.005142 0.119961 0.952657 0.279333
1341845855.633953 0.021887 -1.176966 -0.118825 0.005187 0.120262 0.957906 0.260626
1341845855.669628 0.018923 -1.187834 -0.111627 0.002636 0.121144 0.951050 0.284289
1341845855.701786 -0.037776 -1.170947 -0.148313 0.011571 0.118684 0.952972 0.278610
1341845855.737762 0.024280 -1.195445 -0.120246 0.001037 0.120536 0.951691 0.282408
1341845855.769674 -0.023702 -1.197779 -0.135711 0.010990 0.122528 0.951004 0.283650
1341845855.802152 0.007635 -1.228042 -0.162361 0.005942 0.123950 0.951508 0.281483
1341845855.837801 0.015057 -1.208684 -0.131749 0.006106 0.121690 0.950924 0.284427
1341845855.869788 0.026180 -1.218083 -0.129997 0.003408 0.126142 0.951274 0.281344
1341845855.901958 0.008829 -1.195679 -0.148528 0.007950 0.122895 0.951343 0.282452
1341845855.937711 0.010730 -1.240837 -0.135969 0.005334 0.129005 0.950765 0.281736
1341845855.969840 -0.002256 -1.192338 -0.140543 0.009811 0.124503 0.952450 0.277925
1341845856.038077 0.002885 -1.315311 -0.119486 0.002159 0.147080 0.951726 0.269408
1341845856.069815 -0.033919 -1.220858 -0.144002 0.012883 0.130366 0.952435 0.275147
1341845856.105773 0.071964 -1.352378 -0.198003 -0.010316 0.140734 0.951523 0.273299
1341845856.137725 0.063978 -1.364885 -0.172280 -0.008758 0.144007 0.952227 0.269165
1341845856.169966 0.047435 -1.360428 -0.186163 -0.005732 0.141622 0.953458 0.266136
1341845856.205833 -0.018441 -1.373247 -0.134068 -0.006410 0.142928 0.949022 0.280869
1341845856.237587 0.008141 -1.326096 -0.185390 -0.002006 0.136098 0.954302 0.266046
1341845856.273683 0.038372 -1.364317 -0.206502 -0.005687 0.140724 0.954776 0.261854
1341845856.305723 0.037112 -1.393976 -0.191379 -0.009679 0.141886 0.953023 0.267434
1341845856.337653 -0.005083 -1.365790 -0.166328 -0.003810 0.138935 0.953407 0.267764
1341845856.373714 -0.008237 -1.359491 -0.165891 -0.001554 0.139878 0.954005 0.265155
1341845856.405678 0.008316 -1.475566 -0.161544 -0.006875 0.158939 0.951443 0.263529
1341845856.441799 -0.019181 -1.471022 -0.165110 -0.003862 0.155360 0.950223 0.270044
1341845856.473680 0.038713 -1.350154 -0.104905 -0.005445 0.165196 0.949772 0.265731
1341845856.505768 -0.011510 -1.377183 -0.136486 -0.001465 0.143048 0.952313 0.269508
1341845856.541718 0.081749 -1.433845 -0.204875 -0.015303 0.145805 0.953658 0.262760
1341845856.573678 0.084706 -1.459997 -0.176601 -0.020225 0.147881 0.951959 0.267388
1341845856.605758 0.010031 -1.415740 -0.159541 -0.013252 0.145126 0.950447 0.274614
1341845856.641782 0.026462 -1.416510 -0.176375 -0.009347 0.146316 0.953034 0.265011
1341845856.673977 -0.882266 -0.934003 -0.381263 -0.027367 0.153490 0.953737 0.257057
1341845856.709876 0.163669 -1.432067 -0.211027 -0.032246 0.139247 0.954770 0.260738
1341845856.741736 0.041113 -1.436709 -0.164155 -0.014634 0.148610 0.952558 0.265205
1341845856.773960 -0.786780 -0.974219 -0.381900 -0.038778 0.138638 0.956375 0.254209
1341845856.809797 0.166919 -1.459938 -0.196121 -0.035561 0.143084 0.953278 0.263671
1341845856.841746 0.105822 -1.463921 -0.192337 -0.024376 0.145717 0.953078 0.264223
1341845856.873762 -0.852390 -0.957811 -0.380928 -0.029453 0.150826 0.954236 0.256549
1341845856.915904 -0.841007 -0.970493 -0.365579 -0.030587 0.153098 0.953508 0.257777
1341845856.977900 -0.070112 -1.532218 -0.081675 -0.001212 0.154741 0.957258 0.244359
1341845857.009735 0.048301 -1.463926 -0.170063 -0.020307 0.145682 0.953344 0.263628
1341845857.041737 -0.098617 -1.412076 -0.097012 0.008308 0.136698 0.962020 0.236140
1341845857.077896 0.192379 -1.506780 -0.195890 -0.036695 0.146355 0.957112 0.247325
1341845857.109633 -1.149363 -0.814055 -0.520961 -0.056069 0.128585 0.957564 0.251779
1341845857.141583 -0.966436 -0.878721 -0.622953 -0.077828 0.135289 0.953699 0.257096
1341845857.178255 -1.086534 -0.848703 -0.490963 -0.049154 0.148972 0.954827 0.252382
1341845857.209846 -1.130639 -0.826830 -0.517302 -0.058574 0.134987 0.956603 0.251513
1341845857.245767 -1.140890 -0.877263 -0.537805 -0.063802 0.135203 0.953134 0.263031
1341845857.277737 0.013003 -1.411596 -0.178629 -0.096545 0.169692 0.952244 0.234764
1341845857.309994 -1.115308 -0.833935 -0.526797 -0.057832 0.143203 0.953911 0.257296
1341845857.345862 -1.121860 -0.830593 -0.529097 -0.055260 0.146101 0.953865 0.256401
1341845857.377787 -1.127392 -0.831083 -0.534127 -0.056361 0.147710 0.953636 0.256094
1341845857.413693 -1.113342 -0.830285 -0.535446 -0.054363 0.144696 0.954066 0.256644
1341845857.445790 -1.120874 -0.833228 -0.536928 -0.055124 0.149079 0.953898 0.254589
1341845857.477853 -0.991717 -0.924062 -0.517319 -0.077925 0.152425 0.955493 0.240264
1341845857.513902 0.916281 -1.821182 -0.054176 -0.088061 0.153129 0.957159 0.229443
1341845857.545992 -1.129445 -0.829177 -0.543514 -0.053571 0.146582 0.954495 0.254132
1341845857.613882 0.555639 -1.639723 -0.155297 -0.085281 0.156394 0.956825 0.229681
1341845857.646056 -1.005601 -0.885050 -0.542592 -0.075283 0.158523 0.956831 0.231684
1341845857.681834 -1.066876 -0.921899 -0.517144 -0.077411 0.164333 0.950889 0.250622
1341845857.713765 -1.122026 -0.885634 -0.595693 -0.080002 0.164863 0.956629 0.226452
1341845857.745825 -1.116704 -0.875995 -0.599393 -0.080632 0.165212 0.956583 0.226170
1341845857.781799 -1.115777 -0.873196 -0.598306 -0.080967 0.168401 0.956278 0.224983
1341845857.813817 -1.117847 -0.879422 -0.600722 -0.081364 0.168134 0.956384 0.224588
1341845857.846046 -1.114186 -0.873410 -0.604245 -0.082177 0.169384 0.956048 0.224784
1341845857.881939 -1.111807 -0.870084 -0.607423 -0.082950 0.169823 0.956137 0.223791
1341845857.913666 -1.142869 -0.894956 -0.606844 -0.081277 0.167970 0.954794 0.231405
1341845857.949845 -1.118801 -0.881217 -0.600171 -0.081764 0.164909 0.956176 0.227702
1341845857.982166 -1.120076 -0.886933 -0.604552 -0.081627 0.164369 0.955874 0.229403
1341845858.013803 -1.122498 -0.888754 -0.599005 -0.078551 0.158558 0.956928 0.230168
1341845858.050247 -1.080600 -0.882639 -0.613407 -0.082743 0.157496 0.957387 0.227504
1341845858.081715 -1.099633 -0.857214 -0.651723 -0.077571 0.152221 0.959323 0.224747
1341845858.113782 -1.126653 -0.901974 -0.605041 -0.074902 0.149185 0.958777 0.229956
1341845858.149725 -1.126090 -0.907913 -0.616325 -0.077703 0.142930 0.959611 0.229520
1341845858.181831 -1.126208 -0.905191 -0.611512 -0.074617 0.144337 0.959723 0.229198
1341845858.217730 -1.123181 -0.907590 -0.625903 -0.076520 0.149302 0.959282 0.227227
1341845858.281842 -1.125791 -0.913873 -0.626732 -0.077143 0.140679 0.960063 0.229210
1341845858.317768 -1.119713 -0.899737 -0.625666 -0.079398 0.141675 0.959729 0.229226
1341845858.349904 -1.120423 -0.899076 -0.622087 -0.073406 0.139513 0.960362 0.229895
1341845858.381855 -0.977715 -0.916850 -0.669791 -0.087815 0.139655 0.959203 0.229598
1341845858.417827 -1.081815 -0.956138 -0.585474 -0.085829 0.146914 0.954006 0.246824
1341845858.449872 -1.114137 -0.929339 -0.615860 -0.077437 0.147063 0.955481 0.243788
1341845858.485842 -1.122244 -0.922182 -0.623314 -0.073398 0.146934 0.957847 0.235697
1341845858.517682 -1.122529 -0.906495 -0.626161 -0.074863 0.146665 0.958122 0.234281
1341845858.549803 -1.099790 -0.945979 -0.607041 -0.077858 0.147765 0.956815 0.237927
1341845858.585823 -1.119149 -0.905361 -0.636286 -0.074462 0.148463 0.957422 0.236132
1341845858.618138 -1.058929 -0.882187 -0.687792 -0.074088 0.138606 0.959746 0.232780
1341845858.654134 -1.114977 -0.912675 -0.662231 -0.083755 0.138453 0.957899 0.237160
1341845858.685756 -1.066398 -0.916220 -0.651415 -0.075032 0.142949 0.960966 0.224679
1341845858.717690 -1.057418 -0.981445 -0.623377 -0.081019 0.153260 0.955216 0.239812
1341845858.753674 -1.063972 -0.959680 -0.649790 -0.083026 0.144008 0.954816 0.246362
1341845858.785618 -1.000912 -0.944960 -0.666587 -0.092111 0.137618 0.957138 0.237619
1341845858.817756 -1.034612 -0.923646 -0.660369 -0.082885 0.141835 0.959133 0.230385
1341845858.853864 -1.014870 -0.928523 -0.665308 -0.086432 0.142947 0.958933 0.229224
1341845858.885702 -0.957568 -0.977713 -0.567531 -0.086775 0.152813 0.956200 0.234092
1341845858.922000 -0.858292 -1.014140 -0.547351 -0.089523 0.151633 0.955854 0.235238
1341845858.954158 -1.859692 -1.150864 -0.592236 -0.164800 -0.122425 -0.771612 0.602053
1341845858.985944 -1.877050 -1.086900 -0.667735 -0.155768 -0.112992 -0.772705 0.604893
1341845859.021830 -1.894460 -1.117974 -0.692822 -0.154100 -0.115322 -0.785907 0.587626
1341845859.053720 -1.899860 -1.132674 -0.668786 -0.156608 -0.115621 -0.786716 0.585819
1341845859.085862 -1.890070 -1.118018 -0.677460 -0.156187 -0.111264 -0.784323 0.589969
1341845859.121873 -1.912668 -1.133520 -0.684813 -0.158453 -0.110788 -0.780326 0.594736
1341845859.153800 -1.924121 -1.134225 -0.688162 -0.158416 -0.109351 -0.779546 0.596033
1341845859.189853 -1.854510 -1.111159 -0.676914 -0.150753 -0.110729 -0.781329 0.595431
1341845859.221654 -1.914914 -1.132112 -0.677517 -0.160958 -0.105624 -0.777873 0.598206
1341845859.253689 -1.883302 -1.115665 -0.692510 -0.153371 -0.107296 -0.776456 0.601732
1341845859.289745 -1.861531 -1.136276 -0.674526 -0.149830 -0.111174 -0.785416 0.590180
1341845859.321911 -1.869682 -1.132401 -0.683185 -0.154817 -0.105221 -0.778603 0.598946
1341845859.353758 -1.880933 -1.143037 -0.680679 -0.154935 -0.104641 -0.780378 0.596703
1341845859.389950 -1.861174 -1.196594 -0.610172 -0.160456 -0.111247 -0.775117 0.600892
1341845859.421715 -1.788933 -1.206540 -0.574451 -0.151462 -0.115789 -0.784132 0.590584
1341845859.457807 -1.759816 -1.056510 -0.628851 -0.147309 -0.120588 -0.783709 0.591235
1341845859.489859 -1.821041 -1.213744 -0.597116 -0.154916 -0.112627 -0.782067 0.593033
1341845859.521735 -1.802398 -1.251678 -0.576071 -0.150545 -0.117375 -0.782806 0.592262
1341845859.557712 -1.879418 -1.590995 -0.386802 -0.137360 -0.118906 -0.784685 0.592674
1341845859.589783 -1.847095 -1.119012 -0.741420 -0.128442 -0.104493 -0.791608 0.588167
1341845859.625646 -1.886000 -1.129603 -0.652451 -0.136820 -0.097786 -0.801590 0.573735
1341845859.657759 -1.873532 -1.146054 -0.650795 -0.132511 -0.100300 -0.801588 0.574315
1341845859.689869 -1.859485 -1.115913 -0.693023 -0.125759 -0.095986 -0.800144 0.578568
1341845859.725812 -1.812368 -1.200245 -0.570834 -0.139375 -0.111978 -0.787285 0.590100
1341845859.757824 -1.807125 -1.188427 -0.541084 -0.128491 -0.124963 -0.782725 0.596000
1341845859.789818 -1.812335 -1.196373 -0.561746 -0.136746 -0.115162 -0.783427 0.595215
1341845859.825831 -1.967913 -1.198889 -0.613855 -0.142441 -0.101769 -0.799357 0.574788
1341845859.857647 -1.821053 -1.196058 -0.565407 -0.136332 -0.114076 -0.783410 0.595541
1341845859.893646 -1.797545 -1.181852 -0.521319 -0.125679 -0.132240 -0.779838 0.598806
1341845859.925740 -1.810790 -1.204749 -0.581811 -0.147487 -0.114008 -0.784794 0.591056
1341845859.957775 -1.912048 -1.195647 -0.619186 -0.130898 -0.110942 -0.797797 0.577994
1341845859.993847 -1.799084 -1.180017 -0.518348 -0.133182 -0.122201 -0.785852 0.591410
1341845860.025774 -1.800894 -1.257026 -0.552577 -0.132899 -0.124780 -0.784277 0.593023
1341845860.057745 -1.801376 -1.181798 -0.523605 -0.133148 -0.123540 -0.787987 0.588290
1341845860.093794 -1.800550 -1.181875 -0.523051 -0.135204 -0.122977 -0.787181 0.589018
1341845860.125763 -1.797863 -1.181189 -0.520238 -0.134865 -0.128391 -0.787671 0.587283
1341845860.161703 -1.849898 -1.228212 -0.553706 -0.140754 -0.126507 -0.785740 0.588895
1341845860.193724 -1.803381 -1.214877 -0.565116 -0.139074 -0.131645 -0.779463 0.596460
1341845860.225730 -1.813536 -1.190298 -0.549178 -0.130003 -0.122817 -0.790019 0.586418
1341845860.261716 -1.709418 -0.717476 -0.781583 -0.158131 -0.130993 -0.784738 0.584826
1341845860.294553 -1.923466 -1.730166 -0.320277 -0.129342 -0.132839 -0.792711 0.580718
1341845860.325872 -1.869144 -1.107880 -0.609173 -0.136550 -0.130106 -0.797375 0.573254
1341845860.361673 -1.930431 -1.034152 -0.703534 -0.127482 -0.124733 -0.811819 0.556003
1341845860.393714 -1.843081 -0.670203 -0.773805 -0.107102 -0.119546 -0.814603 0.557369
1341845860.429768 -1.922809 -1.024888 -0.711213 -0.133168 -0.124388 -0.812664 0.553507
1341845860.461780 -1.929619 -1.064063 -0.701547 -0.132521 -0.131190 -0.814171 0.549866
1341845860.493718 -1.878188 -0.856418 -0.722069 -0.125247 -0.131002 -0.813727 0.552267
1341845860.529831 -1.810920 -0.622703 -0.792792 -0.113312 -0.126760 -0.813314 0.556429
1341845860.567950 -1.809226 -0.645369 -0.788259 -0.121103 -0.124736 -0.813730 0.554634
1341845860.604131 -1.965097 -0.962983 -0.766963 -0.138107 -0.128078 -0.794990 0.576640
1341845860.638227 -1.835960 -0.764708 -0.849808 -0.100377 -0.113822 -0.795268 0.586957
1341845860.668441 -1.779742 -0.839062 -0.828063 -0.102712 -0.124774 -0.792381 0.588230
1341845860.706028 -1.917400 -0.929893 -0.769355 -0.130031 -0.130024 -0.797996 0.573923
1341845860.736338 -1.736875 -0.873731 -0.758644 -0.104978 -0.127395 -0.812492 0.559113
1341845860.772400 -1.814376 -0.863532 -0.803559 -0.114114 -0.129916 -0.791440 0.586279
1341845860.803824 -1.831208 -0.873332 -0.793416 -0.120212 -0.130556 -0.788974 0.588238
