# timestamp tx ty tz qx qy qz qw
1341846313.654184 0.000000 0.000000 0.000000 0.000000 0.000000 0.000000 1.000000
1341846313.686156 -0.012314 -0.015875 -0.020846 -0.002120 0.001624 0.000557 0.999996
1341846313.721918 -0.015213 -0.013788 -0.021031 -0.001731 0.002141 0.000707 0.999996
1341846313.753994 -0.021585 -0.025057 -0.026112 -0.004193 0.004032 0.001782 0.999981
1341846313.789969 -0.024972 0.005762 -0.016220 0.002235 0.004743 0.000916 0.999986
1341846313.822075 -0.018066 0.007676 -0.021745 0.002467 0.005780 -0.000324 0.999980
1341846313.853928 -0.036870 0.004639 -0.029038 0.001555 0.012676 -0.000934 0.999918
1341846313.890011 -0.032435 0.024406 -0.018527 0.004929 0.014021 -0.001096 0.999889
1341846313.922055 -0.028096 -0.005281 -0.028101 -0.002464 0.014468 0.000565 0.999892
1341846313.957927 -0.070764 -0.010618 -0.027103 -0.004992 0.026802 0.000508 0.999628
1341846313.990058 -0.108788 -0.048352 -0.033547 -0.012626 0.039809 0.002455 0.999125
1341846314.022042 -0.099774 -0.037854 -0.046755 -0.012126 0.039729 0.004118 0.999128
1341846314.057816 -0.080592 -0.163650 -0.042972 -0.038723 0.038351 0.015747 0.998390
1341846314.089801 -0.203565 -0.143767 -0.020195 -0.033042 0.067789 0.010794 0.997094
1341846314.122037 -0.170952 -0.120238 -0.039364 -0.029791 0.065458 0.012353 0.997334
1341846314.157989 -0.194278 -0.155270 -0.038356 -0.037759 0.073006 0.014336 0.996513
1341846314.190094 -0.229859 -0.165559 -0.027571 -0.039328 0.083156 0.016314 0.995627
1341846314.225969 -0.153925 -0.194345 -0.052008 -0.046946 0.072420 0.021796 0.996030
1341846314.257923 -0.200191 -0.233780 -0.043819 -0.055251 0.082754 0.021993 0.994794
1341846314.290052 -0.246480 -0.299298 -0.022917 -0.066110 0.092644 0.022763 0.993241
1341846314.325981 -0.205384 -0.280371 -0.046114 -0.063535 0.086980 0.022718 0.993922
1341846314.357905 -0.318406 -0.238690 -0.015650 -0.057493 0.105767 0.017556 0.992572
1341846314.389899 -0.325018 -0.197045 -0.012326 -0.048107 0.113754 0.015406 0.992224
1341846314.427905 -0.302274 -0.166750 -0.032284 -0.043953 0.107549 0.013874 0.993131
1341846314.493987 -0.405881 -0.154793 -0.006232 -0.039211 0.140651 0.000910 0.989282
1341846314.526085 -0.335979 -0.190509 -0.038396 -0.046700 0.123962 0.001413 0.991186
1341846314.558292 -0.368491 -0.164161 -0.027466 -0.043524 0.132581 -0.001573 0.990215
1341846314.594085 -0.431500 -0.127604 -0.020193 -0.035276 0.149030 -0.002741 0.988200
1341846314.626096 -0.394974 -0.177190 -0.036347 -0.042606 0.145814 0.002457 0.988391
1341846314.658455 -0.394519 -0.208931 -0.031814 -0.049887 0.148246 0.004450 0.987681
1341846314.694004 -0.394519 -0.208931 -0.031814 -0.049887 0.148246 0.004450 0.987681
1341846314.725910 -0.637001 0.196765 0.048295 0.016091 0.198087 -0.055574 0.978475
1341846314.761942 -0.637001 0.196765 0.048295 0.016091 0.198087 -0.055574 0.978475
1341846314.794030 -0.501842 -0.092218 0.000665 -0.018915 0.174458 -0.006446 0.984462
1341846314.826092 -0.584565 0.013109 0.014026 0.002294 0.193646 -0.012452 0.980990
1341846314.862145 -0.560484 -0.058636 -0.009263 -0.009933 0.191982 -0.009121 0.981306
1341846314.894072 -0.487210 -0.094605 -0.041350 -0.016312 0.181763 -0.003104 0.983202
1341846314.925969 -0.651046 -0.026637 0.035013 -0.004119 0.213429 -0.012518 0.976870
1341846314.961937 -0.651046 -0.026637 0.035013 -0.004119 0.213429 -0.012518 0.976870
1341846314.994564 -0.673625 -0.050018 0.031449 -0.010865 0.217801 -0.011440 0.975866
1341846315.029900 -0.733332 -0.088053 0.049523 -0.017515 0.232338 -0.015082 0.972360
1341846315.061965 -0.769580 -0.045475 0.106053 -0.010819 0.244579 -0.016884 0.969422
1341846315.094388 -0.787212 -0.022920 0.102361 -0.007830 0.247735 -0.020389 0.968582
1341846315.129851 -0.819333 0.004225 0.112746 -0.001954 0.254440 -0.024699 0.966771
1341846315.161941 -0.851078 0.046046 0.072602 0.001185 0.258527 -0.031906 0.965476
1341846315.197984 -0.923985 -0.115363 0.121698 -0.025828 0.270552 -0.005765 0.962342
1341846315.230076 -0.932542 -0.047433 0.135556 -0.025878 0.272121 -0.033296 0.961339
1341846315.262069 -0.978269 -0.064101 0.151698 -0.031870 0.276998 -0.037104 0.959625
1341846315.298000 -1.032255 -0.056360 0.167497 -0.035212 0.283387 -0.044378 0.957331
1341846315.329931 -1.060736 -0.004720 0.194646 -0.025695 0.289360 -0.046235 0.955758
1341846315.361981 -1.101903 0.147540 0.221238 0.004588 0.298429 -0.059550 0.952561
1341846315.397962 -1.121814 0.186136 0.233173 0.010916 0.303462 -0.064707 0.950581
1341846315.429923 -1.170462 0.330290 0.279630 0.034855 0.317159 -0.075327 0.944733
1341846315.466047 -1.226533 0.369424 0.319512 0.039224 0.332849 -0.087043 0.938135
1341846315.497883 -1.224634 0.406213 0.332737 0.044613 0.337451 -0.086983 0.936253
1341846315.530008 -1.270498 0.380923 0.360603 0.037810 0.347115 -0.088882 0.932835
1341846315.566108 -1.279913 0.445326 0.388176 0.047767 0.352871 -0.093183 0.929794
1341846315.597986 -1.318787 0.440963 0.414951 0.043998 0.361359 -0.095985 0.926429
1341846315.630109 -1.340387 0.464725 0.449064 0.045500 0.368672 -0.102985 0.922716
1341846315.666042 -1.378279 0.485129 0.480453 0.046502 0.378349 -0.107304 0.918246
1341846315.698114 -1.406355 0.468920 0.499932 0.039303 0.386366 -0.106901 0.915286
1341846315.733985 -1.515407 0.258030 0.573318 0.008369 0.406655 -0.082296 0.909829
1341846315.766041 -1.502900 0.368445 0.560382 0.017556 0.402155 -0.104238 0.909449
1341846315.798188 -1.511705 0.372186 0.569231 0.018586 0.402939 -0.102102 0.909324
1341846315.834140 -1.549647 0.313766 0.598440 0.010673 0.410861 -0.096096 0.906557
1341846315.866751 -1.532034 0.416629 0.597477 0.027855 0.410274 -0.108943 0.905003
1341846315.898492 -1.515807 0.412107 0.589792 0.027411 0.408079 -0.110374 0.905836
1341846315.936901 -1.526049 0.426854 0.586412 0.031458 0.409193 -0.112241 0.904972
1341846315.966572 -1.535020 0.527576 0.623155 0.048537 0.414382 -0.126770 0.899923
1341846316.034204 -1.540292 0.615280 0.649703 0.061044 0.418665 -0.138509 0.895438
1341846316.066113 -1.546675 0.639245 0.657211 0.067484 0.418473 -0.139152 0.894966
1341846316.101867 -1.569554 0.630721 0.668975 0.069337 0.421980 -0.133767 0.893998
1341846316.134066 -1.569970 0.586880 0.668414 0.061415 0.416855 -0.130327 0.897482
1341846316.202049 -1.628711 0.552667 0.736604 0.053553 0.427196 -0.129464 0.893238
1341846316.233979 -1.641714 0.575738 0.746905 0.055836 0.428353 -0.133148 0.892002
1341846316.270052 -1.681782 0.572906 0.781105 0.052849 0.436389 -0.134180 0.888126
1341846316.301915 -1.701781 0.578849 0.814818 0.053537 0.441228 -0.134709 0.885610
1341846316.334208 -1.699740 0.599020 0.824947 0.057559 0.439098 -0.136021 0.886216
1341846316.370006 -1.709267 0.607071 0.849573 0.059348 0.441085 -0.137900 0.884819
1341846316.401994 -1.716820 0.616312 0.857128 0.063044 0.439156 -0.135762 0.885853
1341846316.438069 -1.722363 0.634785 0.864110 0.066522 0.438817 -0.136977 0.885580
1341846316.470076 -1.708142 0.673179 0.871709 0.077212 0.435176 -0.139045 0.886186
1341846316.502034 -1.731334 0.671543 0.900927 0.076879 0.437060 -0.138851 0.885318
1341846316.537975 -1.756833 0.623734 0.872942 0.064241 0.432584 -0.135743 0.888998
1341846316.570121 -1.758533 0.651981 0.918330 0.069797 0.436908 -0.137368 0.886211
1341846316.601885 -1.745370 0.680238 0.918541 0.077814 0.433245 -0.136898 0.887413
1341846316.638009 -1.755325 0.683333 0.929586 0.079116 0.433288 -0.138742 0.886991
1341846316.669925 -1.750499 0.667127 0.933429 0.078198 0.431798 -0.137483 0.887994
1341846316.705941 -1.733150 0.712621 0.959284 0.091818 0.435019 -0.137976 0.885037
1341846316.738062 -1.744144 0.696805 0.960682 0.090435 0.432773 -0.136828 0.886458
1341846316.770433 -1.750807 0.661537 0.941354 0.082273 0.428804 -0.136294 0.889259
1341846316.805932 -1.738967 0.686019 0.957148 0.088769 0.428870 -0.136390 0.888588
1341846316.838029 -1.723255 0.667854 0.959202 0.087244 0.426193 -0.132655 0.890590
1341846316.870034 -1.721090 0.669150 0.949002 0.088739 0.421395 -0.130123 0.893096
1341846316.906344 -1.687585 0.702517 0.943019 0.095394 0.413772 -0.133868 0.895417
1341846316.937940 -1.670378 0.641041 0.884008 0.083781 0.404309 -0.131062 0.901298
1341846316.973994 -1.662224 0.643396 0.894462 0.082342 0.401288 -0.132826 0.902522
1341846317.005913 -1.658121 0.648307 0.916530 0.083035 0.400176 -0.130962 0.903224
1341846317.037936 -1.644776 0.646321 0.902500 0.082704 0.394097 -0.132891 0.905642
1341846317.073972 -1.634165 0.645501 0.906281 0.083991 0.390604 -0.132240 0.907131
1341846317.106113 -1.610963 0.660342 0.898780 0.091230 0.382921 -0.127755 0.910345
1341846317.137887 -1.568379 0.670895 0.863873 0.097424 0.366816 -0.124322 0.916787
1341846317.173970 -1.601086 0.677509 0.882418 0.098851 0.367055 -0.122479 0.916787
1341846317.205887 -1.624651 0.688922 0.915298 0.099348 0.370351 -0.121907 0.915483
1341846317.248131 -1.622422 0.729994 0.907178 0.110604 0.366789 -0.118994 0.916009
1341846317.306289 -1.669763 0.731559 0.948357 0.107104 0.368877 -0.121296 0.915285
1341846317.348137 -1.669482 0.781739 0.972789 0.117673 0.371454 -0.122612 0.912766
1341846317.410120 -1.662050 0.759361 0.943716 0.115592 0.363589 -0.118786 0.916696
1341846317.442569 -1.659387 0.836483 0.978272 0.134560 0.365491 -0.117129 0.913559
1341846317.474010 -1.653861 0.842251 0.981521 0.140946 0.362752 -0.116997 0.913705
1341846317.509927 -1.651641 0.841161 0.972135 0.142064 0.357715 -0.116346 0.915599
1341846317.542282 -1.659313 0.818100 0.963465 0.135029 0.354851 -0.118978 0.917438
1341846317.573943 -1.579365 0.823963 0.927660 0.141225 0.341186 -0.109985 0.922795
1341846317.610159 -1.620512 0.870022 0.970096 0.149548 0.350553 -0.119066 0.916827
1341846317.643553 -1.625108 0.866606 0.963177 0.150815 0.347454 -0.115675 0.918232
1341846317.677993 -1.625108 0.866606 0.963177 0.150815 0.347454 -0.115675 0.918232
1341846317.709996 -1.625108 0.866606 0.963177 0.150815 0.347454 -0.115675 0.918232
1341846317.741834 -1.625108 0.866606 0.963177 0.150815 0.347454 -0.115675 0.918232
1341846317.777923 -1.625108 0.866606 0.963177 0.150815 0.347454 -0.115675 0.918232
1341846317.810021 -1.625108 0.866606 0.963177 0.150815 0.347454 -0.115675 0.918232
1341846317.841886 -1.625108 0.866606 0.963177 0.150815 0.347454 -0.115675 0.918232
1341846317.878017 -1.625108 0.866606 0.963177 0.150815 0.347454 -0.115675 0.918232
1341846317.909910 -1.625108 0.866606 0.963177 0.150815 0.347454 -0.115675 0.918232
1341846317.946031 -1.637139 0.964080 1.062465 0.173596 0.358483 -0.115609 0.909939
1341846317.978041 -1.666196 0.984659 1.103234 0.179690 0.363719 -0.115569 0.906677
1341846318.009897 -1.666196 0.984659 1.103234 0.179690 0.363719 -0.115569 0.906677
1341846318.045949 -1.637192 0.919507 1.011755 0.167515 0.351045 -0.110814 0.914563
1341846318.078074 -1.642832 0.890012 1.005957 0.161966 0.349770 -0.107449 0.916451
1341846318.109894 -1.625914 0.899689 1.014215 0.163449 0.345699 -0.108792 0.917573
1341846318.145957 -1.621643 0.927634 1.036166 0.167880 0.346802 -0.111745 0.916001
1341846318.178001 -1.601400 0.944841 1.021446 0.170888 0.343635 -0.112124 0.916592
1341846318.214074 -1.601855 0.936825 1.021667 0.171170 0.340403 -0.110566 0.917933
1341846318.245970 -1.564383 0.981258 1.027894 0.183109 0.329863 -0.112188 0.919280
1341846318.278018 -1.616691 1.076199 1.116640 0.201555 0.339628 -0.117030 0.911226
1341846318.313937 -1.616691 1.076199 1.116640 0.201555 0.339628 -0.117030 0.911226
1341846318.345989 -1.527906 0.970590 0.947983 0.181999 0.293979 -0.119150 0.930729
1341846318.382046 -1.539897 1.010364 0.989247 0.189081 0.290133 -0.124532 0.929819
1341846318.414072 -1.555081 0.958170 0.973364 0.178057 0.283302 -0.126917 0.933771
1341846318.446035 -1.559236 1.021557 1.021737 0.191704 0.281276 -0.130187 0.931227
1341846318.482196 -1.563948 1.045190 1.041726 0.197384 0.281391 -0.130262 0.929995
1341846318.514144 -1.567248 1.041648 1.049227 0.197205 0.280107 -0.129271 0.930559
1341846318.546259 -1.557737 1.079400 1.058009 0.205751 0.277525 -0.131279 0.929200
1341846318.582042 -1.583069 1.083317 1.082998 0.206542 0.282356 -0.131979 0.927468
1341846318.614115 -1.592462 1.073735 1.072331 0.203475 0.280323 -0.131789 0.928789
1341846318.650038 -1.604308 1.083256 1.105406 0.202997 0.283298 -0.137416 0.927174
1341846318.682350 -1.625876 1.026910 1.082073 0.190470 0.282850 -0.136260 0.930134
1341846318.714063 -1.635814 1.046175 1.126965 0.191670 0.286551 -0.140861 0.928067
1341846318.749905 -1.676034 1.047449 1.163863 0.190720 0.293676 -0.143351 0.925652
1341846318.782036 -1.685569 1.072416 1.192814 0.194467 0.294335 -0.147778 0.923965
1341846318.814121 -1.735659 0.976837 1.198747 0.173413 0.294642 -0.148735 0.927896
1341846318.850072 -1.756082 0.971211 1.227847 0.171008 0.292535 -0.152905 0.928332
1341846318.883516 -1.756082 0.971211 1.227847 0.171008 0.292535 -0.152905 0.928332
1341846318.918047 -1.756082 0.971211 1.227847 0.171008 0.292535 -0.152905 0.928332
1341846318.950044 -1.756082 0.971211 1.227847 0.171008 0.292535 -0.152905 0.928332
1341846318.982028 -1.756082 0.971211 1.227847 0.171008 0.292535 -0.152905 0.928332
1341846319.018123 -1.756082 0.971211 1.227847 0.171008 0.292535 -0.152905 0.928332
1341846319.050745 -1.756082 0.971211 1.227847 0.171008 0.292535 -0.152905 0.928332
1341846319.081905 -1.756082 0.971211 1.227847 0.171008 0.292535 -0.152905 0.928332
1341846319.117976 -1.756082 0.971211 1.227847 0.171008 0.292535 -0.152905 0.928332
1341846319.150093 -1.756082 0.971211 1.227847 0.171008 0.292535 -0.152905 0.928332
1341846319.186069 -1.756082 0.971211 1.227847 0.171008 0.292535 -0.152905 0.928332
1341846319.218149 -1.756082 0.971211 1.227847 0.171008 0.292535 -0.152905 0.928332
1341846319.250034 -1.756082 0.971211 1.227847 0.171008 0.292535 -0.152905 0.928332
1341846319.286594 -1.756082 0.971211 1.227847 0.171008 0.292535 -0.152905 0.928332
1341846319.318034 -1.756082 0.971211 1.227847 0.171008 0.292535 -0.152905 0.928332
1341846319.350268 -1.756082 0.971211 1.227847 0.171008 0.292535 -0.152905 0.928332
1341846319.386163 -1.756082 0.971211 1.227847 0.171008 0.292535 -0.152905 0.928332
1341846319.418386 -1.756082 0.971211 1.227847 0.171008 0.292535 -0.152905 0.928332
1341846319.453961 -1.756082 0.971211 1.227847 0.171008 0.292535 -0.152905 0.928332
1341846319.486271 -1.756082 0.971211 1.227847 0.171008 0.292535 -0.152905 0.928332
1341846319.554083 -1.756082 0.971211 1.227847 0.171008 0.292535 -0.152905 0.928332
1341846319.586296 -1.777075 0.939337 1.225480 0.173275 0.291641 -0.135194 0.930937
1341846319.622031 -1.777075 0.939337 1.225480 0.173275 0.291641 -0.135194 0.930937
1341846319.653962 -1.969729 0.935112 1.512939 0.163119 0.342921 -0.148624 0.913076
1341846319.686352 -1.969729 0.935112 1.512939 0.163119 0.342921 -0.148624 0.913076
1341846319.721992 -1.969729 0.935112 1.512939 0.163119 0.342921 -0.148624 0.913076
1341846319.754063 -1.969729 0.935112 1.512939 0.163119 0.342921 -0.148624 0.913076
1341846319.786397 -1.969729 0.935112 1.512939 0.163119 0.342921 -0.148624 0.913076
1341846319.822008 -1.969729 0.935112 1.512939 0.163119 0.342921 -0.148624 0.913076
1341846319.853917 -1.969729 0.935112 1.512939 0.163119 0.342921 -0.148624 0.913076
1341846319.889942 -1.969729 0.935112 1.512939 0.163119 0.342921 -0.148624 0.913076
1341846319.922039 -1.969729 0.935112 1.512939 0.163119 0.342921 -0.148624 0.913076
1341846319.953946 -1.969729 0.935112 1.512939 0.163119 0.342921 -0.148624 0.913076
1341846319.990054 -1.969729 0.935112 1.512939 0.163119 0.342921 -0.148624 0.913076
1341846320.028122 -1.969729 0.935112 1.512939 0.163119 0.342921 -0.148624 0.913076
1341846320.090047 -1.969729 0.935112 1.512939 0.163119 0.342921 -0.148624 0.913076
1341846320.122011 -1.969729 0.935112 1.512939 0.163119 0.342921 -0.148624 0.913076
1341846320.157952 -1.969729 0.935112 1.512939 0.163119 0.342921 -0.148624 0.913076
1341846320.190003 -1.980019 0.925552 1.560053 0.165953 0.355225 -0.149916 0.907635
1341846320.221941 -1.980019 0.925552 1.560053 0.165953 0.355225 -0.149916 0.907635
1341846320.258015 -1.980019 0.925552 1.560053 0.165953 0.355225 -0.149916 0.907635
1341846320.289887 -1.980019 0.925552 1.560053 0.165953 0.355225 -0.149916 0.907635
1341846320.321954 -1.935966 1.336851 1.904736 0.183041 0.398581 -0.270798 0.856912
1341846320.357890 -1.935966 1.336851 1.904736 0.183041 0.398581 -0.270798 0.856912
1341846320.390064 -1.935966 1.336851 1.904736 0.183041 0.398581 -0.270798 0.856912
1341846320.426544 -1.935966 1.336851 1.904736 0.183041 0.398581 -0.270798 0.856912
1341846320.458122 -1.935966 1.336851 1.904736 0.183041 0.398581 -0.270798 0.856912
1341846320.490186 -1.935966 1.336851 1.904736 0.183041 0.398581 -0.270798 0.856912
1341846320.525911 -1.935966 1.336851 1.904736 0.183041 0.398581 -0.270798 0.856912
1341846320.558091 -1.935966 1.336851 1.904736 0.183041 0.398581 -0.270798 0.856912
1341846320.594093 -1.935966 1.336851 1.904736 0.183041 0.398581 -0.270798 0.856912
1341846320.631955 -1.935966 1.336851 1.904736 0.183041 0.398581 -0.270798 0.856912
1341846320.664916 -1.935966 1.336851 1.904736 0.183041 0.398581 -0.270798 0.856912
1341846320.699927 -1.935966 1.336851 1.904736 0.183041 0.398581 -0.270798 0.856912
1341846320.731822 -1.935966 1.336851 1.904736 0.183041 0.398581 -0.270798 0.856912
1341846320.763877 -1.935966 1.336851 1.904736 0.183041 0.398581 -0.270798 0.856912
1341846320.799999 -1.935966 1.336851 1.904736 0.183041 0.398581 -0.270798 0.856912
1341846320.831871 -1.935966 1.336851 1.904736 0.183041 0.398581 -0.270798 0.856912
1341846320.863887 -1.935966 1.336851 1.904736 0.183041 0.398581 -0.270798 0.856912
1341846320.900014 -1.935966 1.336851 1.904736 0.183041 0.398581 -0.270798 0.856912
1341846320.931889 -1.935966 1.336851 1.904736 0.183041 0.398581 -0.270798 0.856912
1341846320.967866 -1.935966 1.336851 1.904736 0.183041 0.398581 -0.270798 0.856912
1341846321.000017 -1.829259 1.464192 1.934742 0.219433 0.394487 -0.262548 0.852818
1341846321.031860 -1.827639 1.428695 1.843999 0.208256 0.387724 -0.264872 0.857988
1341846321.068047 -1.838870 1.435833 1.856917 0.212112 0.396389 -0.263008 0.853645
1341846321.099840 -1.831545 1.411922 1.815278 0.211112 0.393813 -0.254336 0.857704
1341846321.131821 -1.822350 1.416241 1.793298 0.214377 0.394126 -0.253993 0.856852
1341846321.167887 -1.798252 1.443569 1.777881 0.226162 0.395255 -0.252266 0.853807
1341846321.200042 -1.782734 1.446889 1.768874 0.229444 0.395854 -0.250243 0.853249
1341846321.231950 -1.760245 1.455516 1.728508 0.229995 0.390740 -0.253430 0.854516
1341846321.267939 -1.746931 1.453131 1.698483 0.231787 0.390139 -0.251351 0.854921
1341846321.299948 -1.742651 1.457076 1.692348 0.233882 0.395299 -0.250624 0.852189
1341846321.331858 -1.729408 1.449336 1.662416 0.233471 0.394546 -0.250945 0.852556
1341846321.367913 -1.686118 1.467603 1.614192 0.239962 0.388892 -0.254117 0.852412
1341846321.399897 -1.654004 1.466490 1.570668 0.244524 0.386192 -0.252551 0.852808
1341846321.435994 -1.618874 1.479381 1.547717 0.249347 0.383442 -0.256518 0.851468
1341846321.467946 -1.616199 1.480517 1.548020 0.252307 0.386173 -0.255504 0.849664
1341846321.499882 -1.590884 1.468131 1.501283 0.250995 0.381488 -0.258673 0.851209
1341846321.536109 -1.629625 1.458208 1.505199 0.246472 0.394156 -0.257534 0.847095
1341846321.568960 -1.539624 1.521445 1.462860 0.259195 0.386209 -0.258658 0.846615
1341846321.603938 -1.473969 1.566870 1.412861 0.268286 0.376486 -0.257189 0.848607
1341846321.637163 -1.472507 1.545281 1.359922 0.260900 0.378057 -0.257395 0.850148
1341846321.668306 -1.428013 1.619561 1.388417 0.276372 0.384182 -0.251288 0.844320
1341846321.704411 -1.372427 1.650456 1.380824 0.285561 0.375805 -0.242535 0.847586
1341846321.736861 -1.319108 1.686529 1.371801 0.295486 0.366439 -0.237737 0.849642
1341846321.771881 -1.307467 1.665087 1.343898 0.291474 0.363380 -0.228168 0.854948
1341846321.804114 -1.276671 1.654810 1.311755 0.288826 0.359782 -0.224235 0.858402
1341846321.836152 -1.338753 1.559679 1.295856 0.269253 0.369271 -0.216850 0.862623
1341846321.871882 -1.620378 0.994893 1.159748 0.161679 0.391468 -0.187429 0.886275
1341846321.904074 -1.650941 0.887510 1.140465 0.139314 0.395645 -0.176568 0.890438
1341846321.939847 -1.668617 0.878362 1.183325 0.134972 0.405736 -0.176188 0.886633
1341846322.004094 -1.718291 0.727338 1.153765 0.105012 0.405677 -0.160123 0.893733
1341846322.066178 -1.630457 0.709569 1.070513 0.100920 0.395576 -0.162557 0.898282
1341846322.107979 -1.652247 0.638402 1.082434 0.088537 0.400135 -0.157968 0.898387
1341846322.166164 -1.731431 0.791972 1.230701 0.115988 0.423754 -0.172267 0.881648
1341846322.202932 -1.702739 0.764705 1.184150 0.115269 0.412909 -0.168441 0.887607
1341846322.234093 -1.723315 0.760578 1.173584 0.112898 0.413041 -0.169248 0.887697
1341846322.265941 -1.713908 0.778059 1.176641 0.114757 0.410182 -0.170678 0.888510
1341846322.301996 -1.707183 0.779245 1.183331 0.116067 0.409153 -0.170271 0.888893
1341846322.333949 -1.695815 0.789573 1.161941 0.119866 0.402512 -0.168664 0.891722
1341846322.369871 -1.661416 0.794392 1.142127 0.121144 0.392735 -0.176925 0.894305
1341846322.402292 -1.628734 0.804513 1.111165 0.128291 0.388668 -0.178086 0.894854
1341846322.433955 -1.659916 1.018687 1.248011 0.162098 0.407435 -0.208122 0.874303
1341846322.470030 -1.650664 0.925039 1.225902 0.162425 0.395780 -0.196967 0.882145
1341846322.502433 -1.681067 0.872734 1.203945 0.159982 0.393158 -0.193335 0.884564
1341846322.534002 -1.681067 0.872734 1.203945 0.159982 0.393158 -0.193335 0.884564
1341846322.570196 -1.690077 0.933939 1.274785 0.193370 0.397254 -0.199480 0.874646
1341846322.601920 -1.690077 0.933939 1.274785 0.193370 0.397254 -0.199480 0.874646
1341846322.638119 -1.690077 0.933939 1.274785 0.193370 0.397254 -0.199480 0.874646
1341846322.669947 -1.708563 0.933850 1.262185 0.198002 0.401436 -0.201855 0.871148
1341846322.702026 -1.718142 0.936700 1.262683 0.202738 0.401186 -0.204734 0.869501
1341846322.738006 -1.733764 0.824949 1.240179 0.185667 0.397890 -0.200733 0.875738
1341846322.770087 -1.733764 0.824949 1.240179 0.185667 0.397890 -0.200733 0.875738
1341846322.806047 -1.733764 0.824949 1.240179 0.185667 0.397890 -0.200733 0.875738
1341846322.838063 -1.733764 0.824949 1.240179 0.185667 0.397890 -0.200733 0.875738
1341846322.870081 -1.733764 0.824949 1.240179 0.185667 0.397890 -0.200733 0.875738
1341846322.906018 -1.733764 0.824949 1.240179 0.185667 0.397890 -0.200733 0.875738
1341846322.938349 -1.733764 0.824949 1.240179 0.185667 0.397890 -0.200733 0.875738
1341846322.970069 -1.733764 0.824949 1.240179 0.185667 0.397890 -0.200733 0.875738
1341846323.011820 -1.733764 0.824949 1.240179 0.185667 0.397890 -0.200733 0.875738
1341846323.073951 -1.733764 0.824949 1.240179 0.185667 0.397890 -0.200733 0.875738
1341846323.105962 -1.733764 0.824949 1.240179 0.185667 0.397890 -0.200733 0.875738
1341846323.138158 -1.733764 0.824949 1.240179 0.185667 0.397890 -0.200733 0.875738
1341846323.174092 -1.733764 0.824949 1.240179 0.185667 0.397890 -0.200733 0.875738
1341846323.206059 -1.733764 0.824949 1.240179 0.185667 0.397890 -0.200733 0.875738
1341846323.238053 -1.733764 0.824949 1.240179 0.185667 0.397890 -0.200733 0.875738
1341846323.273997 -1.733764 0.824949 1.240179 0.185667 0.397890 -0.200733 0.875738
1341846323.305946 -1.733764 0.824949 1.240179 0.185667 0.397890 -0.200733 0.875738
1341846323.342027 -1.733764 0.824949 1.240179 0.185667 0.397890 -0.200733 0.875738
1341846323.374048 -1.706700 0.764573 1.199931 0.180121 0.390645 -0.195531 0.881317
1341846323.405987 -1.706700 0.764573 1.199931 0.180121 0.390645 -0.195531 0.881317
1341846323.441956 -1.706700 0.764573 1.199931 0.180121 0.390645 -0.195531 0.881317
1341846323.473878 -1.706700 0.764573 1.199931 0.180121 0.390645 -0.195531 0.881317
1341846323.506129 -1.706700 0.764573 1.199931 0.180121 0.390645 -0.195531 0.881317
1341846323.541972 -1.706700 0.764573 1.199931 0.180121 0.390645 -0.195531 0.881317
1341846323.573913 -1.706700 0.764573 1.199931 0.180121 0.390645 -0.195531 0.881317
1341846323.609927 -1.706700 0.764573 1.199931 0.180121 0.390645 -0.195531 0.881317
1341846323.642014 -1.706700 0.764573 1.199931 0.180121 0.390645 -0.195531 0.881317
1341846323.674081 -1.706700 0.764573 1.199931 0.180121 0.390645 -0.195531 0.881317
1341846323.710069 -1.706700 0.764573 1.199931 0.180121 0.390645 -0.195531 0.881317
1341846323.742111 -1.706700 0.764573 1.199931 0.180121 0.390645 -0.195531 0.881317
1341846323.774928 -1.706700 0.764573 1.199931 0.180121 0.390645 -0.195531 0.881317
1341846323.810012 -1.706700 0.764573 1.199931 0.180121 0.390645 -0.195531 0.881317
1341846323.842207 -1.706700 0.764573 1.199931 0.180121 0.390645 -0.195531 0.881317
1341846323.878019 -1.706700 0.764573 1.199931 0.180121 0.390645 -0.195531 0.881317
1341846323.909826 -1.706700 0.764573 1.199931 0.180121 0.390645 -0.195531 0.881317
1341846323.942459 -1.706700 0.764573 1.199931 0.180121 0.390645 -0.195531 0.881317
1341846323.978055 -1.706700 0.764573 1.199931 0.180121 0.390645 -0.195531 0.881317
1341846324.015934 -1.706700 0.764573 1.199931 0.180121 0.390645 -0.195531 0.881317
1341846324.047722 -1.706700 0.764573 1.199931 0.180121 0.390645 -0.195531 0.881317
1341846324.083904 -1.706700 0.764573 1.199931 0.180121 0.390645 -0.195531 0.881317
1341846324.115968 -1.706700 0.764573 1.199931 0.180121 0.390645 -0.195531 0.881317
1341846324.151967 -1.706700 0.764573 1.199931 0.180121 0.390645 -0.195531 0.881317
1341846324.183941 -1.706700 0.764573 1.199931 0.180121 0.390645 -0.195531 0.881317
1341846324.219984 -1.706700 0.764573 1.199931 0.180121 0.390645 -0.195531 0.881317
1341846324.251968 -1.706700 0.764573 1.199931 0.180121 0.390645 -0.195531 0.881317
1341846324.284052 -1.706700 0.764573 1.199931 0.180121 0.390645 -0.195531 0.881317
1341846324.319880 -1.706700 0.764573 1.199931 0.180121 0.390645 -0.195531 0.881317
1341846324.351917 -1.706700 0.764573 1.199931 0.180121 0.390645 -0.195531 0.881317
1341846324.388001 -1.706700 0.764573 1.199931 0.180121 0.390645 -0.195531 0.881317
1341846324.419908 -1.706700 0.764573 1.199931 0.180121 0.390645 -0.195531 0.881317
1341846324.452027 -1.706700 0.764573 1.199931 0.180121 0.390645 -0.195531 0.881317
1341846324.487928 -1.706700 0.764573 1.199931 0.180121 0.390645 -0.195531 0.881317
1341846324.519985 -1.706700 0.764573 1.199931 0.180121 0.390645 -0.195531 0.881317
1341846324.556001 -1.706700 0.764573 1.199931 0.180121 0.390645 -0.195531 0.881317
1341846324.587888 -1.706700 0.764573 1.199931 0.180121 0.390645 -0.195531 0.881317
1341846324.620086 -1.706700 0.764573 1.199931 0.180121 0.390645 -0.195531 0.881317
1341846324.655955 -1.706700 0.764573 1.199931 0.180121 0.390645 -0.195531 0.881317
1341846324.688082 -1.743776 0.668453 1.204248 0.151831 0.391758 -0.189766 0.887391
1341846324.755922 -1.694854 0.575758 1.127961 0.134600 0.374062 -0.181384 0.899478
1341846324.814016 -1.791420 0.527298 1.273147 0.108589 0.397741 -0.185130 0.892041
1341846324.849979 -1.803958 0.239012 1.224078 0.058291 0.393913 -0.163801 0.902554
1341846324.881924 -1.708533 0.784857 1.238502 0.145171 0.389269 -0.188952 0.889771
1341846324.913902 -1.708533 0.784857 1.238502 0.145171 0.389269 -0.188952 0.889771
1341846324.949999 -1.708533 0.784857 1.238502 0.145171 0.389269 -0.188952 0.889771
1341846324.981922 -1.657583 1.107207 1.414635 0.201753 0.397990 -0.204565 0.871237
1341846325.018013 -1.707733 1.056508 1.444000 0.192065 0.401038 -0.204051 0.872148
1341846325.050079 -1.689088 1.042032 1.396314 0.188161 0.388963 -0.203057 0.878676
1341846325.081901 -1.718951 0.811220 1.307278 0.149048 0.378431 -0.180330 0.895576
1341846325.118531 -1.899217 0.124311 1.339852 0.034543 0.398762 -0.122276 0.908209
1341846325.149933 -1.790456 0.456887 1.248306 0.083190 0.382081 -0.146072 0.908711
1341846325.181925 -1.902933 0.735700 1.482534 0.117402 0.422466 -0.168007 0.882900
1341846325.218055 -1.843591 0.674214 1.393162 0.109256 0.406801 -0.155177 0.893586
1341846325.249811 -1.782940 0.495870 1.283231 0.084918 0.387300 -0.128524 0.908993
1341846325.285925 -1.851755 0.100903 1.317069 0.014987 0.395584 -0.103269 0.912482
1341846325.317988 -1.664419 0.468768 1.198947 0.081629 0.367834 -0.118798 0.918652
1341846325.349844 -1.664419 0.468768 1.198947 0.081629 0.367834 -0.118798 0.918652
1341846325.387302 -1.664419 0.468768 1.198947 0.081629 0.367834 -0.118798 0.918652
1341846325.417931 -1.636890 0.467136 1.164795 0.085799 0.366552 -0.116304 0.919104
1341846325.450747 -1.615530 0.554070 1.151402 0.107859 0.370282 -0.118852 0.914949
1341846325.485954 -1.633352 0.611709 1.199314 0.124218 0.381268 -0.124231 0.907618
1341846325.517875 -1.672492 0.575332 1.208266 0.121183 0.389373 -0.113501 0.905992
1341846325.553859 -1.676594 0.594595 1.200225 0.126161 0.391885 -0.115521 0.903971
1341846325.585855 -1.692671 0.611411 1.204940 0.129261 0.397303 -0.115237 0.901201
1341846325.617990 -1.692671 0.611411 1.204940 0.129261 0.397303 -0.115237 0.901201
1341846325.653982 -1.692671 0.611411 1.204940 0.129261 0.397303 -0.115237 0.901201
1341846325.685819 -1.692671 0.611411 1.204940 0.129261 0.397303 -0.115237 0.901201
1341846325.717857 -1.692671 0.611411 1.204940 0.129261 0.397303 -0.115237 0.901201
1341846325.754083 -1.692671 0.611411 1.204940 0.129261 0.397303 -0.115237 0.901201
1341846325.786087 -1.692671 0.611411 1.204940 0.129261 0.397303 -0.115237 0.901201
1341846325.821856 -1.692671 0.611411 1.204940 0.129261 0.397303 -0.115237 0.901201
1341846325.853827 -1.711263 0.583763 1.217886 0.124348 0.400479 -0.111398 0.900969
1341846325.885958 -1.708121 0.503392 1.199861 0.114327 0.395047 -0.091998 0.906865
1341846325.921984 -1.730840 0.535874 1.227950 0.116049 0.398128 -0.097351 0.904737
1341846325.953899 -1.697855 0.587684 1.224668 0.128671 0.394864 -0.100230 0.904146
1341846325.985823 -1.709532 0.602961 1.237667 0.133873 0.399617 -0.097224 0.901627
1341846326.021991 -1.709650 0.608139 1.243980 0.137454 0.398906 -0.095055 0.901634
1341846326.054055 -1.696546 0.615451 1.246563 0.142544 0.397208 -0.094006 0.901704
1341846326.089984 -1.697215 0.581081 1.207863 0.137254 0.395923 -0.088885 0.903607
1341846326.121822 -1.697881 0.540689 1.173685 0.129389 0.396553 -0.083868 0.904970
1341846326.154079 -1.712988 0.583145 1.241010 0.136206 0.407857 -0.089385 0.898393
1341846326.190178 -1.715300 0.598863 1.246060 0.140121 0.407678 -0.088200 0.897990
1341846326.222162 -1.710024 0.460411 1.173233 0.118840 0.398651 -0.062444 0.907224
1341846326.259181 -1.714727 0.406142 1.169763 0.106116 0.397094 -0.053746 0.910037
1341846326.322766 -1.624224 0.208425 1.029544 0.068382 0.375083 -0.023251 0.924173
1341846326.359773 -1.629830 0.235834 1.038835 0.063636 0.379268 -0.035185 0.922425
1341846326.392109 -1.629830 0.235834 1.038835 0.063636 0.379268 -0.035185 0.922425
1341846326.423985 -1.629830 0.235834 1.038835 0.063636 0.379268 -0.035185 0.922425
1341846326.459869 -1.629830 0.235834 1.038835 0.063636 0.379268 -0.035185 0.922425
1341846326.526163 -1.616538 0.171090 1.012371 0.053365 0.378250 -0.018076 0.923987
1341846326.560211 -1.701735 0.105626 1.100636 0.037317 0.400935 -0.011379 0.915276
1341846326.591828 -1.746315 0.274622 1.228613 0.055501 0.421976 -0.037794 0.904117
1341846326.627027 -1.737037 0.270123 1.210759 0.052559 0.420885 -0.037824 0.904800
1341846326.658442 -1.583071 0.010406 1.008944 0.011488 0.387620 -0.000043 0.921748
1341846326.694856 -1.424713 -0.443314 0.953126 -0.067043 0.365618 0.033663 0.927737
1341846326.726206 -1.493195 -0.205137 0.920261 -0.035317 0.373384 0.024608 0.926678
1341846326.762753 -1.467156 -0.152709 0.912641 -0.035442 0.372481 0.018719 0.927174
1341846326.826821 -1.467156 -0.152709 0.912641 -0.035442 0.372481 0.018719 0.927174
1341846326.858887 -1.464881 -0.201315 0.922668 -0.055545 0.371997 0.015542 0.926440
1341846326.895360 -1.373215 -0.477862 0.887318 -0.098678 0.357697 0.051941 0.927156
1341846326.926897 -1.373215 -0.477862 0.887318 -0.098678 0.357697 0.051941 0.927156
1341846326.958888 -1.373215 -0.477862 0.887318 -0.098678 0.357697 0.051941 0.927156
1341846326.994594 -1.373215 -0.477862 0.887318 -0.098678 0.357697 0.051941 0.927156
1341846327.026301 -1.373215 -0.477862 0.887318 -0.098678 0.357697 0.051941 0.927156
1341846327.063945 -1.373215 -0.477862 0.887318 -0.098678 0.357697 0.051941 0.927156
1341846327.094662 -1.518716 -0.647296 1.062829 -0.144928 0.396345 0.047122 0.905365
1341846327.128901 -1.518716 -0.647296 1.062829 -0.144928 0.396345 0.047122 0.905365
1341846327.161940 -1.537158 -0.687264 1.115044 -0.155664 0.401996 0.050297 0.900910
1341846327.193867 -1.571332 -0.693587 1.159180 -0.160753 0.410504 0.045722 0.896412
1341846327.229885 -1.585882 -0.709495 1.191758 -0.166776 0.417440 0.043769 0.892196
1341846327.262014 -1.571252 -0.587242 1.151140 -0.142679 0.418474 0.054168 0.895315
1341846327.294023 -1.629400 -0.730798 1.258063 -0.177926 0.438223 0.030920 0.880538
1341846327.330015 -1.659797 -0.715968 1.292528 -0.177189 0.452684 0.021684 0.873619
1341846327.361939 -1.651815 -0.781390 1.338239 -0.199766 0.456365 0.017015 0.866911
1341846327.393887 -1.672460 -0.834937 1.399351 -0.216428 0.462452 0.013776 0.859714
1341846327.429966 -1.672460 -0.834937 1.399351 -0.216428 0.462452 0.013776 0.859714
1341846327.461965 -1.672460 -0.834937 1.399351 -0.216428 0.462452 0.013776 0.859714
1341846327.497931 -1.672460 -0.834937 1.399351 -0.216428 0.462452 0.013776 0.859714
1341846327.530068 -1.672460 -0.834937 1.399351 -0.216428 0.462452 0.013776 0.859714
1341846327.561895 -1.672460 -0.834937 1.399351 -0.216428 0.462452 0.013776 0.859714
1341846327.598010 -1.672460 -0.834937 1.399351 -0.216428 0.462452 0.013776 0.859714
1341846327.629945 -1.652155 -0.768333 1.325418 -0.167541 0.456787 0.065678 0.871184
1341846327.662003 -1.652155 -0.768333 1.325418 -0.167541 0.456787 0.065678 0.871184
1341846327.697919 -1.652821 -0.782075 1.309574 -0.166738 0.452400 0.072652 0.873072
1341846327.730075 -1.652821 -0.782075 1.309574 -0.166738 0.452400 0.072652 0.873072
1341846327.766017 -1.694165 -0.688334 1.271796 -0.168151 0.447249 0.049132 0.877086
1341846327.797917 -1.723474 -0.631005 1.293324 -0.160463 0.451563 0.053263 0.876074
1341846327.830054 -1.706551 -0.668637 1.323880 -0.172810 0.449317 0.066375 0.873982
1341846327.865944 -1.696397 -0.779925 1.348911 -0.201209 0.447702 0.070137 0.868423
1341846327.898010 -1.732636 -0.737612 1.402574 -0.193980 0.457311 0.075691 0.864586
1341846327.929991 -1.716118 -0.727159 1.412527 -0.199065 0.452737 0.073106 0.866059
1341846327.966065 -1.645134 -0.816633 1.412541 -0.219055 0.439356 0.102578 0.865135
1341846327.998073 -1.657077 -0.802459 1.427703 -0.225016 0.441304 0.103090 0.862549
1341846328.034045 -1.657077 -0.802459 1.427703 -0.225016 0.441304 0.103090 0.862549
1341846328.065993 -1.657077 -0.802459 1.427703 -0.225016 0.441304 0.103090 0.862549
1341846328.098045 -1.657077 -0.802459 1.427703 -0.225016 0.441304 0.103090 0.862549
1341846328.133967 -1.657077 -0.802459 1.427703 -0.225016 0.441304 0.103090 0.862549
1341846328.166023 -1.657077 -0.802459 1.427703 -0.225016 0.441304 0.103090 0.862549
1341846328.198018 -1.657077 -0.802459 1.427703 -0.225016 0.441304 0.103090 0.862549
1341846328.234044 -1.657077 -0.802459 1.427703 -0.225016 0.441304 0.103090 0.862549
1341846328.265899 -1.657077 -0.802459 1.427703 -0.225016 0.441304 0.103090 0.862549
1341846328.302051 -1.657077 -0.802459 1.427703 -0.225016 0.441304 0.103090 0.862549
1341846328.333917 -1.611021 -0.790273 1.385484 -0.223575 0.432855 0.093387 0.868291
1341846328.366008 -1.611021 -0.790273 1.385484 -0.223575 0.432855 0.093387 0.868291
1341846328.402010 -1.620394 -0.792521 1.380040 -0.209246 0.433836 0.093711 0.871333
1341846328.433920 -1.620394 -0.792521 1.380040 -0.209246 0.433836 0.093711 0.871333
1341846328.470003 -1.620394 -0.792521 1.380040 -0.209246 0.433836 0.093711 0.871333
1341846328.502194 -1.712143 -0.561784 1.421562 -0.168024 0.450240 0.067309 0.874369
1341846328.534033 -1.712143 -0.561784 1.421562 -0.168024 0.450240 0.067309 0.874369
1341846328.570125 -1.758617 -0.487374 1.438642 -0.145229 0.458051 0.071247 0.874083
1341846328.602804 -1.804355 -0.492907 1.492464 -0.137854 0.464073 0.064476 0.872625
1341846328.672663 -1.880038 -0.393329 1.575813 -0.110368 0.471390 0.046427 0.873759
1341846328.702975 -1.880038 -0.393329 1.575813 -0.110368 0.471390 0.046427 0.873759
1341846328.770129 -1.880038 -0.393329 1.575813 -0.110368 0.471390 0.046427 0.873759
1341846328.802331 -1.884898 -0.445214 1.593908 -0.114533 0.471097 0.053258 0.872991
1341846328.838051 -1.894746 -0.407203 1.598650 -0.103812 0.472131 0.045782 0.874196
1341846328.869939 -1.916123 -0.458570 1.619569 -0.109634 0.476542 0.052255 0.870722
1341846328.904486 -1.916123 -0.458570 1.619569 -0.109634 0.476542 0.052255 0.870722
1341846328.939814 -1.966763 -0.376132 1.693952 -0.098108 0.485676 0.028527 0.868148
1341846328.970217 -1.949282 -0.494304 1.686371 -0.104142 0.483293 0.052507 0.867655
1341846329.006232 -1.982745 -0.493576 1.704209 -0.099582 0.487312 0.050094 0.866083
1341846329.038243 -2.059688 -0.217388 1.689594 -0.042409 0.494349 0.022596 0.867934
1341846329.106125 -2.040681 -0.481262 1.798048 -0.095673 0.501607 0.028861 0.859304
1341846329.138340 -2.082627 -0.254531 1.733661 -0.044028 0.501319 0.016213 0.863989
1341846329.169991 -2.088921 -0.262918 1.750312 -0.043590 0.502875 0.015142 0.863127
1341846329.208656 -2.098068 -0.270285 1.772130 -0.044085 0.505339 0.014215 0.861677
1341846329.238169 -2.130266 -0.257907 1.795452 -0.040709 0.510118 0.013962 0.859027
1341846329.273827 -2.134946 -0.231840 1.805421 -0.038965 0.511253 0.007781 0.858511
1341846329.306052 -2.148663 -0.185942 1.819776 -0.033051 0.511836 -0.001430 0.858446
1341846329.338104 -2.141198 -0.294260 1.825402 -0.047381 0.511818 0.017295 0.857612
1341846329.373907 -2.179482 -0.194306 1.878004 -0.028713 0.519800 0.011221 0.853732
1341846329.405985 -2.150310 -0.272875 1.914737 -0.049390 0.519456 0.004568 0.853056
1341846329.442057 -2.163835 -0.339306 1.886799 -0.052190 0.518238 0.019718 0.853415
1341846329.473950 -2.162892 -0.225133 1.887101 -0.034546 0.517335 0.005339 0.855069
1341846329.506147 -2.165654 -0.200138 1.873866 -0.032029 0.515267 -0.002673 0.856427
1341846329.542121 -2.220180 -0.078256 1.934530 -0.020632 0.522520 -0.026916 0.851953
1341846329.574086 -2.190004 -0.202177 1.949893 -0.029380 0.521755 -0.005762 0.852570
1341846329.606387 -2.210391 -0.139398 1.968575 -0.020931 0.524721 -0.019965 0.850783
1341846329.641955 -2.215720 -0.193173 1.983923 -0.029862 0.525294 -0.016782 0.850231
1341846329.681570 -2.254643 -0.146972 2.030900 -0.022540 0.531827 -0.022652 0.846250
1341846329.748113 -2.264860 -0.176187 2.042440 -0.025494 0.533998 -0.023497 0.844774
1341846329.810175 -2.255853 -0.103795 2.080108 -0.016380 0.539848 -0.036473 0.840813
1341846329.842255 -2.257893 -0.138643 2.111236 -0.018680 0.543385 -0.032416 0.838649
1341846329.874044 -2.258818 -0.127977 2.130546 -0.015717 0.545153 -0.035408 0.837441
1341846329.910073 -2.288776 -0.213055 2.132147 -0.024436 0.547527 -0.021912 0.836144
1341846329.942009 -2.265550 -0.363175 2.147633 -0.045601 0.548079 0.004281 0.835172
1341846329.978087 -2.256634 -0.222133 2.138234 -0.027897 0.545902 -0.017384 0.837204
1341846330.016305 -2.276461 -0.223423 2.174246 -0.029903 0.552307 -0.021600 0.832824
1341846330.048192 -2.280038 -0.313580 2.178509 -0.042641 0.554606 -0.004402 0.831008
1341846330.080418 -2.282063 -0.327752 2.205774 -0.046468 0.557571 -0.003658 0.828820
1341846330.115886 -2.273393 -0.250464 2.234361 -0.034511 0.561664 -0.017316 0.826464
1341846330.147839 -2.281741 -0.358647 2.231263 -0.044395 0.562337 0.001771 0.825714
1341846330.181257 -2.312868 -0.298099 2.267291 -0.029172 0.571611 0.009765 0.819948
1341846330.215852 -2.278348 -0.425322 2.268417 -0.042922 0.572313 0.036543 0.818095
1341846330.247833 -2.281502 -0.352520 2.274504 -0.035197 0.573057 0.026262 0.818338
1341846330.283913 -2.275939 -0.561010 2.356224 -0.064954 0.581678 0.059448 0.808639
1341846330.316011 -2.254289 -0.470813 2.306430 -0.056612 0.574738 0.049304 0.814886
1341846330.347868 -2.261412 -0.490645 2.338833 -0.061541 0.577735 0.050576 0.812328
1341846330.383835 -2.219186 -0.501322 2.129134 -0.078282 0.542140 0.035025 0.835900
1341846330.415934 -2.258138 -0.497923 2.240933 -0.080332 0.560551 0.029465 0.823688
1341846330.452561 -2.238733 -0.535159 2.226915 -0.081805 0.555144 0.035798 0.826947
1341846330.483903 -2.218507 -0.530410 2.190548 -0.080434 0.549393 0.037245 0.830849
1341846330.515970 -2.232270 -0.482284 2.203364 -0.072584 0.551200 0.032786 0.830563
1341846330.552099 -2.172615 -0.502390 2.026738 -0.035003 0.534613 0.084432 0.840140
1341846330.583876 -2.172615 -0.502390 2.026738 -0.035003 0.534613 0.084432 0.840140
1341846330.619992 -2.203782 -0.688775 2.220259 -0.068716 0.559015 0.102714 0.819897
1341846330.652136 -2.181367 -0.742825 2.213505 -0.081097 0.555626 0.111488 0.819923
1341846330.683796 -2.168405 -0.782970 2.236728 -0.089316 0.557372 0.118701 0.816865
1341846330.719991 -2.175975 -0.767350 2.251787 -0.087955 0.556860 0.116604 0.817664
1341846330.752103 -2.182830 -0.719652 2.188685 -0.092030 0.540570 0.095721 0.830754
1341846330.787952 -2.181433 -0.769518 2.252271 -0.095681 0.545080 0.105215 0.826234
1341846330.819823 -2.174354 -0.818535 2.276259 -0.107689 0.543152 0.107435 0.825740
1341846330.852208 -2.174400 -0.861289 2.319356 -0.116547 0.546557 0.110685 0.821852
1341846330.914111 -2.090896 -1.108359 2.253859 -0.150215 0.528910 0.154775 0.820813
1341846330.949903 -2.062963 -1.111879 2.303061 -0.156955 0.530041 0.154361 0.818898
1341846330.981986 -2.198778 -0.851903 2.394427 -0.124347 0.547055 0.114280 0.819883
1341846331.014111 -2.313633 -0.568258 2.421135 -0.083614 0.556262 0.081628 0.822750
1341846331.082139 -2.327262 -0.566487 2.500746 -0.086423 0.563626 0.075156 0.818052
1341846331.114334 -2.324437 -0.603703 2.476634 -0.091109 0.558484 0.080097 0.820597
1341846331.149989 -2.324826 -0.580813 2.520748 -0.090436 0.562688 0.074969 0.818280
1341846331.181954 -2.333855 -0.554451 2.520862 -0.084471 0.562595 0.068593 0.819541
1341846331.218151 -2.205964 -0.969019 2.460807 -0.142130 0.541847 0.120536 0.819556
1341846331.249914 -2.219600 -0.919900 2.469301 -0.138822 0.542199 0.111804 0.821126
1341846331.318141 -2.263942 -0.780979 2.507430 -0.119603 0.557516 0.081112 0.817492
1341846331.349926 -2.251865 -0.868409 2.493901 -0.133208 0.555044 0.089786 0.816162
1341846331.382003 -2.260484 -0.815423 2.595081 -0.131270 0.577330 0.074696 0.802421
1341846331.418008 -2.304828 -0.677239 2.527523 -0.105690 0.577176 0.051488 0.808113
1341846331.450327 -2.309399 -0.662208 2.558985 -0.104591 0.584811 0.048262 0.802949
1341846331.486219 -2.303463 -0.787414 2.571882 -0.121604 0.585004 0.063084 0.799377
1341846331.518344 -2.288380 -0.767482 2.557857 -0.122505 0.583206 0.059365 0.800837
1341846331.550202 -2.250797 -0.809231 2.673277 -0.132374 0.601752 0.060816 0.785285
1341846331.586139 -2.282846 -0.703155 2.614512 -0.115306 0.595983 0.046268 0.793327
1341846331.617931 -2.272406 -0.778484 2.691506 -0.130259 0.605513 0.054507 0.783208
1341846331.654027 -2.230420 -0.812886 2.737325 -0.139023 0.611207 0.057574 0.777035
1341846331.686123 -2.233778 -0.800451 2.754974 -0.137520 0.615484 0.055326 0.774085
1341846331.717954 -2.233026 -0.861492 2.772057 -0.149702 0.614727 0.063515 0.771794
1341846331.754076 -2.218339 -0.842846 2.794510 -0.150862 0.617876 0.059976 0.769333
1341846331.785920 -2.213142 -0.810310 2.846542 -0.148530 0.625816 0.053380 0.763835
1341846331.818053 -2.231615 -0.832671 2.889410 -0.154192 0.632159 0.052978 0.757491
1341846331.853849 -2.223020 -0.759216 2.852940 -0.146549 0.629312 0.042411 0.762031
1341846331.885987 -2.193198 -0.756481 2.832971 -0.146462 0.626828 0.039812 0.764232
1341846331.922014 -2.215297 -0.739198 2.889130 -0.145447 0.636585 0.035568 0.756531
1341846331.954037 -2.200689 -0.725302 2.858366 -0.146759 0.634300 0.030139 0.758431
1341846331.986135 -2.195021 -0.689873 2.870551 -0.137869 0.642386 0.024793 0.753471
1341846332.022364 -2.200801 -0.570114 2.865511 -0.119950 0.646599 0.001932 0.753338
1341846332.054175 -2.204174 -0.536444 2.897609 -0.114633 0.649854 -0.006795 0.751334
1341846332.086502 -2.187277 -0.563933 2.893801 -0.115661 0.648968 -0.002433 0.751968
1341846332.122051 -2.177968 -0.562033 2.906828 -0.116593 0.650306 -0.004771 0.750657
1341846332.153983 -2.177968 -0.562033 2.906828 -0.116593 0.650306 -0.004771 0.750657
1341846332.190165 -2.177968 -0.562033 2.906828 -0.116593 0.650306 -0.004771 0.750657
1341846332.254145 -2.177968 -0.562033 2.906828 -0.116593 0.650306 -0.004771 0.750657
1341846332.289948 -2.165748 -0.565453 2.914073 -0.114912 0.650799 -0.001581 0.750502
1341846332.322172 -2.143147 -0.568894 2.910095 -0.115697 0.648788 -0.000807 0.752122
1341846332.354003 -2.140833 -0.533922 2.939631 -0.109138 0.653961 -0.006341 0.748588
1341846332.390180 -2.143220 -0.583958 2.944501 -0.121130 0.656366 -0.006240 0.744629
1341846332.422055 -2.145722 -0.576553 2.955540 -0.120687 0.658603 -0.004588 0.742735
1341846332.458114 -2.135347 -0.524318 2.932674 -0.115847 0.657138 -0.015593 0.744652
1341846332.489993 -2.129532 -0.509190 2.960685 -0.119170 0.661290 -0.022311 0.740267
1341846332.522130 -2.142648 -0.522220 2.928318 -0.114295 0.652886 -0.012678 0.748676
1341846332.558114 -2.101000 -0.549071 2.968575 -0.119646 0.656289 -0.005422 0.744943
1341846332.589874 -2.091368 -0.629648 2.947636 -0.131273 0.649808 0.008967 0.748623
1341846332.621889 -2.075362 -0.651667 2.956080 -0.139471 0.649653 0.015349 0.747170
1341846332.658202 -2.059548 -0.659850 2.959314 -0.143530 0.650166 0.018243 0.745889
1341846332.690001 -2.056207 -0.660009 2.968699 -0.145273 0.651708 0.020229 0.744152
1341846332.726000 -2.066510 -0.568439 3.005914 -0.131262 0.657619 0.008589 0.741778
1341846332.758386 -2.066510 -0.568439 3.005914 -0.131262 0.657619 0.008589 0.741778
1341846332.789937 -2.047439 -0.672738 2.968876 -0.147218 0.649410 0.025282 0.745624
1341846332.825925 -2.037747 -0.635615 2.983127 -0.148239 0.652743 0.016422 0.742753
1341846332.857898 -2.033329 -0.562832 3.025874 -0.140935 0.661193 0.003546 0.736850
1341846332.894069 -2.014389 -0.671497 2.990527 -0.156772 0.652150 0.022703 0.741355
1341846332.926029 -1.987983 -0.718973 3.008213 -0.168581 0.653004 0.033022 0.737615
1341846332.958015 -1.972316 -0.714869 3.020155 -0.171397 0.656344 0.034462 0.733927
1341846332.994073 -1.956095 -0.735330 3.036658 -0.180862 0.657665 0.037562 0.730312
1341846333.026545 -1.927199 -0.767011 3.045363 -0.189589 0.658038 0.044509 0.727366
1341846333.057998 -1.925964 -0.680192 3.092324 -0.180553 0.669339 0.030571 0.720036
1341846333.094024 -1.928261 -0.662943 3.161711 -0.181075 0.679518 0.027770 0.710419
1341846333.126095 -1.925409 -0.651920 3.174375 -0.179340 0.683070 0.026527 0.707494
1341846333.161973 -1.910578 -0.688706 3.164346 -0.192559 0.679861 0.028510 0.707034
1341846333.195660 -1.888199 -0.753010 3.133666 -0.205160 0.671574 0.040429 0.710819
1341846333.226331 -1.872651 -0.688016 3.233669 -0.207469 0.688391 0.027330 0.694498
1341846333.262056 -1.866252 -0.760542 3.196703 -0.221648 0.678207 0.039802 0.699517
1341846333.294147 -1.832408 -0.799338 3.199356 -0.231553 0.674996 0.048864 0.698839
1341846333.326100 -1.819746 -0.805520 3.224637 -0.237013 0.675787 0.050350 0.696133
1341846333.362100 -1.741161 -0.854896 3.348363 -0.272817 0.683603 0.056921 0.674550
1341846333.394119 -1.739420 -0.879211 3.341088 -0.273801 0.679844 0.065549 0.677162
1341846333.429974 -1.735679 -0.899458 3.330477 -0.278022 0.675432 0.069459 0.679463
1341846333.462115 -1.745100 -0.876066 3.338933 -0.284562 0.673744 0.058335 0.679478
1341846333.494040 -1.749542 -0.875195 3.361745 -0.285486 0.674398 0.055929 0.678644
1341846333.529953 -1.749542 -0.875195 3.361745 -0.285486 0.674398 0.055929 0.678644
1341846333.562063 -1.757261 -0.863194 3.351377 -0.282509 0.671972 0.053506 0.682480
1341846333.594090 -1.805768 -0.820691 3.355555 -0.283549 0.666723 0.032048 0.688516
1341846333.629994 -1.822375 -0.797579 3.383860 -0.288941 0.664842 0.021696 0.688497
1341846333.662127 -1.823252 -0.846524 3.350566 -0.285637 0.659453 0.038263 0.694312
1341846333.697964 -1.890629 -0.775430 3.404253 -0.281386 0.665830 0.015035 0.690844
1341846333.730092 -1.862508 -0.804681 3.372684 -0.281311 0.660301 0.024236 0.695902
1341846333.762089 -1.880141 -0.786062 3.370586 -0.277589 0.660840 0.016990 0.697098
1341846333.798006 -1.880141 -0.786062 3.370586 -0.277589 0.660840 0.016990 0.697098
1341846333.830055 -1.880141 -0.786062 3.370586 -0.277589 0.660840 0.016990 0.697098
1341846333.866045 -1.889370 -0.788137 3.387429 -0.274826 0.663636 0.018382 0.695500
1341846333.897987 -1.968901 -0.655931 3.389304 -0.263392 0.666008 -0.028522 0.697312
1341846333.930099 -1.947804 -0.729265 3.471789 -0.270267 0.675148 -0.005504 0.686368
1341846333.965889 -1.959265 -0.726884 3.483163 -0.267664 0.678072 -0.005238 0.684504
1341846333.997985 -1.976233 -0.714591 3.530119 -0.266375 0.684854 -0.012231 0.678137
1341846334.030076 -2.020980 -0.590556 3.406096 -0.244723 0.670986 -0.048949 0.698207
1341846334.066000 -2.041332 -0.566323 3.400358 -0.240204 0.670323 -0.058189 0.699703
1341846334.097932 -2.043473 -0.585174 3.416022 -0.240088 0.673145 -0.051465 0.697556
1341846334.133884 -2.044903 -0.609856 3.424134 -0.240033 0.675107 -0.042158 0.696303
1341846334.166115 -2.065889 -0.611007 3.439057 -0.241356 0.675038 -0.045342 0.695712
1341846334.198072 -2.070769 -0.608470 3.457960 -0.240191 0.677085 -0.043219 0.694260
1341846334.234097 -2.093861 -0.561505 3.442417 -0.236474 0.675355 -0.059097 0.696049
1341846334.266045 -2.116913 -0.523270 3.445078 -0.232488 0.676506 -0.071352 0.695124
1341846334.297946 -2.117959 -0.544105 3.466005 -0.233223 0.677671 -0.064074 0.694452
1341846334.334036 -2.129295 -0.510132 3.462773 -0.229899 0.675867 -0.072353 0.696502
1341846334.365871 -2.159486 -0.519225 3.447356 -0.230874 0.672875 -0.074761 0.698818
1341846334.401845 -2.166122 -0.523210 3.430935 -0.231075 0.670279 -0.074009 0.701322
1341846334.433864 -2.163692 -0.472855 3.447963 -0.228103 0.669949 -0.085275 0.701331
1341846334.466105 -2.168918 -0.487056 3.430558 -0.226117 0.666195 -0.080129 0.706140
1341846334.502142 -2.174288 -0.499512 3.425856 -0.227832 0.663043 -0.076112 0.708994
1341846334.540153 -2.191993 -0.456607 3.396021 -0.223359 0.657248 -0.088678 0.714333
1341846334.602351 -2.191993 -0.456607 3.396021 -0.223359 0.657248 -0.088678 0.714333
1341846334.670161 -2.207061 -0.438465 3.390724 -0.228319 0.653317 -0.094581 0.715613
1341846334.702085 -2.219357 -0.410931 3.429429 -0.229034 0.656304 -0.099727 0.711943
1341846334.734751 -2.210825 -0.431406 3.406603 -0.225733 0.652405 -0.090320 0.717813
1341846334.770889 -2.230630 -0.384091 3.430869 -0.220993 0.656150 -0.098138 0.714841
1341846334.802194 -2.304406 -0.460514 3.672406 -0.239125 0.684905 -0.082098 0.683363
1341846334.833908 -2.331252 -0.426640 3.712221 -0.237635 0.690319 -0.088350 0.677631
1341846334.869874 -2.351417 -0.403639 3.733902 -0.238113 0.692513 -0.093783 0.674486
1341846334.902006 -2.352313 -0.450229 3.773331 -0.243510 0.695412 -0.080796 0.671251
1341846334.938010 -2.375183 -0.341447 3.744038 -0.233486 0.691678 -0.102760 0.675653
1341846334.970032 -2.375276 -0.475106 3.772821 -0.245436 0.692018 -0.077148 0.674478
1341846335.002203 -2.367587 -0.464064 3.764938 -0.242904 0.691013 -0.079446 0.676156
1341846335.037880 -2.366967 -0.475255 3.796954 -0.243325 0.692262 -0.076159 0.675105
1341846335.069990 -2.366967 -0.475255 3.796954 -0.243325 0.692262 -0.076159 0.675105
1341846335.106038 -2.366967 -0.475255 3.796954 -0.243325 0.692262 -0.076159 0.675105
1341846335.138045 -2.366967 -0.475255 3.796954 -0.243325 0.692262 -0.076159 0.675105
1341846335.169900 -2.366967 -0.475255 3.796954 -0.243325 0.692262 -0.076159 0.675105
1341846335.206091 -2.376085 -0.530987 3.816941 -0.248801 0.692553 -0.066112 0.673868
1341846335.239365 -2.366049 -0.504826 3.801530 -0.247027 0.691848 -0.071291 0.674715
1341846335.269948 -2.358750 -0.519044 3.783276 -0.246639 0.689646 -0.069618 0.677282
1341846335.305972 -2.365700 -0.556868 3.769177 -0.246121 0.686079 -0.063275 0.681702
1341846335.338012 -2.382622 -0.511037 3.818709 -0.242429 0.692595 -0.071991 0.675542
1341846335.374005 -2.386945 -0.464349 3.823365 -0.231141 0.696860 -0.080018 0.674209
1341846335.406025 -2.380803 -0.485356 3.844307 -0.229942 0.699699 -0.078800 0.671817
1341846335.438079 -2.393314 -0.475867 3.909365 -0.228116 0.708050 -0.083194 0.663104
1341846335.473998 -2.417015 -0.420802 3.967325 -0.224906 0.716999 -0.095321 0.652873
1341846335.507038 -2.417015 -0.420802 3.967325 -0.224906 0.716999 -0.095321 0.652873
1341846335.538040 -2.462669 -0.353255 3.774361 -0.209567 0.696821 -0.110423 0.677000
1341846335.574119 -2.445180 -0.355857 3.708026 -0.218265 0.684122 -0.115229 0.686339
1341846335.605970 -2.317549 -0.699137 4.135726 -0.271196 0.722468 -0.052151 0.633855
1341846335.641978 -2.280045 -0.750418 4.055044 -0.277377 0.709577 -0.048671 0.645905
1341846335.673993 -2.332646 -0.727548 4.075017 -0.278451 0.708775 -0.059985 0.645372
1341846335.706178 -2.285884 -0.686113 3.357764 -0.228104 0.634795 -0.049966 0.736551
1341846335.741982 -2.234438 -0.781709 3.374120 -0.236831 0.634102 -0.027641 0.735569
1341846335.773960 -2.246008 -0.842851 3.289811 -0.236299 0.622596 -0.019004 0.745772
1341846335.806271 -2.350720 -0.670368 3.277157 -0.226716 0.621411 -0.063915 0.747237
1341846335.842031 -2.338154 -0.723450 3.302224 -0.234608 0.623352 -0.056117 0.743802
1341846335.873966 -2.298929 -0.737474 3.333546 -0.239833 0.626826 -0.052740 0.739451
1341846335.910005 -2.250713 -0.900373 3.359776 -0.252054 0.626495 -0.018129 0.737322
1341846335.941936 -2.218265 -1.008289 3.372791 -0.265232 0.623247 0.000775 0.735673
1341846335.974198 -2.230873 -0.987659 3.368712 -0.266030 0.620980 -0.006317 0.737274
1341846336.010032 -2.252138 -0.971310 3.401235 -0.267618 0.624490 -0.011741 0.733659
1341846336.042129 -2.226789 -1.141198 3.483825 -0.281504 0.631371 0.021881 0.722252
1341846336.078076 -2.425361 -0.899044 3.733922 -0.259054 0.671301 -0.016373 0.694246
1341846336.110739 -2.237948 -1.177613 3.503199 -0.284730 0.632822 0.023358 0.719667
1341846336.142002 -2.233650 -1.206549 3.477852 -0.284703 0.626626 0.031050 0.724789
1341846336.183953 -2.203747 -1.258949 3.460656 -0.286280 0.622127 0.046745 0.727198
1341846336.241891 -2.228318 -1.211045 3.365569 -0.273715 0.615896 0.047521 0.737220
1341846336.277946 -2.228318 -1.211045 3.365569 -0.273715 0.615896 0.047521 0.737220
1341846336.309977 -2.228318 -1.211045 3.365569 -0.273715 0.615896 0.047521 0.737220
1341846336.346143 -2.228318 -1.211045 3.365569 -0.273715 0.615896 0.047521 0.737220
1341846336.377975 -2.192223 -1.272334 3.191377 -0.269723 0.585558 0.049723 0.762823
1341846336.410032 -2.189412 -1.286679 3.165176 -0.268084 0.583650 0.051715 0.764728
1341846336.446041 -2.180890 -1.287865 3.133699 -0.266911 0.580458 0.055642 0.767288
1341846336.477990 -2.175261 -1.315019 3.120897 -0.267151 0.580165 0.061021 0.767017
1341846336.510056 -2.164744 -1.329888 3.034068 -0.264110 0.572221 0.063159 0.773835
1341846336.546024 -2.138974 -1.380323 3.031781 -0.262397 0.574546 0.078519 0.771285
1341846336.578003 -2.152605 -1.379559 3.014090 -0.263250 0.572235 0.076746 0.772888
1341846336.614020 -2.142396 -1.410211 2.967559 -0.262431 0.567803 0.083094 0.775774
1341846336.645982 -2.111851 -1.440298 2.943640 -0.264208 0.565138 0.092170 0.776091
1341846336.678036 -2.073613 -1.526308 2.922758 -0.267984 0.562556 0.113313 0.773871
1341846336.714024 -2.040792 -1.557896 2.911541 -0.265556 0.559577 0.126761 0.774780
1341846336.746016 -2.008094 -1.590465 2.903304 -0.264515 0.557171 0.136129 0.775281
1341846336.778014 -1.946651 -1.682804 2.868821 -0.263722 0.550576 0.162432 0.775198
1341846336.820006 -1.911265 -1.732707 2.825217 -0.262442 0.542489 0.178252 0.777854
1341846336.882056 -1.935893 -1.676182 2.870794 -0.253887 0.550519 0.172915 0.776254
1341846336.914273 -1.935483 -1.684168 2.844032 -0.247330 0.544996 0.177594 0.781196
1341846336.945998 -1.931605 -1.669044 2.795741 -0.236706 0.538041 0.178342 0.789098
1341846336.981980 -1.932056 -1.672532 2.745003 -0.233938 0.530927 0.179254 0.794517
1341846337.014238 -1.931903 -1.675295 2.760345 -0.237687 0.533577 0.178639 0.791763
1341846337.046017 -1.936198 -1.685612 2.751673 -0.239478 0.534414 0.178895 0.790600
1341846337.082104 -1.955903 -1.667365 2.768765 -0.238787 0.539623 0.173674 0.788432
1341846337.114317 -1.995954 -1.652182 2.613483 -0.211837 0.521647 0.179859 0.806635
1341846337.150037 -1.956504 -1.725051 2.466932 -0.203640 0.502816 0.202222 0.815361
1341846337.181873 -1.960408 -1.722431 2.420413 -0.196094 0.501145 0.205148 0.817506
1341846337.214073 -1.935960 -1.792383 2.584657 -0.247090 0.509819 0.184417 0.803132
1341846337.250087 -1.920275 -1.816500 2.556475 -0.249941 0.502743 0.189816 0.805450
1341846337.282028 -1.925243 -1.814087 2.501322 -0.238097 0.496583 0.196432 0.811252
1341846337.317920 -1.911310 -1.834283 2.500327 -0.240247 0.496337 0.201419 0.809544
1341846337.350018 -1.919795 -1.844117 2.493607 -0.241119 0.496747 0.202866 0.808671
1341846337.382159 -1.920619 -1.848592 2.452957 -0.240699 0.492266 0.203126 0.811467
1341846337.417941 -1.844114 -1.911118 2.255638 -0.233384 0.463197 0.224012 0.825106
1341846337.450137 -1.886492 -1.884098 2.336458 -0.234048 0.474944 0.215752 0.820427
1341846337.482096 -1.913036 -1.870409 2.354783 -0.232325 0.479793 0.212292 0.818997
1341846337.518008 -1.905930 -1.877437 2.277862 -0.225308 0.469483 0.215760 0.825996
1341846337.549978 -1.908386 -1.867259 2.204046 -0.231149 0.452556 0.208215 0.835709
1341846337.585971 -1.867106 -1.906094 2.184497 -0.219485 0.457296 0.231348 0.830171
1341846337.617903 -1.888967 -1.886217 2.164077 -0.213451 0.455893 0.226615 0.833814
1341846337.650141 -1.868843 -1.896752 2.131869 -0.209810 0.451664 0.232421 0.835440
1341846337.686352 -1.883350 -1.885249 2.096407 -0.203051 0.450228 0.234721 0.837240
1341846337.718002 -1.851144 -1.907912 2.066428 -0.205552 0.444513 0.242442 0.837484
1341846337.749920 -1.838813 -1.924969 2.053258 -0.211463 0.442629 0.240382 0.837603
1341846337.786157 -1.834479 -1.906512 2.031649 -0.206017 0.443644 0.248083 0.836177
1341846337.817945 -1.791324 -1.941537 2.007583 -0.211062 0.440025 0.257545 0.833967
1341846337.854071 -1.840430 -1.897169 2.006353 -0.202749 0.446980 0.250755 0.834401
1341846337.885951 -1.824770 -1.909931 2.000047 -0.207895 0.445306 0.253123 0.833313
1341846337.918223 -1.764630 -1.943236 1.973757 -0.216556 0.438030 0.266532 0.830779
1341846337.954120 -1.756511 -1.956230 1.980767 -0.221325 0.438189 0.265513 0.829764
1341846337.985994 -1.742191 -1.947578 1.957285 -0.218456 0.437773 0.273158 0.828261
1341846338.018107 -1.742191 -1.947578 1.957285 -0.218456 0.437773 0.273158 0.828261
1341846338.054055 -1.727681 -1.957465 1.964254 -0.226765 0.438931 0.276562 0.824276
1341846338.085986 -1.681414 -1.979660 1.956310 -0.236801 0.434782 0.280996 0.822150
1341846338.121875 -1.665676 -1.985735 1.956599 -0.237986 0.437275 0.283884 0.819489
1341846338.154089 -1.659752 -1.982193 1.956973 -0.238376 0.437377 0.286258 0.818495
1341846338.186029 -1.662655 -1.963833 1.963083 -0.234867 0.440390 0.289881 0.816617
1341846338.222071 -1.563313 -2.008265 1.906099 -0.247923 0.424318 0.299398 0.817832
1341846338.254107 -1.534442 -2.041274 1.884436 -0.250759 0.421658 0.306546 0.815692
1341846338.290130 -1.566446 -2.023835 1.969302 -0.256306 0.434647 0.296277 0.810931
1341846338.321952 -1.515694 -2.064978 1.950661 -0.261473 0.428253 0.304667 0.809574
1341846338.354022 -1.532400 -2.054888 1.990412 -0.265831 0.433270 0.297670 0.808086
1341846338.389969 -1.524041 -2.057449 2.023286 -0.272734 0.434869 0.292013 0.806990
1341846338.422377 -1.514299 -2.044577 2.016432 -0.270916 0.435177 0.297613 0.805389
1341846338.454010 -1.480837 -2.077235 2.033215 -0.279833 0.432005 0.298141 0.803851
1341846338.489894 -1.473592 -2.066849 2.044551 -0.278901 0.433082 0.303790 0.801477
1341846338.522066 -1.483963 -2.038905 2.131406 -0.283447 0.442797 0.294106 0.798179
1341846338.558058 -1.465265 -2.056415 2.048552 -0.282567 0.430991 0.297647 0.803623
1341846338.589842 -1.477962 -2.028660 2.110769 -0.284471 0.439128 0.294709 0.799618
1341846338.622019 -1.494517 -1.994942 2.142186 -0.279708 0.447346 0.292163 0.797675
1341846338.657984 -1.490901 -1.972974 2.134352 -0.275921 0.446776 0.296082 0.797868
1341846338.690198 -1.506273 -1.954722 2.104992 -0.273575 0.442566 0.293837 0.801843
1341846338.722454 -1.494030 -1.929971 2.143418 -0.273025 0.447403 0.295105 0.798875
1341846338.757945 -1.498473 -1.909697 2.173899 -0.273169 0.450731 0.293135 0.797679
1341846338.790039 -1.498473 -1.909697 2.173899 -0.273169 0.450731 0.293135 0.797679
1341846338.826048 -1.498473 -1.909697 2.173899 -0.273169 0.450731 0.293135 0.797679
1341846338.858027 -1.435877 -1.904791 2.108508 -0.271788 0.437200 0.304118 0.801561
1341846338.889902 -1.435877 -1.904791 2.108508 -0.271788 0.437200 0.304118 0.801561
1341846338.925948 -1.441768 -1.898303 2.120233 -0.274174 0.438632 0.300337 0.801391
1341846338.958108 -1.441768 -1.898303 2.120233 -0.274174 0.438632 0.300337 0.801391
1341846338.990057 -1.441768 -1.898303 2.120233 -0.274174 0.438632 0.300337 0.801391
1341846339.025928 -1.482398 -1.845138 2.130663 -0.264608 0.445805 0.293807 0.803068
1341846339.057939 -1.487049 -1.813499 2.121852 -0.262897 0.447812 0.287939 0.804637
1341846339.093927 -1.457489 -1.837929 2.136312 -0.268899 0.446204 0.292408 0.801931
1341846339.126562 -1.452247 -1.837958 2.171728 -0.278642 0.447151 0.287747 0.799760
1341846339.157969 -1.492143 -1.800950 2.195487 -0.267586 0.458667 0.290936 0.795851
1341846339.194113 -1.400752 -1.848314 2.128821 -0.278193 0.441204 0.301988 0.797967
1341846339.228165 -1.476088 -1.812368 2.259674 -0.280074 0.460428 0.291540 0.790297
1341846339.257998 -1.452579 -1.832529 2.264553 -0.285033 0.459971 0.296832 0.786812
1341846339.294132 -1.520001 -1.762460 2.300337 -0.280520 0.471093 0.280150 0.787969
1341846339.326577 -1.366139 -1.854701 2.167162 -0.299087 0.436302 0.302621 0.792848
1341846339.362269 -1.367121 -1.863668 2.207585 -0.304293 0.439745 0.303862 0.788478
1341846339.394725 -1.378368 -1.840798 2.277979 -0.303337 0.455196 0.304496 0.779785
1341846339.462186 -1.323199 -1.858574 2.236108 -0.313801 0.443003 0.307220 0.781597
1341846339.496743 -1.328124 -1.833330 2.252056 -0.303797 0.453941 0.311930 0.777396
1341846339.562052 -1.300504 -1.859001 2.303944 -0.309356 0.464807 0.315798 0.767154
1341846339.595122 -1.287477 -1.848671 2.257085 -0.303874 0.459871 0.318603 0.771149
1341846339.632085 -1.292861 -1.826019 2.252930 -0.301655 0.463618 0.314640 0.771404
1341846339.664568 -1.305353 -1.814288 2.301849 -0.305623 0.472771 0.305933 0.767781
1341846339.698896 -1.299517 -1.796950 2.336240 -0.309846 0.476706 0.300524 0.765789
1341846339.731977 -1.294371 -1.828097 2.232229 -0.308456 0.459479 0.301686 0.776350
1341846339.762241 -1.294371 -1.828097 2.232229 -0.308456 0.459479 0.301686 0.776350
1341846339.797873 -1.303865 -1.819790 2.304010 -0.311934 0.471219 0.299101 0.768888
1341846339.830245 -1.177091 -1.884871 2.223807 -0.299786 0.464391 0.344048 0.759013
1341846339.862015 -1.185827 -1.881747 2.263177 -0.303546 0.469658 0.339747 0.756210
1341846339.897797 -1.178448 -1.877558 2.282704 -0.307541 0.472894 0.338832 0.752983
1341846339.929916 -1.219770 -1.843796 2.319292 -0.302242 0.483131 0.332534 0.751435
1341846339.961960 -1.213014 -1.850279 2.339347 -0.306443 0.485110 0.329144 0.749950
1341846339.997845 -1.213014 -1.850279 2.339347 -0.306443 0.485110 0.329144 0.749950
1341846340.029925 -1.266404 -1.783940 2.296635 -0.282173 0.494153 0.329342 0.753475
1341846340.066044 -1.229117 -1.798789 2.317001 -0.292924 0.495468 0.326862 0.749579
1341846340.098009 -1.267377 -1.760733 2.299046 -0.281323 0.498392 0.322054 0.754151
1341846340.130102 -1.278498 -1.745273 2.310947 -0.281165 0.500713 0.319124 0.753918
1341846340.166041 -1.267438 -1.739263 2.269379 -0.278811 0.497233 0.320595 0.756467
1341846340.197867 -1.293284 -1.697827 2.246303 -0.269218 0.498660 0.315377 0.761182
1341846340.229904 -1.251940 -1.733467 2.145067 -0.270017 0.480233 0.327659 0.767532
1341846340.265859 -1.252093 -1.712354 2.218534 -0.278001 0.490182 0.319766 0.761700
1341846340.298061 -1.273451 -1.677414 2.179417 -0.265510 0.490031 0.317671 0.767111
1341846340.334063 -1.227664 -1.691295 2.024540 -0.258199 0.462268 0.334292 0.779674
1341846340.366064 -1.193389 -1.701132 2.103823 -0.271574 0.468979 0.334951 0.770788
1341846340.397995 -1.206450 -1.677956 2.115607 -0.266737 0.473336 0.331182 0.771442
1341846340.433895 -1.152319 -1.690228 2.042128 -0.267312 0.455499 0.341749 0.777350
1341846340.465959 -1.130476 -1.685785 2.022658 -0.264088 0.449627 0.347680 0.779238
1341846340.501858 -1.110982 -1.680820 1.989736 -0.264502 0.444429 0.348393 0.781757
1341846340.534329 -1.116366 -1.670335 1.978390 -0.260432 0.443967 0.349533 0.782876
1341846340.566041 -1.136587 -1.654539 1.998494 -0.257969 0.449341 0.343947 0.783100
1341846340.601909 -1.137699 -1.649701 1.992405 -0.255438 0.450118 0.342770 0.783998
1341846340.634005 -1.137699 -1.649701 1.992405 -0.255438 0.450118 0.342770 0.783998
1341846340.666028 -1.137699 -1.649701 1.992405 -0.255438 0.450118 0.342770 0.783998
1341846340.701946 -1.090399 -1.674029 1.983635 -0.256291 0.449372 0.354814 0.778773
1341846340.733954 -1.071850 -1.682310 1.949266 -0.254902 0.444729 0.359657 0.779672
1341846340.770081 -1.076685 -1.688285 1.933627 -0.257620 0.439715 0.359178 0.781840
1341846340.801980 -1.069775 -1.672997 1.926571 -0.257560 0.441153 0.354102 0.783364
1341846340.833999 -1.088544 -1.689070 1.915220 -0.265647 0.439530 0.342517 0.786719
1341846340.870013 -1.130683 -1.669031 1.942490 -0.265662 0.449153 0.330142 0.786570
1341846340.901955 -1.136010 -1.642344 1.944890 -0.259363 0.448705 0.330303 0.788857
1341846340.933918 -1.098893 -1.649279 1.923408 -0.254274 0.444416 0.344259 0.786972
1341846340.970122 -1.077292 -1.663798 1.913218 -0.251180 0.440620 0.354706 0.785459
1341846341.001922 -1.055570 -1.666441 1.866878 -0.246849 0.430286 0.362888 0.788817
1341846341.037923 -1.055570 -1.666441 1.866878 -0.246849 0.430286 0.362888 0.788817
1341846341.070300 -1.191177 -1.626909 1.966311 -0.240277 0.451516 0.331004 0.792992
1341846341.102028 -1.191177 -1.626909 1.966311 -0.240277 0.451516 0.331004 0.792992
1341846341.137982 -1.191177 -1.626909 1.966311 -0.240277 0.451516 0.331004 0.792992
1341846341.170048 -1.212171 -1.586061 2.008477 -0.236765 0.457296 0.323263 0.793929
1341846341.202110 -1.212171 -1.586061 2.008477 -0.236765 0.457296 0.323263 0.793929
1341846341.237996 -1.197888 -1.598030 1.993004 -0.234238 0.456577 0.328332 0.793012
1341846341.269883 -1.152372 -1.645206 1.944130 -0.238127 0.448195 0.340374 0.791557
1341846341.306107 -1.195145 -1.605553 1.975389 -0.233845 0.454459 0.327040 0.794876
1341846341.338109 -1.206826 -1.592260 1.982845 -0.230727 0.456823 0.326407 0.794692
1341846341.370120 -1.226235 -1.576732 1.988220 -0.230086 0.458862 0.317430 0.797336
1341846341.406074 -1.194989 -1.629941 1.940490 -0.235400 0.451072 0.326156 0.796708
1341846341.438113 -1.210500 -1.598352 1.978020 -0.232894 0.455466 0.319256 0.797738
1341846341.470024 -1.225380 -1.592002 1.989601 -0.230330 0.459096 0.315091 0.798058
1341846341.506077 -1.202838 -1.630255 1.937780 -0.232648 0.451999 0.323828 0.797940
1341846341.538156 -1.213963 -1.608388 1.968072 -0.232877 0.453529 0.318036 0.799333
1341846341.574016 -1.250466 -1.593356 2.001687 -0.228870 0.459795 0.311593 0.799448
1341846341.612466 -1.287974 -1.565755 2.039991 -0.226577 0.466085 0.300733 0.800617
1341846341.643972 -1.356629 -1.526044 2.101454 -0.224100 0.476250 0.283764 0.801525
1341846341.679982 -1.216221 -1.598272 1.902071 -0.220376 0.441593 0.325681 0.806450
1341846341.712332 -1.254984 -1.576667 1.928337 -0.217051 0.448540 0.317126 0.806927
1341846341.744185 -1.309378 -1.520185 1.998932 -0.208593 0.458588 0.304372 0.808420
1341846341.780061 -1.301033 -1.532460 1.992448 -0.209413 0.457245 0.307162 0.807914
1341846341.842595 -1.314883 -1.524697 2.002150 -0.207208 0.459997 0.300805 0.809311
1341846341.906227 -1.314883 -1.524697 2.002150 -0.207208 0.459997 0.300805 0.809311
1341846341.942069 -1.370145 -1.458298 2.016426 -0.183725 0.469623 0.297911 0.810523
1341846341.974775 -1.412358 -1.421510 2.013038 -0.168703 0.474086 0.293726 0.812716
1341846342.010161 -1.410405 -1.415540 1.997047 -0.165288 0.471258 0.295845 0.814292
1341846342.042024 -1.410405 -1.415540 1.997047 -0.165288 0.471258 0.295845 0.814292
1341846342.080032 -1.402000 -1.401716 1.963194 -0.160026 0.468377 0.297692 0.816330
1341846342.112265 -1.395878 -1.403547 1.950543 -0.159948 0.466766 0.298815 0.816857
1341846342.147954 -1.406228 -1.389955 1.952151 -0.154648 0.467874 0.296195 0.818197
1341846342.179852 -1.408432 -1.373872 1.938340 -0.148383 0.467377 0.295300 0.819963
1341846342.211848 -1.404343 -1.391025 1.948281 -0.151192 0.468980 0.298316 0.817438
1341846342.247920 -1.410313 -1.370958 1.931477 -0.146639 0.468087 0.294369 0.820206
1341846342.279870 -1.413703 -1.358716 1.918052 -0.142135 0.466760 0.292571 0.822396
1341846342.316068 -1.399303 -1.361851 1.896355 -0.140868 0.463220 0.296356 0.823260
1341846342.347894 -1.410088 -1.354847 1.902171 -0.140818 0.466404 0.292378 0.822893
1341846342.379953 -1.402565 -1.365300 1.899127 -0.140457 0.464533 0.296728 0.822456
1341846342.416195 -1.392650 -1.377160 1.891028 -0.141532 0.462711 0.300027 0.822102
