# timestamp tx ty tz qx qy qz qw
1341845820.887882 0.000000 0.000000 0.000000 0.000000 0.000000 0.000000 1.000000
1341845820.920082 -0.001503 0.004081 -0.001022 -0.000339 -0.000051 -0.000677 1.000000
1341845820.955790 -0.001890 0.004023 0.001938 -0.001683 -0.000928 -0.000866 0.999998
1341845820.987817 -0.000646 0.003537 0.002319 -0.002415 -0.001319 -0.001110 0.999996
1341845821.019783 -0.001336 0.003388 0.003503 -0.002420 -0.001559 -0.001171 0.999995
1341845821.055706 -0.003876 0.001629 0.000909 -0.002079 -0.001675 0.000080 0.999996
1341845821.087831 -0.004815 -0.001806 -0.001925 -0.001478 -0.003090 0.002630 0.999991
1341845821.119871 0.004358 -0.000457 -0.000779 0.000650 -0.003074 0.004791 0.999984
1341845821.155881 0.003445 0.004346 0.000179 0.001182 0.000029 0.005644 0.999983
1341845821.188556 -0.348220 -0.043415 -0.033156 -0.014104 0.055038 -0.063195 0.996383
1341845821.223751 0.003514 -0.003657 -0.003360 0.003398 0.001898 0.010072 0.999942
1341845821.256005 0.008764 0.002624 -0.007315 0.004666 0.002837 0.009568 0.999939
1341845821.287883 0.008790 -0.001319 -0.005753 0.002450 0.005335 0.008220 0.999949
1341845821.323879 0.012701 -0.004254 -0.007179 0.002529 0.006882 0.006760 0.999950
1341845821.355690 0.012611 0.000535 -0.004417 0.003971 0.009034 0.007197 0.999925
1341845821.388161 0.012127 -0.000415 -0.002895 0.003969 0.009589 0.008941 0.999906
1341845821.424470 0.019886 -0.010567 -0.009446 0.004079 0.009844 0.009711 0.999896
1341845821.455778 0.012658 -0.004122 -0.008304 0.005258 0.013543 0.008638 0.999857
1341845821.488014 0.010035 -0.008315 -0.008207 0.004650 0.014745 0.008898 0.999841
1341845821.524370 0.015529 -0.009497 -0.009515 0.006524 0.014572 0.009571 0.999827
1341845821.555644 0.011824 -0.007726 -0.009763 0.008325 0.016449 0.009213 0.999788
1341845821.587677 0.007635 -0.004710 -0.010172 0.008492 0.016702 0.008295 0.999790
1341845821.623761 0.009594 -0.005454 -0.006357 0.007892 0.015787 0.007581 0.999815
1341845821.655725 0.010178 -0.004486 -0.009841 0.007912 0.015725 0.006474 0.999824
1341845821.691884 0.008985 -0.003724 -0.012526 0.007041 0.015778 0.005603 0.999835
1341845821.724228 0.008412 -0.008939 -0.013990 0.006376 0.014829 0.006086 0.999851
1341845821.755681 0.007004 -0.009213 -0.010925 0.007085 0.013943 0.006872 0.999854
1341845821.791636 0.011027 -0.011070 -0.009635 0.007789 0.012729 0.007252 0.999862
1341845821.823697 0.008350 -0.004741 -0.009080 0.009348 0.014007 0.005595 0.999843
1341845821.855574 0.007083 -0.008827 -0.011664 0.007736 0.014818 0.004109 0.999852
1341845821.891741 0.007712 -0.009532 -0.007648 0.008485 0.014377 0.004072 0.999852
1341845821.923730 0.012987 -0.008128 -0.009665 0.010282 0.013556 0.005220 0.999842
1341845821.955750 0.008016 -0.006841 -0.012764 0.011068 0.014627 0.004782 0.999820
1341845821.991786 0.008768 -0.006218 -0.010923 0.010441 0.014931 0.004046 0.999826
1341845822.023863 -0.387652 -0.063218 -0.035669 -0.002295 0.074839 -0.062532 0.995230
1341845822.059759 0.003226 -0.007212 -0.014477 0.010314 0.015891 0.003811 0.999813
1341845822.091719 -0.470905 -0.068251 -0.038640 -0.006580 0.085393 -0.087083 0.992513
1341845822.123689 0.005024 -0.016267 -0.014938 0.010885 0.016586 0.003590 0.999797
1341845822.185916 0.003394 -0.011205 -0.011819 0.010783 0.015956 0.004696 0.999804
1341845822.221838 -0.001301 -0.010283 -0.010879 0.012780 0.014816 0.005170 0.999795
1341845822.254004 -0.006224 -0.005194 -0.011758 0.012901 0.014930 0.004870 0.999793
1341845822.289876 -0.012856 -0.015593 -0.013117 0.010629 0.014939 0.003809 0.999825
1341845822.321804 -0.438207 -0.067255 -0.026630 -0.002102 0.077107 -0.072909 0.994351
1341845822.353784 -0.020565 -0.013754 -0.007707 0.012567 0.015251 0.001964 0.999803
1341845822.391662 -0.023133 -0.012068 -0.006748 0.013890 0.015593 0.001954 0.999780
1341845822.428074 -0.029314 -0.011731 -0.008462 0.014260 0.015824 0.001952 0.999771
1341845822.459970 -0.032399 -0.010586 -0.006888 0.013828 0.015243 0.002057 0.999786
1341845822.495728 -0.036531 -0.013567 -0.005399 0.013523 0.014900 0.002063 0.999795
1341845822.527724 -0.042362 -0.011966 -0.007899 0.013783 0.014669 0.001975 0.999795
1341845822.559648 -0.045562 -0.014099 -0.008374 0.012265 0.013778 0.003139 0.999825
1341845822.595852 -0.045895 -0.013655 0.000991 0.012159 0.013352 0.003297 0.999831
1341845822.627724 -0.051833 -0.011349 -0.001402 0.011645 0.014139 0.003396 0.999826
1341845822.663716 -0.058648 -0.025170 -0.017396 0.010309 0.013441 0.007819 0.999826
1341845822.695601 -0.062409 -0.021780 -0.002025 0.014977 0.010811 0.010301 0.999776
1341845822.731816 -0.066132 -0.020667 0.001501 0.016703 0.010874 0.011056 0.999740
1341845822.789911 -0.074736 -0.022494 0.002856 0.017185 0.012164 0.010645 0.999722
1341845822.825897 -0.079215 -0.024075 -0.002996 0.016382 0.013179 0.010863 0.999720
1341845822.859721 -0.088311 -0.023845 0.011798 0.017477 0.013033 0.011806 0.999693
1341845822.889712 -0.090596 -0.023106 0.012559 0.019925 0.011281 0.013392 0.999648
1341845822.925900 -0.091635 -0.021032 0.010729 0.021112 0.010270 0.012918 0.999641
1341845822.957708 -0.093639 -0.023834 0.011945 0.020912 0.010952 0.011276 0.999658
1341845822.989939 -0.098697 -0.025614 0.011403 0.022048 0.011578 0.010720 0.999632
1341845823.025889 -0.099027 -0.023768 0.013897 0.024389 0.011049 0.010923 0.999582
1341845823.057775 -0.116950 -0.035020 -0.002978 0.024129 0.015131 0.010359 0.999541
1341845823.093671 -0.124823 -0.035833 -0.010140 0.025597 0.018254 0.010319 0.999452
1341845823.125951 -0.104057 -0.022162 0.013538 0.028026 0.015393 0.011971 0.999417
1341845823.157773 -0.108019 -0.024912 0.014031 0.028267 0.016771 0.011952 0.999388
1341845823.193885 -0.116523 -0.026763 -0.004209 0.028353 0.017750 0.011874 0.999370
1341845823.225800 -0.119081 -0.023557 0.004431 0.026916 0.016172 0.011639 0.999439
1341845823.261842 -0.118510 -0.023235 0.009367 0.026760 0.014583 0.011097 0.999474
1341845823.293622 -0.124973 -0.022736 -0.002322 0.025258 0.015416 0.009479 0.999517
1341845823.325746 -0.150584 -0.039297 -0.030695 0.019735 0.021666 0.009059 0.999529
1341845823.361852 -0.153863 -0.038316 -0.005901 0.020188 0.025382 0.009310 0.999431
1341845823.394013 -0.133067 -0.027923 0.016349 0.023837 0.024005 0.013246 0.999340
1341845823.426028 -0.136790 -0.025906 0.010359 0.025920 0.024793 0.016450 0.999221
1341845823.461869 -0.141514 -0.029944 0.007862 0.026059 0.024251 0.017758 0.999208
1341845823.493758 -0.153194 -0.035970 -0.002299 0.025536 0.026988 0.017616 0.999154
1341845823.529780 -0.150303 -0.034226 0.004625 0.025904 0.027438 0.018255 0.999121
1341845823.561916 -0.152330 -0.037019 0.000094 0.026010 0.025338 0.019341 0.999153
1341845823.593678 -0.157817 -0.035194 0.002531 0.026767 0.022798 0.020753 0.999166
1341845823.629815 -0.166752 -0.035886 0.006449 0.026265 0.024398 0.020564 0.999146
1341845823.661750 -0.172232 -0.037753 0.006013 0.025717 0.025389 0.020063 0.999145
1341845823.695523 -0.183765 -0.041970 0.019890 0.027127 0.024170 0.020749 0.999124
1341845823.729635 -0.184485 -0.040061 0.030141 0.031109 0.020817 0.021658 0.999064
1341845823.761810 -0.204042 -0.046189 0.011864 0.032894 0.021554 0.022614 0.998970
1341845823.797871 -0.232164 -0.053198 -0.005474 0.032256 0.022575 0.021484 0.998994
1341845823.829660 -0.226939 -0.054522 0.004621 0.031540 0.017329 0.019273 0.999166
1341845823.861808 -0.254749 -0.069096 -0.022160 0.030955 0.017254 0.016861 0.999230
1341845823.929826 -0.269893 -0.070702 -0.022293 0.030915 0.011404 0.013186 0.999370
1341845823.961797 -0.288740 -0.084219 -0.053897 0.027791 0.012304 0.009557 0.999492
1341845823.998070 -0.294081 -0.082617 -0.035246 0.027095 0.012177 0.007562 0.999530
1341845824.029656 -0.301906 -0.082205 -0.036860 0.027952 0.012480 0.008392 0.999496
1341845824.065768 -0.317100 -0.080745 -0.022931 0.027818 0.016457 0.010384 0.999424
1341845824.097956 -0.491713 -0.134235 -0.045467 0.017731 0.050959 0.006955 0.998519
1341845824.130299 -0.174137 -0.040839 -0.022821 0.027582 0.013311 0.012227 0.999456
1341845824.165751 -0.320914 -0.092304 -0.050427 0.014792 0.047835 0.010475 0.998691
1341845824.197930 -0.286408 -0.087804 -0.032198 0.013897 0.046655 0.012462 0.998737
1341845824.229907 -0.288206 -0.085293 -0.014210 0.018049 0.046675 0.012398 0.998670
1341845824.265800 -0.242857 -0.079661 -0.052298 0.022664 0.035604 0.016685 0.998970
1341845824.298080 -0.239860 -0.091430 -0.073947 0.022272 0.026935 0.017374 0.999238
1341845824.333783 -0.292540 -0.092809 -0.046868 0.024729 0.030772 0.014026 0.999122
1341845824.365821 -0.309562 -0.088178 -0.043478 0.027492 0.033285 0.013598 0.998975
1341845824.398039 -0.258424 -0.095660 -0.087126 0.026126 0.023460 0.014366 0.999280
1341845824.433843 -0.320697 -0.107606 -0.084154 0.024564 0.028804 0.014149 0.999183
1341845824.465921 -0.327674 -0.103778 -0.077835 0.026634 0.025157 0.017836 0.999169
1341845824.501802 -0.331352 -0.109904 -0.103475 0.025623 0.023006 0.022359 0.999157
1341845824.533723 -0.337705 -0.123705 -0.134442 0.022184 0.020727 0.026122 0.999198
1341845824.565735 -0.344676 -0.120652 -0.122722 0.020683 0.018319 0.029625 0.999179
1341845824.601758 -0.344489 -0.117874 -0.111441 0.020631 0.015985 0.033658 0.999093
1341845824.633861 -0.346382 -0.129763 -0.124350 0.018218 0.013627 0.037683 0.999031
1341845824.665789 -0.356939 -0.119879 -0.112523 0.019593 0.012505 0.040554 0.998907
1341845824.701769 -0.365701 -0.125783 -0.111749 0.019294 0.010244 0.042644 0.998851
1341845824.733585 -0.354180 -0.137297 -0.138339 0.019065 0.005846 0.045127 0.998782
1341845824.769643 -0.348172 -0.164831 -0.170429 0.012175 0.003478 0.047227 0.998804
1341845824.801632 -0.383638 -0.123721 -0.113051 0.015267 0.003758 0.044379 0.998891
1341845824.833654 -0.385158 -0.140785 -0.106937 0.014390 0.001106 0.043782 0.998937
1341845824.869926 -0.390272 -0.120496 -0.104547 0.021444 0.001281 0.045025 0.998755
1341845824.902071 -0.392013 -0.136295 -0.138476 0.018161 -0.000104 0.045229 0.998812
1341845824.933752 -0.399059 -0.134011 -0.111404 0.018647 -0.000092 0.041876 0.998949
1341845824.969855 -0.405439 -0.125531 -0.109854 0.020089 0.002131 0.040115 0.998991
1341845825.001907 -0.407341 -0.138117 -0.132564 0.017000 0.005137 0.040229 0.999033
1341845825.037975 -0.420674 -0.132989 -0.103206 0.017095 0.008926 0.038842 0.999059
1341845825.075793 -0.402597 -0.137047 -0.134966 0.019939 0.004818 0.042066 0.998904
1341845825.107881 -0.418264 -0.126930 -0.095779 0.027198 0.005959 0.037698 0.998901
1341845825.143675 -0.445166 -0.156669 -0.139393 0.025691 0.011934 0.039095 0.998834
1341845825.175707 -0.443291 -0.156157 -0.139256 0.026214 0.012157 0.036192 0.998927
1341845825.211865 -0.459109 -0.149480 -0.129386 0.027920 0.014301 0.034450 0.998914
1341845825.243814 -0.414266 -0.142571 -0.139550 0.031780 0.009737 0.040630 0.998621
1341845825.275795 -0.426377 -0.136624 -0.140919 0.034635 0.012117 0.039911 0.998529
1341845825.311665 -0.435936 -0.139035 -0.141840 0.035320 0.011132 0.041448 0.998454
1341845825.343650 -0.441045 -0.127041 -0.126673 0.036238 0.009824 0.041688 0.998425
1341845825.379771 -0.442161 -0.135420 -0.131258 0.033137 0.009368 0.043703 0.998451
1341845825.411924 -0.449043 -0.129457 -0.126910 0.034963 0.008320 0.044971 0.998342
1341845825.443786 -0.454507 -0.126506 -0.126921 0.030977 0.006153 0.044575 0.998507
1341845825.480278 -0.441965 -0.137248 -0.152546 0.026944 0.000021 0.048483 0.998461
1341845825.511636 -0.463299 -0.135180 -0.156169 0.026025 -0.001525 0.050179 0.998400
1341845825.547911 -0.467547 -0.131686 -0.153997 0.024350 -0.003729 0.051506 0.998369
1341845825.579744 -0.467051 -0.138644 -0.155026 0.022972 -0.005097 0.055507 0.998181
1341845825.611784 -0.471993 -0.139149 -0.157293 0.024828 -0.006245 0.058323 0.997969
1341845825.648004 -0.469733 -0.141385 -0.158986 0.025192 -0.006514 0.056827 0.998045
1341845825.679708 -0.477089 -0.141957 -0.161395 0.026834 -0.003739 0.055896 0.998069
1341845825.711937 -0.496728 -0.131643 -0.154989 0.028137 -0.005413 0.054355 0.998110
1341845825.747617 -0.486951 -0.133043 -0.156795 0.026323 -0.008912 0.053364 0.998188
1341845825.779688 -0.494823 -0.131729 -0.153032 0.023875 -0.011124 0.050967 0.998353
1341845825.815954 -0.495428 -0.133021 -0.154198 0.021367 -0.013556 0.048158 0.998519
1341845825.847829 -0.502742 -0.133624 -0.155016 0.019753 -0.014266 0.046138 0.998638
1341845825.879767 -0.523630 -0.133023 -0.150797 0.019871 -0.014022 0.046686 0.998613
1341845825.915646 -0.524158 -0.126121 -0.154116 0.020975 -0.015278 0.047629 0.998528
1341845825.947881 -0.511182 -0.133091 -0.154101 0.018616 -0.018201 0.049361 0.998442
1341845825.979700 -0.534495 -0.129931 -0.157490 0.019356 -0.016147 0.051495 0.998355
1341845826.015845 -0.533507 -0.128054 -0.158933 0.019169 -0.017879 0.052537 0.998275
1341845826.047945 -0.515231 -0.136364 -0.157312 0.017609 -0.021406 0.053091 0.998205
1341845826.079731 -0.558746 -0.134099 -0.165917 0.019613 -0.015961 0.054137 0.998213
1341845826.115655 -0.512458 -0.133923 -0.150643 0.018877 -0.025264 0.055403 0.997966
1341845826.147949 -0.549344 -0.115711 -0.148647 0.022357 -0.017721 0.047280 0.998474
1341845826.183767 -0.518801 -0.133459 -0.163869 0.017885 -0.024147 0.046049 0.998487
1341845826.215780 -0.524154 -0.131190 -0.158730 0.017128 -0.024716 0.045884 0.998494
1341845826.247732 -0.551789 -0.132700 -0.159614 0.016998 -0.021636 0.050845 0.998327
1341845826.283763 -0.558191 -0.136443 -0.159947 0.015578 -0.023657 0.055498 0.998057
1341845826.315658 -0.574185 -0.142045 -0.176460 0.014949 -0.025333 0.056835 0.997950
1341845826.347773 -0.547998 -0.132155 -0.163340 0.014952 -0.030835 0.057394 0.997763
1341845826.383718 -0.554411 -0.136022 -0.148273 0.013254 -0.033327 0.058948 0.997617
1341845826.415712 -0.564994 -0.141508 -0.156995 0.012947 -0.033894 0.059584 0.997564
1341845826.447806 -0.569676 -0.129699 -0.145914 0.015880 -0.035537 0.057753 0.997572
1341845826.483677 -0.562480 -0.141274 -0.168015 0.013782 -0.036896 0.059543 0.997448
1341845826.515677 -0.575653 -0.137012 -0.158518 0.014395 -0.036590 0.062131 0.997293
1341845826.551684 -0.550590 -0.141694 -0.158716 0.011577 -0.040903 0.061981 0.997172
1341845826.583716 -0.560318 -0.137931 -0.162176 0.011111 -0.038909 0.059769 0.997392
1341845826.615875 -0.573983 -0.130920 -0.148929 0.011222 -0.040135 0.062512 0.997174
1341845826.651722 -0.576250 -0.126637 -0.149429 0.011896 -0.040043 0.065620 0.996970
1341845826.683753 -0.573611 -0.115781 -0.122287 0.009551 -0.042079 0.064921 0.996957
1341845826.715643 -0.594056 -0.105001 -0.102299 0.007123 -0.040254 0.058902 0.997426
1341845826.751884 -0.586467 -0.107627 -0.118852 0.003027 -0.040394 0.061268 0.997299
1341845826.783713 -0.602178 -0.107089 -0.097616 -0.000114 -0.039914 0.063071 0.997211
1341845826.819713 -0.617642 -0.096810 -0.138784 -0.002174 -0.032170 0.055696 0.997927
1341845826.851701 -0.587054 -0.130470 -0.186564 -0.011453 -0.035219 0.059081 0.997566
1341845826.884460 -0.599609 -0.125645 -0.164090 -0.011980 -0.035704 0.064763 0.997190
1341845826.945792 -0.531760 -0.107516 -0.248327 -0.016254 -0.039707 0.069265 0.996675
1341845826.981873 -0.621481 -0.107010 -0.171703 -0.023771 -0.024675 0.053161 0.997998
1341845827.013745 -0.557344 -0.073162 -0.151828 -0.020428 -0.037698 0.070003 0.996625
1341845827.045694 -0.715855 0.006974 -0.182223 -0.016796 0.001267 0.019552 0.999667
1341845827.082458 -0.712201 0.027186 -0.197244 -0.018869 0.003176 0.015620 0.999695
1341845827.113645 -0.701725 0.057565 -0.236409 -0.010929 -0.001967 0.019246 0.999753
1341845827.145773 -0.712393 -0.019325 -0.199717 -0.028902 0.002146 0.021036 0.999359
1341845827.182474 -0.682959 0.061754 -0.207529 -0.017014 0.000234 0.017569 0.999701
1341845827.213974 -0.695273 0.056814 -0.206589 -0.015707 0.002003 0.017066 0.999729
1341845827.251751 -0.696859 0.046661 -0.212403 -0.015935 0.003077 0.018093 0.999705
1341845827.313888 -0.659150 0.052686 -0.220727 -0.021906 0.002167 0.020107 0.999555
1341845827.349700 -0.689332 0.033604 -0.227511 -0.021581 0.004955 0.028481 0.999349
1341845827.381963 -0.732508 -0.042837 -0.245666 -0.034474 0.012481 0.027965 0.998936
1341845827.413850 -0.685341 0.056638 -0.205811 -0.018487 0.007746 0.016705 0.999660
1341845827.449725 -0.697429 0.015947 -0.181107 -0.026052 0.010150 0.014738 0.999500
1341845827.488394 -0.702447 0.004835 -0.170316 -0.024930 0.009240 0.017656 0.999491
1341845827.555964 -0.695577 -0.000736 -0.163442 -0.024711 0.010424 0.014099 0.999541
1341845827.623688 -0.682392 -0.015215 -0.180270 -0.023109 0.008872 0.019108 0.999511
1341845827.656212 -0.684909 0.007247 -0.172538 -0.021675 0.010687 0.012529 0.999629
1341845827.687624 -0.676865 0.003183 -0.177939 -0.024727 0.011999 0.008316 0.999588
1341845827.723697 -0.648339 -0.021824 -0.190660 -0.026621 0.008422 0.014514 0.999505
1341845827.755778 -0.664763 -0.001529 -0.179009 -0.021610 0.012902 0.016103 0.999554
1341845827.791657 -0.651047 -0.014135 -0.183473 -0.024121 0.014313 0.015277 0.999490
1341845827.823845 -0.654817 -0.016685 -0.178577 -0.024426 0.018920 0.014534 0.999417
1341845827.855606 -0.630396 -0.047678 -0.190547 -0.027127 0.016087 0.020303 0.999296
1341845827.891685 -0.645004 -0.029377 -0.185759 -0.021626 0.021993 0.017711 0.999367
1341845827.923824 -0.629505 -0.026918 -0.196162 -0.020444 0.023725 0.019443 0.999320
1341845827.959777 -0.638707 -0.013987 -0.190428 -0.017204 0.028734 0.020975 0.999219
1341845827.991672 -0.619865 -0.009911 -0.190308 -0.015322 0.028138 0.022234 0.999239
1341845828.023726 -0.604171 -0.010338 -0.184516 -0.017216 0.030421 0.021411 0.999159
1341845828.059622 -0.606554 -0.012143 -0.180928 -0.017867 0.034534 0.022255 0.998996
1341845828.091720 -0.601868 -0.016019 -0.179793 -0.018232 0.036071 0.023082 0.998916
1341845828.127612 -0.597536 -0.011706 -0.175364 -0.017894 0.037357 0.023905 0.998856
1341845828.159638 -0.594038 -0.015703 -0.177358 -0.019773 0.039814 0.023296 0.998740
1341845828.191711 -0.583703 -0.015508 -0.180204 -0.019312 0.040954 0.021275 0.998748
1341845828.227644 -0.575323 -0.024736 -0.180045 -0.020051 0.041556 0.021954 0.998694
1341845828.259785 -0.571499 -0.026846 -0.186064 -0.019830 0.043776 0.024993 0.998532
1341845828.291687 -0.567831 -0.023267 -0.178483 -0.017441 0.045062 0.027440 0.998455
1341845828.327803 -0.558641 -0.014678 -0.168707 -0.015768 0.046734 0.026911 0.998420
1341845828.359694 -0.566529 -0.023307 -0.186543 -0.018149 0.049407 0.027498 0.998235
1341845828.395928 -0.553470 -0.009104 -0.164599 -0.015180 0.050448 0.028450 0.998206
1341845828.427803 -0.533282 -0.015643 -0.163663 -0.016659 0.050716 0.028116 0.998178
1341845828.459660 -0.540204 -0.020915 -0.173812 -0.016882 0.053341 0.028129 0.998037
1341845828.495761 -0.508084 0.009641 -0.157748 -0.010894 0.050618 0.029504 0.998223
1341845828.527686 -0.518472 0.009838 -0.198063 -0.011642 0.053825 0.029179 0.998056
1341845828.595750 -0.497372 0.009046 -0.144652 -0.013492 0.054785 0.028273 0.998007
1341845828.654055 -0.503711 -0.002482 -0.169661 -0.016847 0.060472 0.028483 0.997621
1341845828.689681 -0.497576 0.011135 -0.163759 -0.013341 0.061092 0.027981 0.997651
1341845828.721870 -0.499688 -0.003435 -0.188683 -0.015898 0.061644 0.029865 0.997525
1341845828.757706 -0.491780 -0.002348 -0.187514 -0.015869 0.061891 0.031916 0.997446
1341845828.789650 -0.490323 0.006758 -0.170320 -0.013859 0.062395 0.034245 0.997368
1341845828.821914 -0.487868 0.004437 -0.184900 -0.013993 0.061095 0.036319 0.997373
1341845828.857781 -0.481973 0.004070 -0.188499 -0.014679 0.060312 0.037552 0.997365
1341845828.889770 -0.467380 0.017007 -0.161155 -0.013335 0.059162 0.037379 0.997459
1341845828.931671 -0.456506 0.031486 -0.149494 -0.010913 0.057085 0.037067 0.997621
1341845828.989696 -0.447052 0.020832 -0.146758 -0.011222 0.053684 0.037085 0.997806
1341845829.025626 -0.452316 0.016192 -0.170386 -0.011950 0.054099 0.035425 0.997835
1341845829.063840 -0.443460 0.007040 -0.182460 -0.014314 0.053545 0.033876 0.997888
1341845829.089737 -0.428167 0.023990 -0.153548 -0.012086 0.052569 0.034329 0.997954
1341845829.125754 -0.441515 0.010268 -0.180355 -0.014180 0.054979 0.033544 0.997823
1341845829.158048 -0.447089 0.001837 -0.195099 -0.014612 0.057953 0.033295 0.997657
1341845829.193669 -0.444798 -0.003314 -0.188938 -0.013399 0.059638 0.035317 0.997505
1341845829.225742 -0.436449 0.009494 -0.186659 -0.007881 0.058803 0.035597 0.997604
1341845829.257763 -0.400461 0.017364 -0.166602 -0.004896 0.053668 0.035852 0.997903
1341845829.293851 -0.390210 0.018695 -0.165229 -0.002192 0.052252 0.035658 0.997995
1341845829.325861 -0.378146 0.026445 -0.173860 0.000530 0.049765 0.032143 0.998243
1341845829.357901 -0.384856 0.018549 -0.168328 0.002557 0.048130 0.031416 0.998344
1341845829.393704 -0.369571 0.022168 -0.172503 0.004879 0.046021 0.029970 0.998479
1341845829.425831 -0.367902 0.023527 -0.177582 0.004677 0.045108 0.027962 0.998580
1341845829.461720 -0.356404 0.018114 -0.181495 0.004605 0.041746 0.029429 0.998684
1341845829.493662 -0.362338 0.018722 -0.163586 0.010081 0.041150 0.030671 0.998631
1341845829.525846 -0.339885 0.020293 -0.196230 0.010709 0.036778 0.030586 0.998798
1341845829.561864 -0.332797 0.013857 -0.208587 0.006829 0.036458 0.028482 0.998906
1341845829.593763 -0.330285 0.014550 -0.192485 0.006797 0.037835 0.028357 0.998858
1341845829.625785 -0.333311 0.019965 -0.167307 0.012433 0.036972 0.028326 0.998837
1341845829.661787 -0.322463 0.018389 -0.187160 0.013613 0.033870 0.028985 0.998913
1341845829.693835 -0.314027 0.011976 -0.216532 0.009881 0.035170 0.027174 0.998963
1341845829.729747 -0.310515 0.013873 -0.195711 0.008046 0.036787 0.021592 0.999057
1341845829.761817 -0.315731 0.011673 -0.189867 0.011341 0.032140 0.020712 0.999204
1341845829.793840 -0.314352 0.014334 -0.169413 0.013309 0.028809 0.019295 0.999310
1341845829.829803 -0.309554 0.013574 -0.177932 0.013471 0.030005 0.015286 0.999342
1341845829.861640 -0.308490 0.008176 -0.202772 0.011677 0.027401 0.013780 0.999461
1341845829.897840 -0.304399 0.004564 -0.170581 0.012751 0.022509 0.016609 0.999527
1341845829.929703 -0.299761 0.023975 -0.161804 0.018648 0.023581 0.016529 0.999411
1341845829.962023 -0.301435 0.021046 -0.186264 0.016754 0.025009 0.017730 0.999390
1341845829.997954 -0.280972 0.025460 -0.185354 0.020325 0.018187 0.022266 0.999380
1341845830.029819 -0.291968 0.029335 -0.155581 0.026779 0.020679 0.018786 0.999251
1341845830.061836 -0.311840 0.010153 -0.209501 0.023680 0.025507 0.017586 0.999239
1341845830.097885 -0.282845 0.006475 -0.188061 0.021538 0.022693 0.018940 0.999331
1341845830.129668 -0.290043 0.003191 -0.152424 0.026038 0.024080 0.020256 0.999166
1341845830.165590 -0.299059 0.007381 -0.159951 0.028623 0.024159 0.020559 0.999087
1341845830.197779 -0.259957 -0.017888 -0.201606 0.024057 0.013578 0.028709 0.999206
1341845830.229883 -0.297706 0.011426 -0.216269 0.032138 0.021002 0.026566 0.998910
1341845830.265730 -0.301195 0.002297 -0.241357 0.028677 0.022424 0.027558 0.998957
1341845830.297873 -0.241501 0.020210 -0.204729 0.031783 0.010715 0.032863 0.998897
1341845830.329863 -0.266807 0.026891 -0.180129 0.035309 0.014833 0.031755 0.998762
1341845830.365740 -0.281875 -0.000113 -0.249419 0.030908 0.017331 0.031584 0.998873
1341845830.397779 -0.276437 0.013855 -0.211235 0.032114 0.015288 0.030999 0.998886
1341845830.433725 -0.272221 0.005153 -0.227841 0.031588 0.017037 0.027361 0.998981
1341845830.465762 -0.242724 0.030143 -0.183826 0.035818 0.014354 0.027389 0.998880
1341845830.507859 -0.231285 0.024825 -0.189348 0.036740 0.011029 0.029795 0.998820
1341845830.565943 -0.230121 0.016688 -0.218142 0.036440 0.018408 0.026784 0.998807
1341845830.597841 -0.231280 0.011142 -0.218382 0.035442 0.017724 0.029093 0.998791
1341845830.633627 -0.194950 0.027829 -0.168001 0.039386 0.013965 0.031074 0.998643
1341845830.665700 -0.198134 0.024463 -0.198935 0.039173 0.016834 0.028878 0.998673
1341845830.701788 -0.180034 0.028396 -0.194303 0.038853 0.016239 0.028224 0.998714
1341845830.733901 -0.172108 0.023742 -0.197954 0.036116 0.018602 0.023896 0.998889
1341845830.765759 -0.164893 0.023496 -0.203674 0.034155 0.020447 0.020835 0.998990
1341845830.801839 -0.165360 0.019906 -0.186073 0.033144 0.024506 0.019948 0.998951
1341845830.833774 -0.154948 0.019570 -0.182198 0.034792 0.025470 0.018986 0.998890
1341845830.865751 -0.153507 0.023229 -0.199038 0.035730 0.026661 0.016990 0.998861
1341845830.901883 -0.145802 0.019616 -0.204050 0.033772 0.029175 0.014086 0.998904
1341845830.933811 -0.136184 0.018628 -0.188870 0.034584 0.029831 0.013584 0.998864
1341845830.969705 -0.141461 0.015437 -0.216466 0.035188 0.030347 0.012554 0.998841
1341845831.001855 -0.133176 0.018742 -0.215991 0.033920 0.029633 0.009833 0.998937
1341845831.033886 -0.119786 0.014424 -0.217625 0.032527 0.029698 0.007439 0.999002
1341845831.069727 -0.109544 0.024835 -0.195761 0.034888 0.029666 0.006958 0.998927
1341845831.101853 -0.104780 0.025104 -0.198318 0.035145 0.029578 0.007303 0.998918
1341845831.137817 -0.090082 0.017949 -0.231088 0.032954 0.030580 0.006397 0.998968
1341845831.169942 -0.092423 0.021026 -0.212311 0.032714 0.032779 0.004865 0.998915
1341845831.201715 -0.082921 0.016644 -0.205959 0.034120 0.031097 0.007108 0.998909
1341845831.237723 -0.077861 0.028127 -0.197250 0.038027 0.031215 0.007166 0.998763
1341845831.269903 -0.079059 0.023621 -0.212662 0.036637 0.031556 0.006522 0.998809
1341845831.301755 -0.078627 0.021974 -0.209006 0.035877 0.029204 0.006260 0.998910
1341845831.337779 -0.078790 0.019417 -0.203130 0.036484 0.026392 0.006065 0.998967
1341845831.369742 -0.074291 0.027297 -0.193464 0.038332 0.023457 0.004838 0.998978
1341845831.405710 -0.042667 0.015331 -0.246692 0.035257 0.019237 0.004375 0.999184
1341845831.437646 -0.031813 0.012853 -0.246472 0.033937 0.020427 0.002626 0.999212
1341845831.469752 -0.034192 0.008328 -0.247826 0.034802 0.021137 0.003627 0.999164
1341845831.505745 -0.022785 0.014810 -0.248282 0.035822 0.019434 0.002328 0.999166
1341845831.537844 -0.006062 0.022197 -0.249094 0.032680 0.021186 -0.004879 0.999229
1341845831.569610 -0.007312 0.017849 -0.247989 0.030692 0.024428 -0.002246 0.999228
1341845831.605848 -0.010195 0.020514 -0.218202 0.030852 0.025705 -0.002019 0.999191
1341845831.637789 0.006041 0.042308 -0.220514 0.032650 0.025314 -0.002640 0.999143
1341845831.673597 0.024601 0.046586 -0.219485 0.027897 0.026677 -0.004440 0.999245
1341845831.705652 0.017331 0.025707 -0.235376 0.022470 0.032663 -0.001746 0.999212
1341845831.737705 0.027428 0.027030 -0.229285 0.023067 0.033996 0.002865 0.999152
1341845831.773629 0.041195 0.027584 -0.253552 0.022353 0.034130 0.007196 0.999141
1341845831.805810 0.041390 0.025734 -0.259555 0.018937 0.037991 0.005994 0.999081
1341845831.837719 0.050902 0.027265 -0.267572 0.016946 0.037341 0.009159 0.999117
1341845831.873791 0.057478 0.030482 -0.249202 0.016178 0.037165 0.008857 0.999139
1341845831.905728 0.078545 0.034650 -0.293136 0.014813 0.036219 0.011278 0.999170
1341845831.941628 0.067590 0.025428 -0.264798 0.010721 0.042120 0.004557 0.999045
1341845831.973784 0.079269 0.030747 -0.248480 0.011199 0.043229 0.004290 0.998993
1341845832.005729 0.087238 0.029564 -0.259667 0.011387 0.044582 0.003420 0.998935
1341845832.041627 0.099722 0.036493 -0.273180 0.011556 0.046878 0.001938 0.998832
1341845832.073865 0.101834 0.033180 -0.276928 0.009742 0.049686 -0.000089 0.998717
1341845832.109730 0.097378 0.042628 -0.237838 0.011809 0.050965 0.000289 0.998631
1341845832.141683 0.104329 0.041647 -0.239137 0.013019 0.050066 0.001236 0.998660
1341845832.173988 0.107472 0.041549 -0.272294 0.012002 0.051947 -0.000648 0.998578
1341845832.209956 0.107901 0.045094 -0.244370 0.011905 0.050968 -0.000404 0.998629
1341845832.241796 0.112838 0.042308 -0.257221 0.011960 0.048999 0.000362 0.998727
1341845832.273776 0.131579 0.045231 -0.282227 0.010824 0.047804 0.000068 0.998798
1341845832.309916 0.124759 0.045247 -0.289625 0.008184 0.050556 -0.002436 0.998685
1341845832.341687 0.136266 0.053278 -0.250190 0.007393 0.048140 -0.000531 0.998813
1341845832.377708 0.142719 0.055094 -0.273986 0.007019 0.046868 0.000647 0.998876
1341845832.409802 0.159411 0.060599 -0.259568 0.005530 0.044304 0.001996 0.999001
1341845832.442187 0.173699 0.061319 -0.253873 0.004315 0.041995 0.002627 0.999105
1341845832.477743 0.153853 0.060414 -0.274952 0.003340 0.046049 0.001732 0.998932
1341845832.509635 0.158570 0.061253 -0.277407 0.002083 0.045306 -0.000146 0.998971
1341845832.541586 0.164938 0.034205 -0.309659 -0.004102 0.046769 0.001037 0.998897
1341845832.577871 0.177319 0.066611 -0.273557 0.001813 0.044842 0.001516 0.998991
1341845832.609738 0.186857 0.065975 -0.264071 0.001157 0.043502 0.002579 0.999049
1341845832.645699 0.185976 0.072903 -0.275855 0.001658 0.045110 0.001698 0.998979
1341845832.677817 0.180232 0.063841 -0.311452 -0.001855 0.046641 0.001252 0.998909
1341845832.710177 0.192426 0.068079 -0.287743 -0.002567 0.046978 0.002058 0.998890
1341845832.745710 0.202863 0.076524 -0.272645 -0.001547 0.046198 0.004147 0.998922
1341845832.777849 0.216563 0.067146 -0.254698 -0.005070 0.046261 0.007431 0.998889
1341845832.810110 0.208410 0.077043 -0.274170 -0.003836 0.049726 0.007271 0.998729
1341845832.845797 0.213175 0.078517 -0.274473 -0.005186 0.051615 0.007370 0.998626
1341845832.877696 0.228844 0.076367 -0.259532 -0.006242 0.051129 0.010314 0.998619
1341845832.913787 0.224211 0.078411 -0.271312 -0.005524 0.052760 0.010663 0.998535
1341845832.945664 0.227838 0.079334 -0.267002 -0.006563 0.054603 0.007467 0.998459
1341845832.978015 0.233122 0.078823 -0.274112 -0.007375 0.054787 0.010460 0.998416
1341845833.045857 0.254240 0.064958 -0.316105 -0.010383 0.054072 0.008764 0.998445
1341845833.077785 0.262363 0.069479 -0.294346 -0.011393 0.055798 0.007960 0.998345
1341845833.113636 0.269384 0.060199 -0.314552 -0.012167 0.056790 0.008871 0.998273
1341845833.145767 0.270010 0.063222 -0.282402 -0.013137 0.059438 0.006591 0.998124
1341845833.181891 0.303024 0.066724 -0.335648 -0.015642 0.059057 0.008494 0.998096
1341845833.213878 0.299160 0.059999 -0.307117 -0.018094 0.059990 0.007028 0.998010
1341845833.245714 0.274722 0.054323 -0.329190 -0.016893 0.063476 0.007871 0.997809
1341845833.281847 0.287236 0.053537 -0.330689 -0.013707 0.063169 0.009218 0.997866
1341845833.313771 0.311758 0.067702 -0.346561 -0.008869 0.062547 0.011242 0.997939
1341845833.349756 0.308397 0.068784 -0.329939 -0.010440 0.064685 0.010399 0.997797
1341845833.381840 0.331367 0.063337 -0.355055 -0.011284 0.065414 0.011922 0.997723
1341845833.414644 0.341003 0.062841 -0.380305 -0.012032 0.067093 0.009938 0.997625
1341845833.449819 0.334216 0.065569 -0.346476 -0.012367 0.068142 0.010664 0.997542
1341845833.488616 0.344380 0.063733 -0.348566 -0.011199 0.067477 0.012608 0.997578
1341845833.549835 0.354776 0.061562 -0.380111 -0.014457 0.067015 0.012543 0.997568
1341845833.581733 0.351831 0.070113 -0.342496 -0.010354 0.066273 0.010229 0.997695
1341845833.617817 0.364595 0.074113 -0.366249 -0.009347 0.063963 0.013559 0.997816
1341845833.649899 0.370806 0.063017 -0.421229 -0.012792 0.062176 0.013413 0.997893
1341845833.681671 0.358015 0.066708 -0.344828 -0.012565 0.065077 0.012038 0.997728
1341845833.717606 0.352292 0.077298 -0.342915 -0.009750 0.064398 0.013656 0.997783
1341845833.752940 0.357636 0.060280 -0.420201 -0.014419 0.060655 0.014038 0.997956
1341845833.817827 0.358752 0.065366 -0.366451 -0.017194 0.062505 0.012346 0.997820
1341845833.849860 0.362156 0.074147 -0.334358 -0.015666 0.061210 0.012931 0.997918
1341845833.885667 0.367357 0.073148 -0.344394 -0.015316 0.061910 0.011506 0.997898
1341845833.917724 0.361433 0.068820 -0.371060 -0.017891 0.063524 0.010883 0.997761
1341845833.949675 0.367183 0.069088 -0.339385 -0.017612 0.062003 0.011840 0.997850
1341845833.985662 0.372224 0.073719 -0.341101 -0.014869 0.062697 0.011303 0.997858
1341845834.018158 0.363875 0.056553 -0.410886 -0.019612 0.064098 0.010070 0.997700
1341845834.049769 0.357824 0.069393 -0.342896 -0.019454 0.064413 0.008181 0.997700
1341845834.085753 0.362192 0.070264 -0.343667 -0.019028 0.063611 0.006179 0.997774
1341845834.153871 0.352991 0.068734 -0.350017 -0.021089 0.066014 0.005181 0.997582
1341845834.185736 0.350589 0.070916 -0.341985 -0.021532 0.066965 0.003485 0.997517
1341845834.217802 0.339594 0.070707 -0.371283 -0.022291 0.067343 0.002296 0.997478
1341845834.253824 0.329083 0.078929 -0.345874 -0.025352 0.068327 -0.000406 0.997341
1341845834.285756 0.330478 0.059037 -0.402369 -0.029973 0.064301 -0.000052 0.997480
1341845834.321783 0.329764 0.061983 -0.337167 -0.027883 0.065088 -0.000811 0.997490
1341845834.355135 0.327573 0.062130 -0.324006 -0.022201 0.065138 0.002995 0.997625
1341845834.385801 0.317096 0.072373 -0.337019 -0.017586 0.066563 0.002729 0.997624
1341845834.421748 0.316937 0.072797 -0.343157 -0.018051 0.066347 0.001679 0.997632
1341845834.453840 0.325559 0.068229 -0.370778 -0.019006 0.061903 0.000311 0.997901
1341845834.485639 0.306009 0.066619 -0.355224 -0.019643 0.063113 -0.001997 0.997811
1341845834.521785 0.300266 0.072974 -0.335168 -0.018310 0.063412 -0.004611 0.997809
1341845834.553727 0.294600 0.073052 -0.341441 -0.018575 0.063439 -0.003865 0.997805
1341845834.589787 0.274434 0.064649 -0.340913 -0.019638 0.063038 -0.003644 0.997811
1341845834.621791 0.277172 0.070473 -0.338848 -0.017391 0.059666 -0.003192 0.998062
1341845834.653808 0.270704 0.045855 -0.427222 -0.022737 0.059840 -0.005927 0.997931
1341845834.689847 0.261279 0.046812 -0.422523 -0.025750 0.060154 -0.009742 0.997809
1341845834.721856 0.222667 0.046568 -0.356448 -0.026371 0.062013 -0.012322 0.997651
1341845834.753919 0.231053 0.052533 -0.334788 -0.023288 0.058468 -0.010989 0.997957
1341845834.789834 0.238153 0.041408 -0.417886 -0.023474 0.055110 -0.010037 0.998154
1341845834.821826 0.226732 0.044766 -0.408425 -0.023945 0.055755 -0.009787 0.998109
1341845834.857804 0.208230 0.046565 -0.382196 -0.024273 0.055131 -0.010598 0.998128
1341845834.889796 0.195747 0.043000 -0.384222 -0.024841 0.054419 -0.012229 0.998134
1341845834.921771 0.202808 0.037558 -0.401552 -0.024711 0.050284 -0.011114 0.998367
1341845834.957942 0.176042 0.047541 -0.364938 -0.022871 0.050720 -0.011979 0.998379
1341845834.989806 0.174080 0.042014 -0.378175 -0.023006 0.046960 -0.012652 0.998552
1341845835.021804 0.158886 0.044988 -0.362090 -0.021449 0.045703 -0.011961 0.998653
1341845835.058003 0.155151 0.046226 -0.359130 -0.019236 0.042992 -0.011695 0.998822
1341845835.089820 0.138043 0.049042 -0.356139 -0.017785 0.041953 -0.011120 0.998899
1341845835.125663 0.128760 0.053574 -0.364370 -0.017469 0.038789 -0.010893 0.999035
1341845835.157750 0.132898 0.050124 -0.368313 -0.019265 0.034082 -0.011527 0.999167
1341845835.189830 0.119332 0.050560 -0.344039 -0.016661 0.032135 -0.010815 0.999286
1341845835.225912 0.104311 0.048345 -0.342477 -0.014031 0.030451 -0.009503 0.999393
1341845835.258001 0.102021 0.067411 -0.348129 -0.009916 0.028505 -0.012059 0.999472
1341845835.290164 0.081281 0.055412 -0.365130 -0.012831 0.029292 -0.012531 0.999410
1341845835.325788 0.053591 0.046577 -0.335809 -0.013292 0.028413 -0.014284 0.999406
1341845835.363902 0.032434 0.045275 -0.336446 -0.012242 0.029843 -0.015921 0.999353
1341845835.431742 -0.010410 0.049933 -0.348628 -0.011471 0.028597 -0.018838 0.999348
1341845835.493790 -0.055948 0.056836 -0.322740 -0.006898 0.029617 -0.020623 0.999325
1341845835.527633 -0.059861 0.047363 -0.360217 -0.007882 0.025873 -0.018296 0.999467
1341845835.561788 -0.089611 0.051941 -0.345788 -0.008831 0.025972 -0.018927 0.999444
1341845835.594173 -0.095590 0.052710 -0.328777 -0.009788 0.026085 -0.019958 0.999413
1341845835.625859 -0.123227 0.042883 -0.305207 -0.009101 0.028552 -0.022637 0.999295
1341845835.661923 -0.137869 0.044949 -0.305407 -0.004746 0.026371 -0.017931 0.999480
1341845835.693994 -0.128227 0.048985 -0.301378 -0.002291 0.023456 -0.015492 0.999602
1341845835.725724 -0.138939 0.053848 -0.291044 0.000386 0.025183 -0.017462 0.999530
1341845835.761816 -0.171196 0.035420 -0.294777 -0.000139 0.026577 -0.015365 0.999529
1341845835.793927 -0.166344 0.044597 -0.293265 0.002970 0.023130 -0.013883 0.999632
1341845835.829809 -0.166469 0.049341 -0.293959 0.002883 0.023029 -0.015031 0.999618
1341845835.868224 -0.189755 0.036577 -0.294435 0.001845 0.025055 -0.013793 0.999589
1341845835.903857 -0.186876 0.043066 -0.301776 0.005600 0.019692 -0.010325 0.999737
1341845835.935727 -0.189737 0.046977 -0.295178 0.006276 0.019159 -0.011227 0.999734
1341845835.967812 -0.193337 0.044131 -0.292549 0.006649 0.020700 -0.011327 0.999699
1341845836.003789 -0.199855 0.042739 -0.299652 0.010104 0.019393 -0.007790 0.999731
1341845836.035920 -0.204831 0.047671 -0.296792 0.013106 0.018823 -0.008117 0.999704
1341845836.067671 -0.207400 0.050830 -0.294701 0.013632 0.020242 -0.009527 0.999657
1341845836.104034 -0.192928 0.056661 -0.308836 0.016740 0.015233 -0.007984 0.999712
1341845836.135769 -0.210670 0.057884 -0.305372 0.018457 0.013386 -0.007927 0.999709
1341845836.172097 -0.215698 0.056315 -0.316445 0.017212 0.011444 -0.009057 0.999745
1341845836.203642 -0.218151 0.050373 -0.317476 0.015364 0.012475 -0.009370 0.999760
1341845836.235687 -0.220376 0.050123 -0.313073 0.017779 0.010575 -0.008217 0.999752
1341845836.271774 -0.234873 0.051015 -0.303824 0.020098 0.007894 -0.006674 0.999745
1341845836.303797 -0.229997 0.051402 -0.324304 0.020668 0.005286 -0.005427 0.999758
1341845836.335742 -0.232695 0.056608 -0.306113 0.019763 0.007094 -0.005724 0.999763
1341845836.372549 -0.233689 0.059701 -0.326161 0.023768 0.008079 -0.001522 0.999684
1341845836.403992 -0.242549 0.038003 -0.300481 0.021106 0.008652 -0.000145 0.999740
1341845836.435705 -0.237324 0.060663 -0.310493 0.026552 0.009418 0.001386 0.999602
1341845836.471817 -0.242940 0.071402 -0.310066 0.028706 0.012602 0.000671 0.999508
1341845836.503945 -0.249434 0.053673 -0.318173 0.025507 0.012492 0.002201 0.999594
1341845836.539832 -0.252664 0.050807 -0.319095 0.024848 0.010969 0.002578 0.999628
1341845836.571973 -0.260464 0.062376 -0.332109 0.026727 0.012118 0.003705 0.999562
1341845836.604373 -0.269590 0.071192 -0.319614 0.026381 0.013114 0.002590 0.999563
1341845836.639724 -0.268259 0.064542 -0.308778 0.024190 0.011930 0.001618 0.999635
1341845836.672049 -0.270272 0.072423 -0.314851 0.028773 0.011606 -0.000140 0.999519
1341845836.704020 -0.269883 0.055595 -0.323135 0.028583 0.011297 0.001301 0.999527
1341845836.739779 -0.277671 -0.028210 -0.307784 0.017884 0.011530 -0.002133 0.999771
1341845836.771652 -0.277079 -0.040115 -0.307646 0.025145 0.011812 -0.001303 0.999613
1341845836.803601 -0.284709 -0.041599 -0.309154 0.031080 0.013760 0.000071 0.999422
1341845836.839643 -0.284375 -0.035304 -0.310139 0.036298 0.011438 0.002216 0.999273
1341845836.871771 -0.283354 -0.048266 -0.307820 0.037946 0.010186 0.002133 0.999226
1341845836.907663 -0.255743 -0.046611 -0.300436 0.039979 0.007474 0.005737 0.999156
1341845836.939824 -0.292092 -0.062335 -0.307243 0.039402 0.014696 0.006205 0.999096
1341845836.971802 -0.290871 -0.060576 -0.307537 0.041770 0.013363 0.005772 0.999021
1341845837.007714 -0.321725 -0.098427 -0.308915 0.031472 0.023267 0.002366 0.999231
1341845837.039752 -0.318749 -0.116575 -0.361119 0.027705 0.027177 0.005398 0.999232
1341845837.071715 -0.322626 -0.131675 -0.360852 0.031156 0.027598 0.004879 0.999122
1341845837.107691 -0.324848 -0.130121 -0.359797 0.033183 0.029341 0.005787 0.999002
1341845837.139763 -0.314399 -0.143418 -0.359848 0.032975 0.031536 0.005807 0.998942
1341845837.171636 -0.316296 -0.157917 -0.363151 0.035475 0.033223 0.002255 0.998816
1341845837.207675 -0.325649 -0.151838 -0.355036 0.036298 0.031771 -0.001641 0.998835
1341845837.239749 -0.314431 -0.164331 -0.362342 0.034290 0.029830 -0.006113 0.998948
1341845837.275755 -0.318305 -0.184447 -0.357921 0.033757 0.032294 -0.009953 0.998859
1341845837.307686 -0.327187 -0.200261 -0.357326 0.037221 0.032453 -0.006361 0.998760
1341845837.339628 -0.320476 -0.201064 -0.348892 0.042641 0.029020 -0.004987 0.998656
1341845837.375710 -0.303251 -0.187635 -0.355046 0.050412 0.027685 -0.007183 0.998319
1341845837.407709 -0.276491 -0.167914 -0.362014 0.053920 0.027532 -0.004395 0.998156
1341845837.439656 -0.309235 -0.208550 -0.366559 0.040594 0.034652 -0.012478 0.998497
1341845837.475671 -0.317800 -0.226469 -0.355378 0.037249 0.037355 -0.014862 0.998497
1341845837.507973 -0.304038 -0.230605 -0.370984 0.037428 0.039458 -0.014824 0.998410
1341845837.543708 -0.319312 -0.242543 -0.367843 0.032495 0.045580 -0.018033 0.998269
1341845837.575706 -0.317070 -0.253530 -0.356012 0.031252 0.047153 -0.020546 0.998187
1341845837.607609 -0.314973 -0.260309 -0.356677 0.032247 0.049247 -0.022397 0.998015
1341845837.643704 -0.315435 -0.269756 -0.356594 0.033521 0.051753 -0.024775 0.997790
1341845837.675706 -0.314487 -0.277535 -0.359012 0.035929 0.053035 -0.026466 0.997595
1341845837.711803 -0.313454 -0.278365 -0.363603 0.037779 0.054808 -0.028184 0.997384
1341845837.743935 -0.310442 -0.288008 -0.363491 0.037318 0.057048 -0.029760 0.997230
1341845837.775698 -0.309203 -0.295404 -0.360904 0.039483 0.059183 -0.030032 0.997014
1341845837.811909 -0.308988 -0.295656 -0.371084 0.039732 0.062107 -0.030810 0.996802
1341845837.843915 -0.305875 -0.298568 -0.369330 0.037648 0.064202 -0.032124 0.996709
1341845837.879790 -0.305898 -0.297557 -0.360612 0.040608 0.066694 -0.031288 0.996456
1341845837.911946 -0.308963 -0.296866 -0.360256 0.045955 0.067346 -0.028880 0.996252
1341845837.946188 -0.312129 -0.290390 -0.360940 0.048584 0.067478 -0.027978 0.996144
1341845837.979709 -0.288512 -0.302226 -0.358307 0.045597 0.067555 -0.030427 0.996209
1341845838.041927 -0.305571 -0.304551 -0.350974 0.039527 0.073848 -0.035612 0.995849
1341845838.073905 -0.304692 -0.329255 -0.362231 0.037148 0.073097 -0.035944 0.995984
1341845838.105792 -0.307739 -0.329403 -0.352434 0.039611 0.074585 -0.035236 0.995804
1341845838.141667 -0.309288 -0.337801 -0.363602 0.038189 0.074682 -0.035784 0.995833
1341845838.173678 -0.304631 -0.341769 -0.361409 0.035046 0.075029 -0.040812 0.995729
1341845838.205767 -0.314059 -0.357107 -0.349256 0.028006 0.078668 -0.046109 0.995440
1341845838.241893 -0.301019 -0.341224 -0.353474 0.024257 0.079861 -0.047855 0.995361
1341845838.273791 -0.309828 -0.354006 -0.347907 0.022263 0.079821 -0.049912 0.995310
1341845838.309852 -0.311570 -0.356030 -0.343431 0.022481 0.077605 -0.050104 0.995471
1341845838.341805 -0.311694 -0.369150 -0.346915 0.020982 0.076159 -0.046959 0.995768
1341845838.373872 -0.307774 -0.372609 -0.344143 0.022904 0.075782 -0.045979 0.995800
1341845838.409713 -0.310958 -0.372416 -0.354369 0.023695 0.075799 -0.044340 0.995855
1341845838.441818 -0.306661 -0.368228 -0.350987 0.022198 0.074946 -0.042505 0.996034
1341845838.473754 -0.303129 -0.373556 -0.344061 0.019754 0.075037 -0.044599 0.995987
1341845838.509713 -0.303624 -0.388977 -0.347257 0.017333 0.076394 -0.046488 0.995843
1341845838.541649 -0.307796 -0.394062 -0.340059 0.017770 0.076412 -0.047025 0.995808
1341845838.577804 -0.307396 -0.398722 -0.346481 0.020524 0.076115 -0.049959 0.995635
1341845838.609807 -0.303529 -0.398060 -0.347801 0.023150 0.077541 -0.052438 0.995340
1341845838.641690 -0.305726 -0.397796 -0.349079 0.025221 0.079641 -0.052855 0.995102
1341845838.677850 -0.311178 -0.400244 -0.342279 0.025381 0.080602 -0.053500 0.994986
1341845838.709635 -0.300429 -0.397906 -0.352424 0.025557 0.079923 -0.055081 0.994950
1341845838.745913 -0.282756 -0.383015 -0.355561 0.022294 0.081854 -0.057633 0.994727
1341845838.777723 -0.273675 -0.388487 -0.367332 0.018485 0.082731 -0.054987 0.994882
1341845838.809656 -0.256307 -0.365239 -0.317777 0.018594 0.079604 -0.058583 0.994930
1341845838.845874 -0.257808 -0.361174 -0.307287 0.019664 0.079542 -0.058668 0.994909
1341845838.877695 -0.257970 -0.400325 -0.377377 0.011112 0.083422 -0.055396 0.994911
1341845838.909636 -0.253525 -0.390584 -0.342479 0.008496 0.085795 -0.062986 0.994284
1341845838.945837 -0.240454 -0.373212 -0.314096 0.011579 0.084417 -0.062837 0.994380
1341845838.977758 -0.232015 -0.372782 -0.316073 0.013622 0.083505 -0.061106 0.994539
1341845839.013907 -0.240298 -0.392648 -0.338233 0.011567 0.086116 -0.062912 0.994230
1341845839.046225 -0.233484 -0.381639 -0.339692 0.012174 0.087515 -0.064808 0.993978
1341845839.077750 -0.250407 -0.374882 -0.336402 0.010676 0.088013 -0.067435 0.993777
1341845839.113934 -0.239831 -0.386844 -0.334656 0.011044 0.084728 -0.064673 0.994242
1341845839.145852 -0.240505 -0.396030 -0.337918 0.012194 0.084757 -0.062732 0.994350
1341845839.177741 -0.233458 -0.408393 -0.341864 0.009521 0.084769 -0.062023 0.994423
1341845839.214000 -0.230776 -0.415214 -0.337903 0.009826 0.086311 -0.063074 0.994221
1341845839.246198 -0.233705 -0.420824 -0.342753 0.011760 0.088813 -0.061636 0.994070
1341845839.281774 -0.226499 -0.405872 -0.341914 0.014656 0.089503 -0.059891 0.994076
1341845839.314004 -0.220887 -0.420510 -0.355937 0.013183 0.091715 -0.062551 0.993731
1341845839.345945 -0.225297 -0.421615 -0.355265 0.014332 0.093895 -0.062874 0.993491
1341845839.381741 -0.227300 -0.420839 -0.348139 0.016201 0.093727 -0.059071 0.993712
1341845839.413801 -0.216621 -0.427693 -0.356341 0.018320 0.093474 -0.056828 0.993830
1341845839.445714 -0.216820 -0.408956 -0.357179 0.022523 0.095716 -0.057706 0.993479
1341845839.481741 -0.213466 -0.422074 -0.390696 0.019789 0.096298 -0.057014 0.993521
1341845839.514001 -0.209923 -0.418360 -0.364573 0.018944 0.097971 -0.058288 0.993300
1341845839.549791 -0.208702 -0.411228 -0.354766 0.022424 0.099272 -0.057902 0.993121
1341845839.587666 -0.218499 -0.418170 -0.374998 0.021874 0.100238 -0.056904 0.993094
1341845839.681817 -0.223535 -0.437704 -0.384146 0.018068 0.102860 -0.059013 0.992779
1341845839.713876 -0.199858 -0.406032 -0.356095 0.022138 0.099987 -0.057860 0.993058
1341845839.749808 -0.207004 -0.421276 -0.374720 0.019858 0.102102 -0.057552 0.992909
1341845839.781785 -0.197867 -0.400231 -0.365931 0.021608 0.101263 -0.056562 0.993015
1341845839.817825 -0.202409 -0.423983 -0.385604 0.016634 0.100022 -0.056665 0.993231
1341845839.849994 -0.198308 -0.400379 -0.367912 0.018532 0.099935 -0.056743 0.993202
1341845839.881829 -0.199674 -0.409223 -0.398739 0.015771 0.099013 -0.057115 0.993321
1341845839.917855 -0.220441 -0.387573 -0.355276 0.015014 0.100605 -0.058329 0.993102
1341845839.950283 -0.226183 -0.377121 -0.353902 0.014656 0.098938 -0.058581 0.993260
1341845839.985757 -0.224442 -0.404574 -0.355977 0.006915 0.096522 -0.057977 0.993617
1341845840.017660 -0.225788 -0.335180 -0.358301 0.015619 0.096050 -0.061119 0.993376
1341845840.049741 -0.234306 -0.439317 -0.342273 -0.010443 0.095216 -0.059912 0.993597
1341845840.085650 -0.242398 -0.415211 -0.334459 -0.008888 0.093777 -0.060018 0.993743
1341845840.117698 -0.241089 -0.406420 -0.324448 -0.010339 0.092159 -0.058150 0.993991
1341845840.149796 -0.241676 -0.381149 -0.317609 -0.010790 0.091498 -0.058279 0.994040
1341845840.186069 -0.240276 -0.379807 -0.341971 -0.014297 0.090592 -0.059313 0.994017
1341845840.217657 -0.239034 -0.379064 -0.337611 -0.019219 0.091100 -0.060117 0.993840
1341845840.253694 -0.252932 -0.404604 -0.355576 -0.026138 0.090694 -0.055876 0.993966
1341845840.285914 -0.251090 -0.393608 -0.349772 -0.027299 0.087504 -0.054869 0.994277
1341845840.317753 -0.250714 -0.387875 -0.348711 -0.029705 0.085863 -0.053514 0.994425
1341845840.353861 -0.249939 -0.386187 -0.351044 -0.031993 0.085697 -0.052688 0.994413
1341845840.385775 -0.251653 -0.391313 -0.367923 -0.035860 0.086136 -0.053805 0.994183
1341845840.417676 -0.262056 -0.359090 -0.364707 -0.034787 0.086511 -0.056569 0.994035
1341845840.453598 -0.255157 -0.348213 -0.348604 -0.035892 0.084782 -0.055374 0.994212
1341845840.485943 -0.249228 -0.339355 -0.336014 -0.036217 0.084391 -0.054652 0.994273
1341845840.521810 -0.258171 -0.331070 -0.339761 -0.036916 0.084925 -0.054128 0.994231
1341845840.553677 -0.261994 -0.326078 -0.337999 -0.039222 0.083362 -0.053014 0.994335
1341845840.585765 -0.255093 -0.320728 -0.325302 -0.040274 0.081510 -0.054038 0.994391
1341845840.621850 -0.266325 -0.315502 -0.334030 -0.041221 0.082633 -0.056107 0.994145
1341845840.653789 -0.277320 -0.284985 -0.354555 -0.038844 0.082733 -0.060408 0.993981
1341845840.685850 -0.275463 -0.288195 -0.333410 -0.040976 0.081677 -0.062584 0.993848
1341845840.721832 -0.294794 -0.294117 -0.318933 -0.040758 0.083119 -0.064871 0.993590
1341845840.753824 -0.308534 -0.293224 -0.315940 -0.038588 0.081062 -0.061695 0.994049
1341845840.789783 -0.280860 -0.300457 -0.305447 -0.038859 0.075586 -0.057921 0.994697
1341845840.821733 -0.273642 -0.295734 -0.305577 -0.037525 0.075747 -0.060532 0.994580
1341845840.853661 -0.291601 -0.285488 -0.309563 -0.036219 0.078476 -0.059121 0.994502
1341845840.889737 -0.289631 -0.293852 -0.316209 -0.038218 0.076430 -0.057046 0.994708
1341845840.921786 -0.297581 -0.284941 -0.320898 -0.037691 0.078258 -0.060595 0.994376
1341845840.957782 -0.294486 -0.285357 -0.332975 -0.040416 0.080677 -0.060764 0.994065
1341845840.989777 -0.292988 -0.275210 -0.323777 -0.041440 0.081617 -0.059956 0.993995
1341845841.021755 -0.288692 -0.278196 -0.314256 -0.041276 0.081553 -0.058837 0.994074
1341845841.057797 -0.281394 -0.272246 -0.293080 -0.037708 0.082050 -0.058101 0.994218
1341845841.089861 -0.284048 -0.256518 -0.301046 -0.031961 0.084058 -0.060326 0.994119
1341845841.127763 -0.294164 -0.254144 -0.306111 -0.031611 0.085282 -0.063538 0.993826
1341845841.189794 -0.300303 -0.259589 -0.309220 -0.030967 0.084648 -0.071086 0.993389
1341845841.225871 -0.295874 -0.251253 -0.305994 -0.027123 0.083490 -0.072959 0.993464
1341845841.257769 -0.298678 -0.243454 -0.307783 -0.023937 0.083477 -0.074302 0.993447
1341845841.289834 -0.298721 -0.235980 -0.313437 -0.022875 0.082306 -0.072602 0.993696
1341845841.325856 -0.298452 -0.243992 -0.331759 -0.026476 0.081761 -0.071115 0.993759
1341845841.357778 -0.307211 -0.237082 -0.322816 -0.027717 0.082358 -0.071658 0.993637
1341845841.389747 -0.350565 -0.230484 -0.297998 -0.025806 0.086044 -0.072979 0.993280
1341845841.425648 -0.342489 -0.227654 -0.285015 -0.022070 0.082271 -0.073896 0.993622
1341845841.457784 -0.336445 -0.248980 -0.281531 -0.019081 0.080019 -0.066211 0.994409
1341845841.493636 -0.332467 -0.208248 -0.318055 -0.007101 0.078775 -0.062134 0.994929
1341845841.525800 -0.334050 -0.234819 -0.322811 -0.016668 0.079255 -0.061401 0.994822
1341845841.557776 -0.333111 -0.226786 -0.318207 -0.018792 0.079779 -0.060376 0.994805
1341845841.593697 -0.332022 -0.202860 -0.305195 -0.016282 0.078354 -0.058715 0.995062
1341845841.625800 -0.324701 -0.205404 -0.284778 -0.015874 0.076329 -0.057761 0.995282
1341845841.657778 -0.325459 -0.196483 -0.282618 -0.012843 0.076659 -0.056874 0.995351
1341845841.693890 -0.324027 -0.197752 -0.279193 -0.013447 0.076056 -0.053982 0.995550
1341845841.725831 -0.322371 -0.190178 -0.293572 -0.012089 0.074791 -0.054402 0.995641
1341845841.761977 -0.327224 -0.199261 -0.296592 -0.014204 0.075124 -0.055423 0.995531
1341845841.793705 -0.331891 -0.189799 -0.308888 -0.015087 0.074562 -0.055010 0.995584
1341845841.825907 -0.321671 -0.183484 -0.295924 -0.016340 0.071348 -0.054681 0.995817
1341845841.862456 -0.338512 -0.192761 -0.277892 -0.018182 0.072341 -0.055655 0.995660
1341845841.893840 -0.344270 -0.197133 -0.260902 -0.015719 0.070698 -0.053912 0.995916
1341845841.925729 -0.328313 -0.180836 -0.278997 -0.010114 0.066784 -0.048857 0.996519
1341845841.961799 -0.330185 -0.173671 -0.271825 -0.009812 0.066998 -0.050252 0.996439
1341845841.994063 -0.328769 -0.175989 -0.274112 -0.011460 0.067973 -0.053530 0.996184
1341845842.030345 -0.340548 -0.182951 -0.299933 -0.015420 0.068628 -0.052360 0.996148
1341845842.061842 -0.341426 -0.183982 -0.283349 -0.016761 0.067492 -0.051202 0.996264
1341845842.095648 -0.332876 -0.157389 -0.265465 -0.012857 0.066766 -0.050704 0.996397
1341845842.130144 -0.342890 -0.171215 -0.286347 -0.015871 0.068231 -0.048604 0.996359
1341845842.168651 -0.336206 -0.156887 -0.274843 -0.014991 0.067610 -0.046894 0.996496
1341845842.204415 -0.335103 -0.152151 -0.278570 -0.013931 0.067384 -0.046412 0.996550
1341845842.236995 -0.343666 -0.154479 -0.265354 -0.014197 0.067169 -0.044772 0.996635
1341845842.298056 -0.329259 -0.137293 -0.251405 -0.009402 0.061394 -0.040362 0.997253
1341845842.330531 -0.334035 -0.134530 -0.261801 -0.008672 0.062548 -0.040488 0.997183
1341845842.362365 -0.369211 -0.149411 -0.301606 -0.013834 0.065441 -0.041281 0.996906
1341845842.399606 -0.356075 -0.143488 -0.285106 -0.016388 0.063527 -0.041298 0.996991
1341845842.439754 -0.348077 -0.129766 -0.261360 -0.015383 0.063705 -0.041765 0.996976
1341845842.472222 -0.363797 -0.146878 -0.297646 -0.017937 0.065021 -0.039415 0.996944
1341845842.506051 -0.350406 -0.120443 -0.252368 -0.014819 0.061980 -0.039997 0.997166
1341845842.539739 -0.350894 -0.114769 -0.255803 -0.013753 0.062840 -0.041537 0.997064
1341845842.597810 -0.339922 -0.096251 -0.232006 -0.009370 0.060658 -0.043232 0.997178
1341845842.671782 -0.355369 -0.095266 -0.264214 -0.007146 0.062811 -0.041612 0.997132
1341845842.733828 -0.336943 -0.058648 -0.233357 0.000242 0.058444 -0.035630 0.997655
1341845842.772554 -0.351789 -0.076608 -0.245570 -0.003583 0.060312 -0.033682 0.997605
1341845842.803667 -0.350845 -0.070636 -0.244981 -0.005919 0.060268 -0.031682 0.997662
1341845842.839779 -0.348289 -0.074532 -0.243532 -0.008005 0.060814 -0.032145 0.997599
1341845842.871951 -0.353427 -0.066363 -0.244072 -0.007425 0.062310 -0.033223 0.997476
1341845842.903766 -0.354470 -0.055499 -0.239316 -0.008314 0.061647 -0.033259 0.997509
1341845842.939694 -0.350729 -0.056995 -0.237621 -0.011028 0.062098 -0.034104 0.997426
1341845842.971703 -0.354539 -0.052069 -0.235224 -0.009736 0.062902 -0.034412 0.997379
1341845843.003637 -0.361816 -0.046376 -0.240836 -0.009392 0.061878 -0.032162 0.997521
1341845843.039687 -0.356847 -0.052258 -0.252799 -0.010421 0.060597 -0.030031 0.997656
1341845843.071786 -0.353374 -0.042090 -0.238786 -0.009409 0.062159 -0.029915 0.997573
1341845843.103725 -0.362355 -0.040294 -0.243617 -0.008878 0.062178 -0.027230 0.997654
1341845843.139742 -0.357131 -0.034104 -0.245173 -0.007113 0.058492 -0.026287 0.997916
1341845843.171825 -0.357120 -0.030347 -0.246512 -0.009238 0.059232 -0.029502 0.997765
1341845843.207907 -0.364960 -0.041213 -0.260658 -0.014437 0.060549 -0.032166 0.997542
1341845843.240014 -0.364215 -0.024082 -0.237078 -0.016242 0.059863 -0.034677 0.997472
1341845843.281910 -0.359233 -0.014296 -0.225758 -0.015536 0.057018 -0.034468 0.997657
1341845843.307930 -0.362665 -0.012600 -0.235223 -0.015767 0.056435 -0.034774 0.997676
1341845843.339844 -0.355295 -0.000192 -0.236482 -0.012801 0.054916 -0.032561 0.997878
1341845843.407961 -0.358411 0.016147 -0.245775 -0.007865 0.059254 -0.031933 0.997701
1341845843.469698 -0.347949 0.020830 -0.265788 -0.011202 0.060967 -0.032991 0.997532
1341845843.501755 -0.360693 0.028724 -0.262325 -0.011905 0.065491 -0.031493 0.997285
1341845843.537749 -0.361025 0.027950 -0.257134 -0.013234 0.063546 -0.027394 0.997515
1341845843.601912 -0.333867 0.032053 -0.313416 -0.019210 0.061262 -0.034460 0.997342
1341845843.637854 -0.333039 0.050247 -0.286212 -0.019477 0.061338 -0.034819 0.997319
1341845843.669935 -0.328216 0.057878 -0.274729 -0.018587 0.063235 -0.033074 0.997277
1341845843.705705 -0.313428 0.058906 -0.309107 -0.018238 0.063316 -0.030738 0.997353
1341845843.738087 -0.327749 0.074691 -0.321165 -0.016765 0.068118 -0.030587 0.997067
1341845843.769868 -0.349372 0.071113 -0.316319 -0.016491 0.073323 -0.028381 0.996768
1341845843.805741 -0.358427 0.107283 -0.259066 -0.010554 0.077314 -0.028472 0.996544
1341845843.837731 -0.353113 0.107627 -0.283660 -0.011668 0.078918 -0.028272 0.996412
1341845843.869723 -0.354751 0.115677 -0.260022 -0.011269 0.082378 -0.029625 0.996097
1341845843.905817 -0.350387 0.126147 -0.260824 -0.007120 0.082138 -0.020785 0.996379
1341845843.937846 -0.316124 0.112461 -0.249952 -0.006646 0.077897 -0.021057 0.996717
1341845843.973843 -0.317117 0.110168 -0.276688 -0.005392 0.082255 -0.021615 0.996362
1341845844.005877 -0.299257 0.134508 -0.270582 -0.001438 0.081521 -0.013983 0.996572
1341845844.037839 -0.293451 0.147524 -0.260158 0.002420 0.079176 -0.016999 0.996713
1341845844.073843 -0.296839 0.138570 -0.327940 0.000268 0.079737 -0.019231 0.996630
1341845844.105844 -0.302816 0.140141 -0.296566 -0.000096 0.083959 -0.020609 0.996256
1341845844.137727 -0.308835 0.146260 -0.277074 0.000755 0.085972 -0.022069 0.996053
1341845844.173729 -0.296055 0.135953 -0.327131 0.000459 0.082207 -0.021730 0.996378
1341845844.205772 -0.293253 0.162062 -0.294643 0.001924 0.084014 -0.025025 0.996148
1341845844.241826 -0.337200 0.166356 -0.218777 0.000867 0.093754 -0.032307 0.995071
1341845844.273743 -0.300768 0.145788 -0.324609 0.005853 0.083007 -0.017825 0.996372
1341845844.305737 -0.303849 0.158212 -0.328704 0.008471 0.084012 -0.017270 0.996279
1341845844.341702 -0.304184 0.176160 -0.328320 0.007994 0.084152 -0.019407 0.996232
1341845844.373700 -0.304190 0.175746 -0.327721 0.003319 0.084055 -0.019517 0.996264
1341845844.409780 -0.333124 0.176563 -0.349098 0.001659 0.088608 -0.019610 0.995872
1341845844.441868 -0.304458 0.198504 -0.326939 0.002327 0.083134 -0.016396 0.996401
1341845844.473633 -0.299940 0.200674 -0.326836 -0.000392 0.083963 -0.015427 0.996349
1341845844.509732 -0.299437 0.203859 -0.326798 -0.001962 0.085198 -0.013769 0.996267
1341845844.541734 -0.304049 0.213064 -0.325595 -0.004061 0.085029 -0.012462 0.996292
1341845844.573798 -0.299612 0.215068 -0.325017 -0.007738 0.083381 -0.012123 0.996414
1341845844.609774 -0.297758 0.225751 -0.323373 -0.007651 0.083319 -0.012110 0.996420
1341845844.641742 -0.300210 0.230522 -0.315263 -0.007444 0.078875 -0.007058 0.996832
1341845844.677619 -0.313284 0.240196 -0.280734 -0.004171 0.078791 -0.005852 0.996865
1341845844.709820 -0.344397 0.261406 -0.319279 -0.002684 0.082425 -0.010466 0.996539
1341845844.741764 -0.346580 0.266935 -0.315472 -0.004384 0.077190 -0.004984 0.996994
1341845844.778110 -0.376546 0.277996 -0.310612 -0.005557 0.079089 -0.005589 0.996836
1341845844.811162 -0.406491 0.261966 -0.311027 -0.009872 0.082261 -0.004696 0.996551
1341845844.842336 -0.425374 0.293971 -0.323574 -0.007971 0.081398 -0.009033 0.996609
1341845844.883762 -0.440560 0.293785 -0.302001 -0.010754 0.082456 -0.010962 0.996476
1341845844.947016 -0.491424 0.302224 -0.307867 -0.011159 0.083101 -0.012043 0.996406
1341845844.977793 -0.488022 0.304100 -0.333537 -0.012739 0.079605 -0.015917 0.996618
1341845845.009670 -0.457951 0.309061 -0.297119 -0.013901 0.073708 -0.022033 0.996940
1341845845.045698 -0.521649 0.322218 -0.313470 -0.011693 0.081561 -0.022381 0.996348
1341845845.077748 -0.529818 0.326666 -0.316256 -0.012804 0.083060 -0.025585 0.996134
1341845845.109679 -0.517116 0.294702 -0.328370 -0.022393 0.081376 -0.024649 0.996127
1341845845.145640 -0.529542 0.299627 -0.320827 -0.022772 0.083770 -0.026237 0.995879
1341845845.177719 -0.506495 0.273197 -0.322178 -0.027987 0.079461 -0.020982 0.996224
1341845845.213604 -0.485623 0.290066 -0.325119 -0.027106 0.079632 -0.018630 0.996282
1341845845.245741 -0.477567 0.302684 -0.323765 -0.026767 0.079554 -0.019613 0.996278
1341845845.277905 -0.483741 0.304019 -0.321680 -0.025686 0.081177 -0.018933 0.996189
1341845845.314159 -0.479662 0.326166 -0.325801 -0.021934 0.080257 -0.020946 0.996313
1341845845.345748 -0.476867 0.331858 -0.324135 -0.023501 0.080539 -0.020997 0.996253
1341845845.381704 -0.483527 0.349005 -0.325726 -0.021798 0.081082 -0.026352 0.996121
1341845845.413648 -0.488970 0.331107 -0.320875 -0.027562 0.080961 -0.019788 0.996140
1341845845.445777 -0.493062 0.337582 -0.323287 -0.027799 0.079453 -0.022275 0.996202
1341845845.481809 -0.489569 0.379777 -0.325803 -0.024329 0.078915 -0.033829 0.996010
1341845845.514332 -0.477402 0.356175 -0.320823 -0.032868 0.075599 -0.032615 0.996063
1341845845.545717 -0.482934 0.353491 -0.320320 -0.034112 0.074216 -0.029146 0.996232
1341845845.581658 -0.502909 0.359938 -0.340430 -0.035898 0.076309 -0.028672 0.996025
1341845845.613959 -0.477169 0.368919 -0.331790 -0.039844 0.072845 -0.028881 0.996129
1341845845.649696 -0.491590 0.379644 -0.326819 -0.043291 0.076617 -0.033662 0.995551
1341845845.682034 -0.494816 0.382694 -0.309215 -0.041709 0.074494 -0.028806 0.995932
1341845845.714232 -0.484386 0.380931 -0.325937 -0.043041 0.071172 -0.025270 0.996215
1341845845.751971 -0.482998 0.379579 -0.325206 -0.050068 0.072106 -0.027589 0.995757
1341845845.787747 -0.515704 0.497805 -0.313540 -0.024389 0.081113 -0.033254 0.995851
1341845845.820616 -0.521137 0.475354 -0.351393 -0.026562 0.079650 -0.025179 0.996151
1341845845.887653 -0.518430 0.439512 -0.318878 -0.044708 0.082121 -0.035227 0.994996
1341845845.949895 -0.534266 0.511282 -0.309823 -0.029092 0.089043 -0.029934 0.995153
1341845845.981855 -0.519585 0.527410 -0.318296 -0.026976 0.088208 -0.030192 0.995279
1341845846.017822 -0.522995 0.519548 -0.326776 -0.028625 0.089329 -0.028171 0.995192
1341845846.049788 -0.526975 0.507925 -0.314303 -0.030784 0.091212 -0.031152 0.994868
1341845846.081697 -0.463413 0.563953 -0.288709 -0.021800 0.078484 -0.024629 0.996373
1341845846.117753 -0.545533 0.542676 -0.316233 -0.028072 0.094048 -0.032803 0.994631
1341845846.149729 -0.430142 0.571014 -0.258796 -0.025498 0.072309 -0.030759 0.996582
1341845846.185551 -0.529854 0.555341 -0.317620 -0.029720 0.088945 -0.026429 0.995242
1341845846.217670 -0.519044 0.574606 -0.318457 -0.028007 0.087591 -0.029565 0.995324
1341845846.249670 -0.515543 0.585732 -0.320296 -0.029915 0.087467 -0.027761 0.995331
1341845846.285621 -0.523938 0.570568 -0.320939 -0.036131 0.088157 -0.023792 0.995167
1341845846.318706 -0.515584 0.573315 -0.324609 -0.039753 0.088059 -0.025050 0.995006
1341845846.349746 -0.507626 0.572477 -0.322098 -0.042601 0.086840 -0.019847 0.995113
1341845846.385823 -0.521362 0.559293 -0.329192 -0.049321 0.089361 -0.019705 0.994582
1341845846.417804 -0.516103 0.570630 -0.331821 -0.050795 0.090566 -0.019823 0.994397
1341845846.453757 -0.518321 0.563361 -0.334438 -0.055936 0.091100 -0.016083 0.994139
1341845846.485915 -0.524770 0.573333 -0.333418 -0.056610 0.091804 -0.015504 0.994046
1341845846.517804 -0.504334 0.570490 -0.338480 -0.060455 0.090723 -0.017123 0.993892
1341845846.553866 -0.514599 0.590179 -0.340725 -0.061143 0.094118 -0.017919 0.993520
1341845846.585802 -0.507849 0.595941 -0.335656 -0.061551 0.092472 -0.020936 0.993591
1341845846.621952 -0.517322 0.588167 -0.301141 -0.065311 0.096877 -0.020170 0.992946
1341845846.653735 -0.511696 0.579013 -0.345582 -0.070620 0.094578 -0.020924 0.992789
1341845846.687048 -0.521315 0.550226 -0.352814 -0.077273 0.096670 -0.019570 0.992119
1341845846.721930 -0.506700 0.550072 -0.351720 -0.077477 0.095715 -0.023979 0.992099
1341845846.755684 -0.525919 0.553963 -0.345579 -0.075064 0.099176 -0.019660 0.992040
1341845846.785987 -0.512132 0.541773 -0.349931 -0.076716 0.096613 -0.025278 0.992039
1341845846.821760 -0.516553 0.536787 -0.349250 -0.074965 0.098668 -0.021724 0.992055
1341845846.853756 -0.547857 0.536864 -0.354773 -0.069215 0.099199 -0.008362 0.992622
1341845846.889724 -0.542341 0.529411 -0.358391 -0.063277 0.097421 -0.014531 0.993123
1341845846.921756 -0.538916 0.510465 -0.360761 -0.063167 0.096762 -0.015150 0.993185
1341845846.953776 -0.541057 0.515968 -0.358175 -0.057672 0.097213 -0.014324 0.993488
1341845846.989607 -0.545840 0.511788 -0.357232 -0.052505 0.096287 -0.015127 0.993853
1341845847.021791 -0.547997 0.502867 -0.357110 -0.048407 0.095681 -0.018256 0.994067
1341845847.053671 -0.546671 0.505556 -0.351731 -0.044546 0.094729 -0.016384 0.994371
1341845847.089677 -0.552544 0.508107 -0.345672 -0.041202 0.092720 -0.017484 0.994686
1341845847.121825 -0.471954 0.538722 -0.315538 -0.031296 0.076353 -0.023474 0.996313
1341845847.157737 -0.553620 0.490217 -0.363433 -0.030627 0.091846 -0.023725 0.995019
1341845847.189613 -0.543886 0.483653 -0.363196 -0.029185 0.090696 -0.024476 0.995150
1341845847.221790 -0.609466 0.441239 -0.372530 -0.034798 0.103983 -0.021315 0.993742
1341845847.257718 -0.555036 0.480588 -0.333392 -0.025025 0.097286 -0.024380 0.994643
1341845847.289652 -0.527753 0.471723 -0.337499 -0.022225 0.090596 -0.018016 0.995477
1341845847.321777 -0.517290 0.448483 -0.334146 -0.022139 0.089596 -0.019782 0.995536
1341845847.357899 -0.505425 0.484814 -0.317943 -0.015228 0.091550 -0.031589 0.995183
1341845847.390176 -0.512264 0.480801 -0.319765 -0.012585 0.092725 -0.032697 0.995075
1341845847.425786 -0.509080 0.478153 -0.321555 -0.011094 0.093611 -0.034099 0.994963
1341845847.489945 -0.511439 0.469709 -0.322529 -0.007446 0.093578 -0.031793 0.995076
1341845847.525805 -0.604325 0.509570 -0.302609 0.001302 0.112052 -0.034425 0.993105
1341845847.557741 -0.508372 0.471218 -0.330150 -0.008375 0.089363 -0.037220 0.995268
1341845847.593782 -0.519081 0.470594 -0.335651 -0.011274 0.089439 -0.042118 0.995038
1341845847.625656 -0.591523 0.543795 -0.293645 0.004836 0.109696 -0.052395 0.992572
1341845847.657670 -0.613553 0.526301 -0.304401 0.006070 0.112242 -0.045961 0.992599
1341845847.693751 -0.613652 0.531430 -0.316139 0.010840 0.111548 -0.042187 0.992804
1341845847.725684 -0.611866 0.524080 -0.315755 0.010503 0.112215 -0.042007 0.992740
1341845847.757787 -0.588916 0.516278 -0.308079 0.010121 0.109124 -0.046615 0.992883
1341845847.793826 -0.621487 0.503343 -0.311479 0.010788 0.111185 -0.039313 0.992963
1341845847.825684 -0.601942 0.505387 -0.313785 0.011062 0.107295 -0.041156 0.993313
1341845847.861928 -0.614189 0.490124 -0.318256 0.010268 0.107765 -0.037783 0.993405
1341845847.893697 -0.582987 0.495590 -0.328514 0.010932 0.100395 -0.038878 0.994128
1341845847.925644 -0.598034 0.480653 -0.318252 0.011693 0.101120 -0.039443 0.994023
1341845847.961946 -0.576100 0.488720 -0.325928 0.014136 0.097630 -0.039907 0.994322
1341845847.993685 -0.584706 0.481143 -0.325897 0.014787 0.097634 -0.038099 0.994383
1341845848.025620 -0.624613 0.466139 -0.340848 0.012369 0.103336 -0.036412 0.993903
1341845848.061715 -0.608193 0.468237 -0.336261 0.015073 0.100363 -0.037176 0.994142
1341845848.093689 -0.615341 0.452432 -0.342018 0.012444 0.099136 -0.034917 0.994383
1341845848.132119 -0.586372 0.461469 -0.322395 0.014537 0.093606 -0.038681 0.994751
1341845848.167711 -0.573181 0.462106 -0.333436 0.016578 0.089789 -0.038250 0.995088
1341845848.200502 -0.574116 0.443525 -0.336837 0.013128 0.089994 -0.039019 0.995091
1341845848.232265 -0.584226 0.449952 -0.340643 0.015326 0.089926 -0.038608 0.995082
1341845848.267873 -0.584835 0.462572 -0.339980 0.020198 0.090020 -0.040470 0.994912
1341845848.301135 -0.589147 0.466981 -0.343837 0.020554 0.091472 -0.040678 0.994764
1341845848.335735 -0.610156 0.460195 -0.363466 0.016352 0.093122 -0.039883 0.994721
1341845848.367757 -0.609336 0.439669 -0.341246 0.011754 0.092406 -0.040774 0.994817
1341845848.399644 -0.619601 0.433117 -0.344100 0.010895 0.093392 -0.040115 0.994761
1341845848.435802 -0.619009 0.444449 -0.333450 0.013259 0.088890 -0.038628 0.995204
1341845848.467705 -0.628185 0.422361 -0.360457 0.008669 0.087810 -0.036550 0.995429
1341845848.503759 -0.615398 0.437464 -0.346150 0.011133 0.091771 -0.042730 0.994801
1341845848.536036 -0.622831 0.424215 -0.351546 0.009513 0.091254 -0.038598 0.995034
1341845848.567958 -0.618160 0.420128 -0.351778 0.009582 0.089071 -0.038434 0.995237
1341845848.603657 -0.607896 0.422709 -0.352337 0.010271 0.087834 -0.039393 0.995303
1341845848.635797 -0.600814 0.421991 -0.336608 0.010595 0.086209 -0.038888 0.995461
1341845848.671815 -0.613684 0.404635 -0.354784 0.010089 0.086037 -0.037628 0.995530
1341845848.703677 -0.618967 0.356415 -0.353101 0.005520 0.087632 -0.037748 0.995422
1341845848.735781 -0.627280 0.358637 -0.358562 0.010223 0.089831 -0.036180 0.995247
1341845848.771647 -0.624485 0.353372 -0.366082 0.012599 0.088682 -0.032182 0.995460
1341845848.803783 -0.616111 0.352832 -0.369366 0.015057 0.088603 -0.031783 0.995446
1341845848.839757 -0.636709 0.349763 -0.356922 0.014417 0.095014 -0.028272 0.994970
1341845848.871829 -0.600765 0.390883 -0.355305 0.017356 0.092690 -0.036872 0.994861
1341845848.903622 -0.619267 0.380886 -0.385436 0.022987 0.097888 -0.027268 0.994558
1341845848.940608 -0.598317 0.362890 -0.382225 0.029428 0.099407 -0.023787 0.994327
1341845848.972843 -0.595210 0.339274 -0.349800 0.029638 0.103577 -0.021189 0.993954
1341845849.008613 -0.590360 0.323223 -0.389448 0.029299 0.103696 -0.017394 0.994025
1341845849.072005 -0.539734 0.339758 -0.325768 0.032490 0.101326 -0.024275 0.994026
1341845849.133777 -0.547275 0.308261 -0.394035 0.026276 0.105498 -0.027005 0.993705
1341845849.165908 -0.533432 0.340479 -0.367798 0.032101 0.108477 -0.027035 0.993213
1341845849.201651 -0.539680 0.340632 -0.358457 0.034664 0.109479 -0.025404 0.993060
1341845849.233648 -0.538567 0.332549 -0.357990 0.033284 0.110467 -0.025379 0.992998
1341845849.265690 -0.577112 0.344166 -0.374672 0.033906 0.118580 -0.028513 0.991956
1341845849.301701 -0.525180 0.354621 -0.335434 0.034389 0.110617 -0.027393 0.992890
1341845849.333730 -0.533830 0.349821 -0.318494 0.032437 0.111378 -0.028227 0.992847
1341845849.369727 -0.535563 0.353142 -0.310083 0.031631 0.111596 -0.029227 0.992820
1341845849.401811 -0.546545 0.358416 -0.300234 0.032657 0.112871 -0.026105 0.992730
1341845849.433692 -0.540095 0.341741 -0.299962 0.030989 0.111809 -0.028547 0.992836
1341845849.469648 -0.534848 0.342344 -0.290319 0.030064 0.111319 -0.028671 0.992916
1341845849.501641 -0.532093 0.337620 -0.281629 0.028936 0.110225 -0.028124 0.993087
1341845849.533689 -0.526968 0.343934 -0.267495 0.030811 0.110693 -0.028987 0.992954
1341845849.569780 -0.527038 0.356770 -0.244148 0.031426 0.111888 -0.030162 0.992766
1341845849.601759 -0.523466 0.345802 -0.264371 0.028168 0.110603 -0.030489 0.992997
1341845849.637837 -0.515010 0.345567 -0.239243 0.029917 0.112474 -0.029841 0.992756
1341845849.669719 -0.520081 0.344183 -0.232680 0.029859 0.115202 -0.030064 0.992438
1341845849.701927 -0.524353 0.343159 -0.223127 0.028879 0.118838 -0.031867 0.991982
1341845849.737804 -0.516864 0.336254 -0.215077 0.028056 0.120128 -0.031137 0.991873
1341845849.769688 -0.508205 0.348543 -0.190248 0.030790 0.119453 -0.030818 0.991884
1341845849.805874 -0.519715 0.341564 -0.194834 0.029375 0.119369 -0.030142 0.991957
1341845849.838002 -0.508497 0.346408 -0.175441 0.029771 0.118232 -0.032452 0.992009
1341845849.873756 -0.502719 0.353725 -0.165382 0.028829 0.119044 -0.034584 0.991868
1341845849.905773 -0.501214 0.346819 -0.148622 0.026988 0.118221 -0.033528 0.992054
1341845849.942380 -0.481277 0.340390 -0.134331 0.027531 0.116328 -0.032778 0.992288
1341845849.969808 -0.493108 0.346764 -0.135714 0.028057 0.121436 -0.035176 0.991579
1341845850.006040 -0.493070 0.349818 -0.107185 0.027908 0.122021 -0.036580 0.991461
1341845850.038041 -0.481379 0.346689 -0.100886 0.027172 0.119122 -0.037797 0.991788
1341845850.073843 -0.476868 0.345982 -0.088407 0.028585 0.119247 -0.038767 0.991696
1341845850.137727 -0.502576 0.375145 -0.078030 0.032416 0.123043 -0.044467 0.990875
1341845850.173748 -0.506017 0.355572 -0.076650 0.026477 0.121435 -0.044857 0.991232
1341845850.205888 -0.505758 0.353781 -0.069333 0.026054 0.120542 -0.044544 0.991366
1341845850.242190 -0.502875 0.352714 -0.059413 0.025250 0.118695 -0.043667 0.991649
1341845850.276369 -0.492401 0.344086 -0.046346 0.022559 0.115215 -0.044327 0.992095
1341845850.311979 -0.506133 0.344478 -0.047988 0.021683 0.117184 -0.046361 0.991791
1341845850.343827 -0.504967 0.344467 -0.041889 0.019359 0.115941 -0.047765 0.991918
1341845850.380151 -0.501821 0.343288 -0.032301 0.018439 0.115556 -0.048632 0.991938
1341845850.412359 -0.506985 0.343365 -0.026729 0.019950 0.117832 -0.048439 0.991651
1341845850.447279 -0.509866 0.345222 -0.023360 0.020989 0.119976 -0.046233 0.991478
1341845850.511722 -0.478185 0.347726 0.004120 0.027299 0.117081 -0.040352 0.991927
1341845850.573894 -0.476547 0.344747 0.019019 0.029023 0.119244 -0.039018 0.991673
1341845850.609794 -0.476087 0.361941 0.025689 0.034797 0.119896 -0.040176 0.991363
1341845850.641744 -0.482786 0.349354 0.023898 0.031650 0.120377 -0.040145 0.991411
1341845850.673755 -0.476214 0.350695 0.029674 0.034072 0.119412 -0.042366 0.991355
1341845850.709784 -0.477312 0.355830 0.036231 0.035580 0.121618 -0.043355 0.990991
1341845850.741802 -0.468744 0.340429 0.038239 0.033302 0.118555 -0.041549 0.991519
1341845850.777740 -0.470681 0.342902 0.043123 0.034030 0.118543 -0.041806 0.991485
1341845850.841900 -0.474197 0.330744 0.048598 0.030877 0.119433 -0.041662 0.991487
1341845850.877766 -0.493678 0.319593 0.040942 0.027053 0.122554 -0.042392 0.991187
1341845850.909781 -0.486063 0.334208 0.066062 0.030233 0.123493 -0.042141 0.990989
1341845850.941758 -0.486845 0.331396 0.064891 0.028421 0.124121 -0.042006 0.990970
1341845850.977762 -0.488966 0.334473 0.080833 0.029382 0.124114 -0.039496 0.991046
1341845851.009834 -0.479054 0.329181 0.081641 0.027923 0.121570 -0.037199 0.991492
1341845851.045751 -0.504338 0.315862 0.068853 0.022951 0.126607 -0.036016 0.991033
1341845851.077894 -0.471593 0.326266 0.098415 0.027569 0.121679 -0.033206 0.991631
1341845851.109747 -0.466847 0.340428 0.105141 0.031322 0.120610 -0.032172 0.991684
1341845851.145889 -0.465883 0.342297 0.109974 0.028169 0.119618 -0.034274 0.991828
1341845851.177904 -0.457518 0.341919 0.115190 0.026573 0.119390 -0.036835 0.991808
1341845851.209882 -0.459725 0.355823 0.128448 0.028146 0.120785 -0.038326 0.991539
1341845851.251733 -0.487027 0.335599 0.120626 0.020430 0.123410 -0.039950 0.991341
1341845851.313813 -0.462207 0.385960 0.154536 0.037148 0.122170 -0.040447 0.990989
1341845851.345834 -0.431856 0.396313 0.163650 0.041454 0.113547 -0.038166 0.991933
1341845851.377718 -0.465362 0.379837 0.158811 0.039174 0.118002 -0.035306 0.991612
1341845851.413805 -0.449261 0.378268 0.144521 0.037326 0.114216 -0.035502 0.992119
1341845851.445896 -0.429617 0.380613 0.141536 0.034306 0.107905 -0.038987 0.992804
1341845851.478163 -0.449293 0.382964 0.155200 0.034852 0.109167 -0.037590 0.992701
1341845851.514640 -0.422808 0.375980 0.147130 0.030682 0.103573 -0.036377 0.993483
1341845851.546201 -0.442140 0.381378 0.157913 0.029713 0.109000 -0.036335 0.992933
1341845851.581975 -0.444401 0.387791 0.176592 0.032009 0.110136 -0.032626 0.992865
1341845851.616214 -0.441526 0.383135 0.179661 0.033846 0.110273 -0.027279 0.992950
1341845851.681977 -0.411934 0.373650 0.183112 0.030881 0.101159 -0.022822 0.994129
1341845851.714139 -0.430799 0.390246 0.191485 0.035975 0.106968 -0.025224 0.993291
1341845851.745927 -0.438377 0.371546 0.180365 0.030118 0.106070 -0.023930 0.993614
1341845851.781911 -0.417367 0.417837 0.189235 0.041948 0.101103 -0.027982 0.993597
1341845851.813848 -0.415635 0.406598 0.198979 0.039941 0.102797 -0.029374 0.993466
1341845851.849910 -0.420169 0.407086 0.201668 0.039785 0.103675 -0.030575 0.993345
1341845851.881832 -0.422937 0.421084 0.209329 0.046073 0.103832 -0.031136 0.993039
1341845851.913735 -0.408712 0.427198 0.207993 0.050299 0.103786 -0.034321 0.992734
1341845851.949904 -0.405584 0.397523 0.195415 0.041061 0.103685 -0.036165 0.993104
1341845851.982005 -0.423502 0.411270 0.209767 0.046241 0.108816 -0.038920 0.992223
1341845852.017909 -0.422596 0.348522 0.224001 0.031247 0.112111 -0.039212 0.992430
1341845852.050012 -0.409582 0.394538 0.198610 0.042468 0.110106 -0.036649 0.992336
1341845852.082035 -0.466253 0.347421 0.216868 0.030481 0.126071 -0.033235 0.990996
1341845852.121076 -0.415667 0.337562 0.180545 0.028569 0.117013 -0.037156 0.992024
1341845852.163838 -0.409949 0.302972 0.142027 0.018537 0.119131 -0.038482 0.991959
1341845852.190660 -0.369918 0.373173 0.181660 0.039328 0.113931 -0.035752 0.992066
1341845852.223981 -0.369397 0.362287 0.178455 0.036406 0.113720 -0.033017 0.992296
1341845852.286726 -0.394839 0.372974 0.158198 0.040341 0.118059 -0.036146 0.991528
1341845852.349834 -0.413840 0.369060 0.149026 0.037751 0.118729 -0.033893 0.991630
1341845852.385657 -0.428524 0.372729 0.158295 0.038962 0.120208 -0.031163 0.991494
1341845852.417731 -0.414161 0.369944 0.141017 0.036326 0.113458 -0.031090 0.992392
1341845852.449741 -0.426907 0.365340 0.132416 0.034359 0.116246 -0.033052 0.992076
1341845852.485861 -0.416307 0.375089 0.134246 0.035912 0.112921 -0.034067 0.992370
1341845852.517876 -0.420874 0.371117 0.128332 0.032062 0.111359 -0.035283 0.992636
1341845852.553887 -0.410369 0.336320 0.109156 0.025442 0.105703 -0.031035 0.993588
1341845852.617891 -0.440738 0.356527 0.096745 0.028423 0.108465 -0.031576 0.993192
1341845852.653840 -0.429623 0.362903 0.095979 0.029580 0.105783 -0.031921 0.993436
1341845852.685926 -0.434140 0.369845 0.093477 0.030121 0.106800 -0.032805 0.993283
1341845852.717821 -0.423648 0.376493 0.090407 0.031577 0.101975 -0.030164 0.993828
1341845852.753958 -0.444870 0.373967 0.076087 0.031129 0.105463 -0.027199 0.993564
1341845852.785766 -0.432234 0.387469 0.070396 0.032623 0.105594 -0.027491 0.993494
1341845852.822784 -0.438132 0.391937 0.089120 0.034091 0.106550 -0.026284 0.993375
1341845852.885924 -0.426763 0.400525 0.062148 0.035061 0.105244 -0.026913 0.993464
1341845852.921581 -0.444195 0.402296 0.050850 0.035414 0.108278 -0.027308 0.993114
1341845852.953977 -0.450699 0.386596 0.040342 0.032836 0.110239 -0.027361 0.992986
1341845852.989721 -0.441168 0.382670 0.029353 0.033478 0.109357 -0.028334 0.993034
1341845853.021716 -0.449214 0.381213 0.023124 0.027565 0.106877 -0.030576 0.993420
1341845853.053750 -0.460349 0.393137 0.022965 0.031528 0.108007 -0.032011 0.993134
1341845853.089814 -0.467860 0.396172 0.013696 0.030458 0.108809 -0.032384 0.993068
1341845853.121864 -0.472207 0.398383 -0.003661 0.028661 0.107445 -0.033606 0.993230
1341845853.159690 -0.462184 0.404146 0.009716 0.032607 0.105949 -0.032632 0.993301
1341845853.195824 -0.477172 0.397176 -0.007611 0.031827 0.107264 -0.031206 0.993231
1341845853.227731 -0.461288 0.406252 -0.007104 0.032852 0.103240 -0.031673 0.993609
1341845853.263703 -0.461824 0.400247 -0.014327 0.033073 0.103581 -0.031743 0.993564
1341845853.296490 -0.463637 0.408826 -0.017052 0.037142 0.104468 -0.032511 0.993303
1341845853.327753 -0.458675 0.418562 -0.018414 0.039891 0.101427 -0.032112 0.993524
1341845853.363891 -0.460427 0.417703 -0.028338 0.040858 0.100901 -0.031485 0.993558
1341845853.395726 -0.456754 0.416852 -0.043252 0.041851 0.101660 -0.032365 0.993411
1341845853.463774 -0.466667 0.420477 -0.050698 0.042213 0.100797 -0.033162 0.993458
1341845853.525799 -0.453034 0.418912 -0.080068 0.039075 0.096072 -0.034884 0.993995
1341845853.557770 -0.478052 0.428866 -0.066534 0.041935 0.099811 -0.035244 0.993497
1341845853.589705 -0.478706 0.432966 -0.071785 0.042946 0.099576 -0.034887 0.993490
1341845853.625908 -0.486933 0.441123 -0.069780 0.044173 0.100555 -0.034869 0.993339
1341845853.657783 -0.495056 0.436803 -0.086677 0.042683 0.100156 -0.033764 0.993482
1341845853.689930 -0.493602 0.443610 -0.092056 0.046217 0.100172 -0.032516 0.993364
1341845853.725779 -0.501088 0.453860 -0.096967 0.048525 0.102320 -0.032321 0.993041
1341845853.757962 -0.501210 0.452977 -0.108534 0.048696 0.101764 -0.029991 0.993163
1341845853.793750 -0.498966 0.446239 -0.114744 0.048896 0.100757 -0.028545 0.993299
1341845853.825783 -0.501908 0.446267 -0.140501 0.048036 0.100233 -0.028891 0.993384
1341845853.857700 -0.498377 0.445376 -0.145942 0.047223 0.098104 -0.029642 0.993613
1341845853.893805 -0.492012 0.442357 -0.155243 0.047176 0.094073 -0.030965 0.993965
1341845853.925836 -0.500782 0.449383 -0.181791 0.046096 0.094499 -0.033424 0.993895
1341845853.957735 -0.498377 0.451717 -0.159607 0.044518 0.096204 -0.038110 0.993635
1341845853.993852 -0.501896 0.453038 -0.151935 0.047323 0.096177 -0.035273 0.993613
1341845854.025830 -0.505132 0.461906 -0.164141 0.050230 0.094805 -0.034265 0.993637
1341845854.061903 -0.507568 0.474131 -0.175626 0.048647 0.097119 -0.038278 0.993346
1341845854.093760 -0.492572 0.471618 -0.171118 0.047774 0.094377 -0.040168 0.993578
1341845854.125736 -0.514776 0.461293 -0.172715 0.046581 0.094755 -0.039287 0.993634
1341845854.161837 -0.482411 0.477180 -0.212012 0.048193 0.085421 -0.039723 0.994386
1341845854.193844 -0.490231 0.490737 -0.172456 0.047986 0.090672 -0.042830 0.993802
1341845854.229884 -0.496450 0.498891 -0.148674 0.048523 0.092256 -0.041729 0.993676
1341845854.261692 -0.488722 0.486248 -0.154131 0.045471 0.087780 -0.036038 0.994449
1341845854.293781 -0.494485 0.493267 -0.164088 0.046355 0.089207 -0.033730 0.994362
1341845854.330249 -0.485669 0.498161 -0.190720 0.045057 0.088786 -0.032519 0.994500
1341845854.361687 -0.455252 0.513404 -0.166194 0.045040 0.085502 -0.034908 0.994707
1341845854.393726 -0.423541 0.511721 -0.136957 0.045750 0.078618 -0.032495 0.995324
1341845854.429762 -0.428677 0.502077 -0.191516 0.043522 0.080713 -0.031562 0.995286
1341845854.462072 -0.442698 0.507619 -0.182150 0.043215 0.086428 -0.032398 0.994793
1341845854.497796 -0.509071 0.477907 -0.193238 0.040253 0.098973 -0.030978 0.993793
1341845854.529719 -0.490541 0.501827 -0.196844 0.047409 0.095855 -0.028780 0.993849
1341845854.561884 -0.482942 0.511817 -0.194691 0.047118 0.095853 -0.033069 0.993730
1341845854.597860 -0.486692 0.502241 -0.196753 0.044641 0.094954 -0.036403 0.993814
1341845854.629736 -0.478975 0.508416 -0.173956 0.045465 0.092045 -0.039745 0.993922
1341845854.662835 -0.473459 0.512589 -0.198986 0.046220 0.090780 -0.040948 0.993955
1341845854.697815 -0.470074 0.486535 -0.205307 0.042095 0.089339 -0.040079 0.994304
1341845854.729806 -0.470867 0.485905 -0.209463 0.044763 0.088415 -0.038913 0.994316
1341845854.765688 -0.476743 0.494958 -0.212612 0.047619 0.088944 -0.040684 0.994065
1341845854.797997 -0.476631 0.496653 -0.218144 0.046945 0.091214 -0.046159 0.993653
1341845854.829779 -0.478442 0.496894 -0.219906 0.047083 0.090577 -0.046110 0.993707
1341845854.865670 -0.467639 0.491220 -0.226788 0.046170 0.086127 -0.047845 0.994063
1341845854.897712 -0.470637 0.504265 -0.239476 0.046935 0.087690 -0.048715 0.993848
1341845854.930302 -0.470075 0.502740 -0.243504 0.045762 0.089226 -0.047957 0.993803
1341845854.965801 -0.474923 0.502901 -0.250317 0.046566 0.088879 -0.045565 0.993909
1341845854.997629 -0.460521 0.509990 -0.230316 0.047027 0.086648 -0.045810 0.994073
1341845855.033841 -0.434798 0.506211 -0.244390 0.045569 0.083769 -0.044881 0.994430
1341845855.065777 -0.424455 0.509637 -0.239669 0.046440 0.085413 -0.045049 0.994243
1341845855.097795 -0.433864 0.518868 -0.245748 0.046868 0.083021 -0.043452 0.994496
1341845855.133841 -0.454913 0.500312 -0.227009 0.040928 0.086471 -0.042678 0.994498
1341845855.165831 -0.414102 0.501807 -0.255505 0.040375 0.076634 -0.044138 0.995263
1341845855.201780 0.211880 0.398711 -0.365795 0.017325 -0.094134 0.030491 0.994942
1341845855.233747 -0.479813 0.500419 -0.229890 0.037273 0.082353 -0.043872 0.994939
1341845855.265823 -0.431693 0.481822 -0.268567 0.034184 0.071640 -0.042537 0.995937
1341845855.301716 -0.411682 0.484588 -0.278253 0.037409 0.066503 -0.041229 0.996232
1341845855.333726 -0.413162 0.486902 -0.283295 0.040334 0.064389 -0.037294 0.996412
1341845855.365773 -0.411442 0.490105 -0.288069 0.041266 0.063198 -0.035821 0.996504
1341845855.401892 -0.416196 0.488542 -0.290419 0.041111 0.063645 -0.033652 0.996557
1341845855.433652 -0.418314 0.485821 -0.298579 0.042563 0.063063 -0.031751 0.996596
1341845855.469817 -0.418066 0.482569 -0.310065 0.043247 0.060057 -0.028660 0.996846
1341845855.502750 -0.415544 0.479296 -0.319877 0.043064 0.057803 -0.028062 0.997004
1341845855.533846 -0.418922 0.482417 -0.318825 0.043608 0.059687 -0.032562 0.996732
1341845855.569986 -0.422778 0.484041 -0.319348 0.043634 0.060243 -0.034846 0.996621
1341845855.601707 -0.420742 0.486845 -0.327376 0.046064 0.057458 -0.034562 0.996686
1341845855.633953 -0.427715 0.477597 -0.328366 0.046611 0.056889 -0.034692 0.996688
1341845855.669628 -0.427606 0.490468 -0.330432 0.047174 0.057636 -0.040122 0.996415
1341845855.701786 -0.420437 0.481879 -0.352429 0.044344 0.053264 -0.039874 0.996798
1341845855.737762 -0.439309 0.480418 -0.332168 0.046243 0.055231 -0.040543 0.996578
1341845855.769674 -0.432718 0.490807 -0.345336 0.048329 0.051732 -0.040398 0.996672
1341845855.802152 -0.443354 0.484738 -0.362264 0.045846 0.051872 -0.040947 0.996760
1341845855.837801 -0.440496 0.483200 -0.342700 0.045681 0.051536 -0.042774 0.996708
1341845855.869788 -0.444205 0.487532 -0.343626 0.048129 0.052556 -0.042740 0.996541
1341845855.901958 -0.439166 0.485030 -0.354734 0.047597 0.051291 -0.041709 0.996677
1341845855.937711 -0.438878 0.486167 -0.353496 0.048029 0.051247 -0.041664 0.996660
1341845855.969840 -0.432620 0.484323 -0.353641 0.048780 0.051574 -0.040975 0.996635
1341845856.038077 -0.441945 0.503016 -0.353351 0.052677 0.054544 -0.037272 0.996424
1341845856.069815 -0.431211 0.496495 -0.361884 0.052055 0.052896 -0.035245 0.996619
1341845856.105773 -0.474880 0.522970 -0.413081 0.052543 0.059871 -0.035631 0.996185
1341845856.137725 -0.455315 0.504727 -0.390735 0.047538 0.056248 -0.033419 0.996724
1341845856.169966 -0.455779 0.523467 -0.406284 0.048899 0.056799 -0.031709 0.996683
1341845856.205833 -0.448735 0.547980 -0.380065 0.049341 0.058497 -0.035215 0.996445
1341845856.237587 -0.443990 0.524278 -0.404929 0.044976 0.055530 -0.029572 0.997005
1341845856.273683 -0.456171 0.532927 -0.420585 0.045698 0.057370 -0.028641 0.996895
1341845856.305723 -0.460521 0.539816 -0.416015 0.045869 0.059781 -0.029431 0.996723
1341845856.337653 -0.444462 0.544682 -0.398876 0.045887 0.057430 -0.029424 0.996860
1341845856.373714 -0.443533 0.545768 -0.398596 0.047496 0.055863 -0.027987 0.996915
1341845856.405678 -0.468935 0.577113 -0.409087 0.054089 0.059325 -0.028794 0.996356
1341845856.441799 -0.459647 0.582492 -0.413744 0.053103 0.057935 -0.031131 0.996421
1341845856.473680 -0.469034 0.594886 -0.382993 0.056083 0.059253 -0.032996 0.996120
1341845856.505768 -0.447448 0.560761 -0.382700 0.049129 0.054361 -0.032703 0.996776
1341845856.541718 -0.481288 0.552243 -0.432998 0.045430 0.060174 -0.032077 0.996637
1341845856.573678 -0.503732 0.562908 -0.411934 0.046480 0.065918 -0.035113 0.996123
1341845856.605758 -0.497951 0.567686 -0.404923 0.048597 0.063620 -0.033645 0.996222
1341845856.641782 -0.485041 0.562278 -0.409140 0.048897 0.061730 -0.031511 0.996396
1341845856.673977 -0.508989 0.566485 -0.421156 0.049629 0.068208 -0.032328 0.995911
1341845856.709876 -0.518797 0.549252 -0.430735 0.044189 0.069020 -0.030751 0.996162
1341845856.741736 -0.498255 0.564256 -0.404818 0.049804 0.064216 -0.030808 0.996216
1341845856.773960 -0.539710 0.526175 -0.433456 0.043209 0.072555 -0.029072 0.996004
1341845856.809797 -0.526726 0.549738 -0.428780 0.043800 0.071380 -0.032173 0.995968
1341845856.841746 -0.511591 0.563155 -0.426526 0.046196 0.066844 -0.032130 0.996175
1341845856.873762 -0.513455 0.570341 -0.427522 0.046606 0.067819 -0.032393 0.996082
1341845856.915904 -0.512138 0.580450 -0.424208 0.046018 0.068840 -0.033735 0.995995
1341845856.977900 -0.473043 0.606206 -0.379009 0.048317 0.063378 -0.029925 0.996370
1341845857.009735 -0.497593 0.578968 -0.417888 0.044137 0.067295 -0.029360 0.996324
1341845857.041737 -0.448723 0.581898 -0.371880 0.045742 0.059411 -0.021107 0.996962
1341845857.077896 -0.525400 0.561754 -0.439535 0.042875 0.071847 -0.023463 0.996217
1341845857.109633 -0.536505 0.539021 -0.458647 0.036125 0.074670 -0.026567 0.996200
1341845857.141583 -0.571331 0.523836 -0.524176 0.032019 0.079143 -0.029670 0.995907
1341845857.178255 -0.522745 0.568479 -0.452668 0.040703 0.075419 -0.032714 0.995784
1341845857.209846 -0.533397 0.541773 -0.469325 0.034110 0.078503 -0.034098 0.995746
1341845857.245767 -0.544620 0.544965 -0.482559 0.034492 0.079198 -0.035301 0.995636
1341845857.277737 -0.572258 0.571319 -0.472501 0.040899 0.085511 -0.036955 0.994811
1341845857.309994 -0.531947 0.549388 -0.475961 0.037938 0.079090 -0.036457 0.995478
1341845857.345862 -0.532019 0.550228 -0.480656 0.037258 0.079043 -0.037068 0.995485
1341845857.377787 -0.530925 0.559702 -0.477857 0.039951 0.078803 -0.037519 0.995383
1341845857.413693 -0.535049 0.548139 -0.486441 0.038108 0.078791 -0.037323 0.995463
1341845857.445790 -0.536621 0.553447 -0.486340 0.036815 0.078076 -0.037204 0.995573
1341845857.477853 -0.562977 0.544544 -0.497406 0.034947 0.081400 -0.035569 0.995433
1341845857.513902 -0.559959 0.547472 -0.505917 0.036004 0.081932 -0.037377 0.995286
1341845857.545992 -0.532339 0.547720 -0.489381 0.035812 0.077916 -0.038192 0.995584
1341845857.613882 -0.581288 0.548771 -0.518925 0.039350 0.088245 -0.037179 0.994627
1341845857.646056 -0.558036 0.539856 -0.508732 0.040573 0.086922 -0.032631 0.994854
1341845857.681834 -0.556079 0.555027 -0.496386 0.043966 0.090364 -0.035040 0.994321
1341845857.713765 -0.571808 0.550729 -0.518732 0.045880 0.095145 -0.033353 0.993846
1341845857.745825 -0.572329 0.546480 -0.523327 0.047826 0.098037 -0.032685 0.993495
1341845857.781799 -0.570362 0.550046 -0.526745 0.049534 0.098378 -0.032418 0.993387
1341845857.813817 -0.562921 0.549585 -0.533264 0.048957 0.099255 -0.033323 0.993298
1341845857.846046 -0.559720 0.548298 -0.534792 0.049110 0.100832 -0.033317 0.993132
1341845857.881939 -0.557592 0.555144 -0.542324 0.048933 0.101158 -0.032929 0.993120
1341845857.913666 -0.554937 0.560644 -0.545373 0.044965 0.100811 -0.035616 0.993251
1341845857.949845 -0.554514 0.561380 -0.545814 0.042269 0.099392 -0.036082 0.993495
1341845857.982166 -0.556777 0.563469 -0.548085 0.040333 0.097637 -0.036483 0.993735
1341845858.013803 -0.551787 0.560344 -0.549613 0.038137 0.094440 -0.035142 0.994179
1341845858.050247 -0.561341 0.555316 -0.556199 0.036358 0.094498 -0.034034 0.994279
1341845858.081715 -0.557689 0.553990 -0.573911 0.033200 0.092913 -0.033045 0.994572
1341845858.113782 -0.548056 0.566414 -0.558121 0.030311 0.090595 -0.034498 0.994828
1341845858.149725 -0.554536 0.563718 -0.563717 0.026778 0.090759 -0.033685 0.994943
1341845858.181831 -0.546676 0.568825 -0.561391 0.025115 0.089095 -0.032749 0.995168
1341845858.217730 -0.561602 0.574841 -0.564088 0.026028 0.088902 -0.031100 0.995214
1341845858.281842 -0.552755 0.568571 -0.570237 0.020961 0.088685 -0.035267 0.995215
1341845858.317768 -0.568810 0.566956 -0.565584 0.021077 0.089142 -0.035423 0.995166
1341845858.349904 -0.554704 0.567153 -0.571054 0.021027 0.084240 -0.035528 0.995590
1341845858.381855 -0.581404 0.556847 -0.611202 0.018846 0.087597 -0.036302 0.995316
1341845858.417827 -0.564753 0.577953 -0.559177 0.022994 0.089066 -0.041043 0.994914
1341845858.449872 -0.560163 0.573610 -0.572650 0.024464 0.086319 -0.039184 0.995196
1341845858.485842 -0.555827 0.573077 -0.577279 0.023994 0.084720 -0.039691 0.995325
1341845858.517682 -0.556712 0.569464 -0.576738 0.023095 0.084694 -0.041352 0.995281
1341845858.549803 -0.562244 0.571837 -0.572575 0.024213 0.084757 -0.042727 0.995191
1341845858.585823 -0.557929 0.569212 -0.581702 0.024311 0.082733 -0.042379 0.995373
1341845858.618138 -0.567925 0.552395 -0.621868 0.020598 0.083198 -0.041547 0.995454
1341845858.654134 -0.562153 0.562940 -0.589907 0.020331 0.085444 -0.044264 0.995152
1341845858.685756 -0.564189 0.562048 -0.598157 0.020723 0.083266 -0.040764 0.995478
1341845858.717690 -0.575758 0.580015 -0.593865 0.023907 0.085684 -0.043995 0.995063
1341845858.753674 -0.580477 0.579960 -0.608880 0.021701 0.088845 -0.046901 0.994704
1341845858.785618 -0.578249 0.561918 -0.616969 0.015623 0.089323 -0.043454 0.994932
1341845858.817756 -0.573929 0.560341 -0.609923 0.018011 0.087508 -0.040624 0.995172
1341845858.853864 -0.579558 0.560709 -0.618503 0.018849 0.088721 -0.040775 0.995043
1341845858.885702 -0.556441 0.586122 -0.590330 0.020536 0.089077 -0.045385 0.994778
1341845858.922000 -0.559570 0.576311 -0.591820 0.018133 0.089363 -0.046020 0.994770
1341845858.954158 0.116292 0.465985 -0.661728 0.000482 -0.030282 0.100190 0.994507
1341845858.985944 0.105346 0.457751 -0.693390 -0.000915 -0.026166 0.100613 0.994581
1341845859.021830 0.095511 0.455956 -0.723788 -0.003540 -0.022897 0.094110 0.995292
1341845859.053720 0.109632 0.461252 -0.698155 -0.005832 -0.025451 0.095648 0.995073
1341845859.085862 0.108968 0.456608 -0.706595 -0.007174 -0.024536 0.096474 0.995007
1341845859.121873 0.110981 0.458027 -0.726694 -0.007778 -0.023659 0.097159 0.994957
1341845859.153800 0.111545 0.454303 -0.722332 -0.010845 -0.022962 0.095661 0.995090
1341845859.189853 0.104591 0.466632 -0.707271 -0.008548 -0.021620 0.094729 0.995232
1341845859.221654 0.116063 0.448148 -0.725101 -0.012309 -0.022408 0.095672 0.995085
1341845859.253689 0.108391 0.460920 -0.730444 -0.010465 -0.019996 0.094289 0.995289
1341845859.289745 0.109725 0.472116 -0.719863 -0.010690 -0.018403 0.087619 0.995927
1341845859.321911 0.113210 0.456198 -0.723904 -0.014568 -0.018746 0.088051 0.995833
1341845859.353758 0.116488 0.454637 -0.730020 -0.014611 -0.017328 0.086238 0.996017
1341845859.389950 0.140127 0.472880 -0.691313 -0.011796 -0.019703 0.088000 0.995856
1341845859.421715 0.134817 0.505395 -0.659722 -0.007173 -0.016449 0.082219 0.996453
1341845859.457807 0.137846 0.509083 -0.658762 -0.006767 -0.014420 0.080382 0.996637
1341845859.489859 0.141275 0.497263 -0.678172 -0.009166 -0.013798 0.081307 0.996551
1341845859.521735 0.152375 0.503180 -0.673440 -0.007969 -0.013477 0.080912 0.996598
1341845859.557712 0.133998 0.509819 -0.655711 -0.004579 -0.009268 0.079632 0.996771
1341845859.589783 0.117433 0.474322 -0.741651 -0.010025 -0.003610 0.078072 0.996891
1341845859.625646 0.116183 0.461281 -0.705457 -0.012302 -0.000553 0.074252 0.997163
1341845859.657759 0.111595 0.461346 -0.711262 -0.011228 0.004127 0.073387 0.997232
1341845859.689869 0.095816 0.453140 -0.731413 -0.012174 0.008523 0.075208 0.997057
1341845859.725812 0.155455 0.493457 -0.661784 -0.004696 -0.001590 0.083469 0.996498
1341845859.757824 0.154833 0.527606 -0.644598 0.003375 0.000501 0.084233 0.996440
1341845859.789818 0.166558 0.502771 -0.658568 -0.000152 0.001172 0.085066 0.996375
1341845859.825831 0.160310 0.388416 -0.710231 -0.013357 0.003884 0.074386 0.997132
1341845859.857647 0.162859 0.484933 -0.664403 0.003396 0.002083 0.086638 0.996232
1341845859.893646 0.165318 0.530702 -0.645391 0.011839 0.002190 0.087061 0.996130
1341845859.925740 0.186868 0.482262 -0.674330 0.001993 -0.000330 0.085141 0.996367
1341845859.957775 0.144232 0.435407 -0.706484 -0.000916 0.006236 0.074569 0.997196
1341845859.993847 0.160303 0.495310 -0.636048 0.009685 0.000360 0.081312 0.996642
1341845860.025774 0.169695 0.508318 -0.662252 0.011903 -0.001472 0.080000 0.996723
1341845860.057745 0.152608 0.490976 -0.628901 0.012128 -0.003112 0.077797 0.996891
1341845860.093794 0.146407 0.483697 -0.637035 0.012091 -0.005377 0.077096 0.996936
1341845860.125763 0.150725 0.485483 -0.632549 0.014709 -0.007654 0.075804 0.996985
1341845860.161703 0.161143 0.476932 -0.657158 0.013304 -0.010636 0.077285 0.996864
1341845860.193724 0.144260 0.492311 -0.657674 0.016705 -0.013537 0.080483 0.996524
1341845860.225730 0.095740 0.444472 -0.658035 0.015091 -0.008227 0.069704 0.997420
1341845860.261716 0.170396 0.444661 -0.675816 0.015676 -0.023748 0.072857 0.996936
1341845860.294553 0.068789 0.442914 -0.645740 0.020469 -0.010465 0.063813 0.997697
1341845860.325872 0.072288 0.405459 -0.667407 0.015092 -0.013197 0.059082 0.998052
1341845860.361673 0.038426 0.365472 -0.728767 0.015211 -0.009081 0.045358 0.998814
1341845860.393714 0.007488 0.357881 -0.725384 0.017436 -0.006452 0.043432 0.998883
1341845860.429768 0.029596 0.357801 -0.738189 0.017290 -0.013939 0.043656 0.998800
1341845860.461780 0.032664 0.365251 -0.734480 0.018553 -0.018018 0.042676 0.998754
1341845860.493718 0.019518 0.369663 -0.716891 0.019999 -0.017717 0.042880 0.998723
1341845860.529831 -0.020089 0.371406 -0.719661 0.020606 -0.013170 0.042927 0.998779
1341845860.567950 -0.008965 0.371615 -0.724050 0.018689 -0.016416 0.042426 0.998790
1341845860.604131 0.010867 0.342964 -0.766790 0.015163 -0.023658 0.053050 0.998196
1341845860.638227 -0.080822 0.345134 -0.769507 0.015177 -0.009879 0.051069 0.998531
1341845860.668441 -0.061254 0.367302 -0.763230 0.017844 -0.014127 0.051215 0.998428
1341845860.706028 -0.007136 0.353499 -0.754276 0.016416 -0.023885 0.051491 0.998253
1341845860.736338 -0.094504 0.419150 -0.718029 0.022955 -0.009446 0.042163 0.998802
1341845860.772400 -0.120113 0.369300 -0.755946 0.018110 -0.010576 0.058608 0.998061
1341845860.803824 -0.047542 0.374091 -0.752341 0.017924 -0.024981 0.057665 0.997862
