# timestamp tx ty tz qx qy qz qw
1341846313.654000 0.000000 0.000000 0.000000 0.000000 0.000000 0.000000 1.000000
1341846313.686000 0.002488 0.002503 -0.005032 0.001516 -0.001438 -0.000270 0.999998
1341846313.722000 0.005420 0.003854 -0.009217 0.001430 -0.002004 0.000355 0.999997
1341846313.754000 0.014444 0.000986 -0.012977 0.000518 -0.002856 0.002185 0.999993
1341846313.790000 0.021126 0.002102 -0.009587 0.001837 -0.003682 0.000919 0.999991
1341846313.822000 0.018053 0.004415 -0.012849 0.002110 -0.001106 0.000124 0.999997
1341846313.854000 0.006822 0.004757 -0.015857 0.001569 0.004251 -0.000586 0.999990
1341846313.890000 0.001815 0.004929 -0.010379 0.001317 0.007648 -0.000696 0.999970
1341846313.922000 -0.011142 0.005575 -0.017230 -0.000827 0.010647 0.000211 0.999943
1341846313.958000 -0.028418 0.004272 -0.015185 -0.002823 0.018720 0.001819 0.999819
1341846313.990000 -0.058228 0.004612 -0.022309 -0.003786 0.031063 0.002459 0.999507
1341846314.022000 -0.073095 0.002040 -0.028556 -0.006548 0.034892 0.003326 0.999364
1341846314.058000 -0.079679 -0.001912 -0.027442 -0.010283 0.037981 0.005847 0.999208
1341846314.090000 -0.118437 -0.001273 -0.020485 -0.009053 0.052320 0.006258 0.998570
1341846314.122000 -0.132988 -0.004972 -0.028950 -0.011050 0.058726 0.008344 0.998178
1341846314.158000 -0.143446 -0.006624 -0.025980 -0.013249 0.063932 0.009783 0.997818
1341846314.190000 -0.163251 -0.008139 -0.025011 -0.013235 0.072342 0.010833 0.997233
1341846314.226000 -0.165783 -0.007276 -0.033219 -0.015441 0.074345 0.012004 0.997041
1341846314.258000 -0.174438 -0.007650 -0.030571 -0.016834 0.078325 0.012153 0.996712
1341846314.290000 -0.185557 0.002857 -0.033628 -0.013310 0.081751 0.009200 0.996521
1341846314.326000 -0.203766 -0.017459 -0.041544 -0.018307 0.083365 0.008304 0.996316
1341846314.358000 -0.219129 -0.015477 -0.029567 -0.018637 0.089162 0.008347 0.995808
1341846314.390000 -0.222545 -0.007990 -0.018684 -0.015711 0.094320 0.006501 0.995397
1341846314.428000 -0.244418 -0.022767 -0.037820 -0.018531 0.095010 0.005134 0.995291
1341846314.494000 -0.256929 -0.022269 -0.030262 -0.016854 0.109196 -0.004137 0.993869
1341846314.526000 -0.256083 -0.024774 -0.048120 -0.017443 0.108382 -0.004642 0.993945
1341846314.558000 -0.284075 -0.026670 -0.037784 -0.018945 0.117665 -0.003263 0.992867
1341846314.594000 -0.323763 -0.026943 -0.033089 -0.017353 0.129746 -0.002529 0.991392
1341846314.626000 -0.329928 -0.024582 -0.049330 -0.016564 0.133645 -0.001952 0.990889
1341846314.658000 -0.324954 -0.023541 -0.047309 -0.018495 0.135905 -0.002397 0.990546
1341846314.694000 -0.313953 -0.029167 -0.034450 -0.018995 0.140239 -0.003966 0.989927
1341846314.726000 -0.368555 -0.001902 -0.021523 -0.012708 0.152434 -0.012195 0.988157
1341846314.762000 -0.317555 -0.033545 -0.038949 -0.010978 0.144862 0.003055 0.989386
1341846314.794000 -0.341976 -0.027480 -0.028978 -0.007021 0.150330 0.004763 0.988600
1341846314.826000 -0.382379 -0.025451 -0.025494 -0.004722 0.162365 0.003712 0.986713
1341846314.862000 -0.371411 -0.032626 -0.046020 -0.005657 0.163170 0.004954 0.986569
1341846314.894000 -0.341615 -0.035421 -0.061142 -0.006048 0.161146 0.007358 0.986885
1341846314.926000 -0.390118 -0.032128 -0.036404 -0.005367 0.175233 0.008710 0.984474
1341846314.962000 -0.330365 -0.022660 -0.063635 -0.006863 0.168542 0.015028 0.985556
1341846314.995000 -0.330485 -0.024996 -0.070533 -0.010399 0.169502 0.015837 0.985348
1341846315.030000 -0.342392 -0.029160 -0.074637 -0.011172 0.175888 0.014422 0.984241
1341846315.062000 -0.321831 -0.021437 -0.057664 -0.009977 0.176596 0.015200 0.984115
1341846315.094000 -0.328105 -0.022856 -0.061193 -0.010063 0.177145 0.015517 0.984011
1341846315.130000 -0.325044 -0.022495 -0.060607 -0.008531 0.177656 0.014093 0.983955
1341846315.162000 -0.352543 -0.000949 -0.084790 -0.008344 0.180794 0.013474 0.983393
1341846315.198000 -0.357989 -0.012195 -0.087855 -0.014840 0.180059 0.016951 0.983398
1341846315.230000 -0.342700 -0.010421 -0.081643 -0.020083 0.177772 0.009188 0.983824
1341846315.262000 -0.365824 -0.008168 -0.091001 -0.022115 0.178988 0.010936 0.983542
1341846315.298000 -0.363599 -0.010894 -0.093802 -0.024484 0.175645 0.012419 0.984071
1341846315.330000 -0.372151 0.009655 -0.090055 -0.018345 0.176742 0.007793 0.984055
1341846315.362000 -0.375663 0.027429 -0.086355 -0.010356 0.177590 0.006885 0.984026
1341846315.398000 -0.386109 0.050111 -0.082806 -0.005007 0.180350 0.005518 0.983574
1341846315.430000 -0.431336 0.079503 -0.063960 0.001405 0.192069 0.001981 0.981378
1341846315.466000 -0.477338 0.069796 -0.043751 0.000052 0.205664 0.001582 0.978621
1341846315.498000 -0.399953 0.094287 -0.071352 0.004520 0.194477 0.005303 0.980882
1341846315.530000 -0.400385 0.093699 -0.069410 0.004541 0.196216 0.006112 0.980531
1341846315.566000 -0.399513 0.097288 -0.065884 0.004342 0.198153 0.006574 0.980139
1341846315.598000 -0.405557 0.095887 -0.061510 0.003896 0.200957 0.005914 0.979574
1341846315.630000 -0.406212 0.097711 -0.053807 0.003980 0.202891 0.003742 0.979186
1341846315.666000 -0.419288 0.103388 -0.054092 0.003167 0.207112 0.001412 0.978311
1341846315.698000 -0.472102 0.101265 -0.036162 -0.003099 0.220472 -0.001779 0.975387
1341846315.734000 -0.457645 0.078405 -0.039318 -0.006616 0.218737 0.005356 0.975747
1341846315.766000 -0.491467 0.088150 -0.031369 -0.006393 0.221632 0.000715 0.975109
1341846315.798000 -0.525696 0.091385 -0.023175 -0.006206 0.228239 0.003427 0.973579
1341846315.834000 -0.616459 0.166817 0.000025 0.010884 0.244765 -0.000277 0.969521
1341846315.867000 -0.624701 0.174952 0.005937 0.014183 0.247291 -0.002969 0.968833
1341846315.898000 -0.630182 0.177635 0.012971 0.015583 0.249041 -0.003959 0.968359
1341846315.937000 -0.628883 0.186631 0.001997 0.019208 0.248936 -0.006439 0.968308
1341846315.967000 -0.644513 0.197523 0.019257 0.024062 0.252763 -0.011041 0.967166
1341846316.034000 -0.663051 0.219799 0.030093 0.028517 0.255263 -0.019655 0.966251
1341846316.066000 -0.670583 0.220797 0.033941 0.031121 0.255418 -0.019664 0.966130
1341846316.102000 -0.685329 0.222541 0.033559 0.032605 0.255360 -0.019439 0.966101
1341846316.134000 -0.695197 0.221967 0.040467 0.031190 0.253349 -0.020575 0.966653
1341846316.202000 -0.713190 0.216803 0.062378 0.030309 0.251369 -0.024295 0.967112
1341846316.234000 -0.718305 0.218720 0.060798 0.030598 0.250463 -0.025516 0.967306
1341846316.270000 -0.739683 0.216169 0.069085 0.028103 0.254059 -0.028932 0.966347
1341846316.302000 -0.760552 0.212041 0.088849 0.027953 0.257904 -0.030971 0.965269
1341846316.334000 -0.768250 0.214108 0.095125 0.030090 0.257336 -0.029926 0.965390
1341846316.370000 -0.771486 0.214433 0.103035 0.032104 0.256352 -0.029763 0.965592
1341846316.402000 -0.784250 0.218279 0.106868 0.034399 0.256268 -0.028811 0.965564
1341846316.438000 -0.772341 0.223080 0.110911 0.037387 0.253918 -0.025822 0.966158
1341846316.470000 -0.785787 0.244906 0.124464 0.045331 0.254448 -0.024907 0.965702
1341846316.502000 -0.779362 0.253042 0.125985 0.048297 0.249893 -0.021619 0.966827
1341846316.538000 -0.772220 0.246747 0.104712 0.044664 0.244231 -0.021429 0.968451
1341846316.570000 -0.768971 0.242238 0.125642 0.044064 0.244700 -0.022532 0.968335
1341846316.602000 -0.774426 0.244441 0.129448 0.046406 0.244009 -0.023762 0.968371
1341846316.638000 -0.781200 0.243117 0.131681 0.048883 0.242625 -0.022615 0.968624
1341846316.670000 -0.751429 0.242264 0.129285 0.050920 0.236716 -0.023596 0.969957
1341846316.706000 -0.746788 0.241270 0.147310 0.055055 0.236766 -0.024593 0.969694
1341846316.738000 -0.755046 0.251016 0.145324 0.059426 0.235832 -0.020727 0.969754
1341846316.770000 -0.740416 0.246589 0.131133 0.057209 0.230639 -0.019684 0.971157
1341846316.806000 -0.762269 0.244493 0.151396 0.058022 0.234639 -0.021120 0.970120
1341846316.838000 -0.729397 0.243856 0.157051 0.058886 0.229247 -0.020557 0.971368
1341846316.870000 -0.730321 0.241166 0.157386 0.059202 0.225137 -0.019068 0.972340
1341846316.906000 -0.722680 0.243342 0.160504 0.060356 0.220686 -0.019603 0.973278
1341846316.938000 -0.709151 0.246264 0.134641 0.060247 0.216079 -0.020831 0.974293
1341846316.974000 -0.713824 0.247209 0.145414 0.059399 0.214772 -0.021948 0.974609
1341846317.006000 -0.695980 0.248102 0.157749 0.058584 0.208206 -0.021819 0.976085
1341846317.038000 -0.710993 0.246320 0.161465 0.058747 0.207969 -0.022052 0.976121
1341846317.074000 -0.713888 0.246353 0.169013 0.060124 0.206033 -0.021891 0.976451
1341846317.106000 -0.717582 0.246239 0.178493 0.063247 0.203807 -0.018752 0.976786
1341846317.138000 -0.686052 0.257165 0.165752 0.068298 0.191404 -0.015582 0.979008
1341846317.174000 -0.701127 0.259693 0.163691 0.069363 0.185849 -0.013588 0.980033
1341846317.206000 -0.710413 0.257925 0.174285 0.069205 0.183459 -0.012449 0.980509
1341846317.248000 -0.719756 0.255667 0.168428 0.069954 0.181853 -0.011319 0.980769
1341846317.306000 -0.754062 0.257775 0.181738 0.071353 0.178239 -0.008666 0.981358
1341846317.348000 -0.765727 0.254416 0.188131 0.072129 0.180472 -0.008577 0.980894
1341846317.410000 -0.777398 0.260912 0.184301 0.075105 0.178625 -0.003081 0.981042
1341846317.443000 -0.788909 0.258471 0.192868 0.077495 0.179893 -0.002438 0.980626
1341846317.474000 -0.794606 0.263045 0.198737 0.084665 0.179585 0.000294 0.980092
1341846317.510000 -0.805810 0.267607 0.199118 0.087797 0.177335 0.003622 0.980220
1341846317.542000 -0.808090 0.268508 0.193309 0.086821 0.173917 0.004723 0.980914
1341846317.574000 -0.791196 0.266720 0.204321 0.087200 0.172519 0.005280 0.981125
1341846317.610000 -0.812063 0.262546 0.210279 0.089059 0.175961 0.003483 0.980354
1341846317.644000 -0.824962 0.269673 0.208584 0.092492 0.175636 0.006276 0.980081
1341846317.678000 -0.841404 0.262620 0.215189 0.092475 0.173748 0.008410 0.980403
1341846317.710000 -0.840529 0.262695 0.211755 0.094820 0.170297 0.007663 0.980790
1341846317.742000 -0.845288 0.271007 0.199498 0.095479 0.168613 0.008298 0.981012
1341846317.778000 -0.847750 0.267977 0.199359 0.092895 0.167493 0.007274 0.981460
1341846317.810000 -0.829857 0.266043 0.196408 0.092031 0.160828 0.005519 0.982667
1341846317.842000 -0.830010 0.268212 0.179663 0.090746 0.157504 0.004117 0.983331
1341846317.878000 -0.813323 0.267809 0.170493 0.087778 0.153470 0.001043 0.984246
1341846317.910000 -0.799857 0.265756 0.168807 0.086803 0.151995 -0.001747 0.984561
1341846317.946000 -0.804918 0.269234 0.202740 0.089254 0.154284 -0.000869 0.983987
1341846317.978000 -0.812565 0.262788 0.215461 0.090216 0.153525 -0.000456 0.984018
1341846318.010000 -0.757757 0.266901 0.148019 0.092676 0.140903 -0.002314 0.985673
1341846318.046000 -0.751720 0.272581 0.128099 0.093430 0.139286 -0.002097 0.985833
1341846318.078000 -0.715620 0.269244 0.113249 0.091564 0.131238 -0.004237 0.987104
1341846318.110000 -0.724082 0.271612 0.125553 0.091534 0.130930 -0.006119 0.987138
1341846318.146000 -0.749800 0.274110 0.142889 0.091108 0.130967 -0.007507 0.987163
1341846318.178000 -0.747848 0.274973 0.143749 0.090520 0.130763 -0.009962 0.987222
1341846318.214000 -0.748669 0.273817 0.144271 0.091331 0.128146 -0.010610 0.987484
1341846318.246000 -0.740652 0.280281 0.151746 0.095381 0.120819 -0.010038 0.988031
1341846318.278000 -0.755782 0.281867 0.158051 0.098978 0.118143 -0.010038 0.988000
1341846318.314000 -0.743592 0.287836 0.147929 0.101331 0.108228 -0.011310 0.988884
1341846318.346000 -0.732125 0.291564 0.109971 0.102101 0.095006 -0.012996 0.990142
1341846318.382000 -0.742103 0.296148 0.130790 0.104455 0.089076 -0.014325 0.990429
1341846318.414000 -0.753931 0.293239 0.126444 0.105164 0.082670 -0.014445 0.990907
1341846318.446000 -0.758059 0.291670 0.137432 0.106993 0.076830 -0.014341 0.991183
1341846318.482000 -0.759770 0.295272 0.139733 0.108632 0.074152 -0.014315 0.991209
1341846318.514000 -0.772770 0.293069 0.144899 0.108506 0.073498 -0.013564 0.991282
1341846318.546000 -0.785596 0.292423 0.152713 0.109828 0.073167 -0.014673 0.991145
1341846318.582000 -0.793518 0.297308 0.154176 0.111463 0.073424 -0.014559 0.990946
1341846318.614000 -0.806968 0.297908 0.150137 0.110763 0.073387 -0.015429 0.991014
1341846318.650000 -0.818214 0.299117 0.163588 0.110282 0.073458 -0.018780 0.991004
1341846318.682000 -0.828252 0.297417 0.154277 0.109122 0.073265 -0.020374 0.991115
1341846318.714000 -0.842248 0.297208 0.165456 0.108692 0.072931 -0.020893 0.991176
1341846318.750000 -0.866250 0.294451 0.179880 0.109287 0.074036 -0.020589 0.991035
1341846318.782000 -0.885147 0.298812 0.187522 0.111513 0.074237 -0.019170 0.990801
1341846318.814000 -0.914455 0.297475 0.199757 0.110629 0.071498 -0.021472 0.991054
1341846318.850000 -0.932224 0.294799 0.211892 0.110450 0.066523 -0.024396 0.991353
1341846318.884000 -0.944326 0.294314 0.219790 0.113074 0.059318 -0.027780 0.991425
1341846318.918000 -0.971808 0.297088 0.220498 0.114931 0.051257 -0.028619 0.991637
1341846318.950000 -1.018837 0.296395 0.235203 0.116288 0.046087 -0.032899 0.991600
1341846318.982000 -1.028656 0.298060 0.227969 0.117095 0.042447 -0.035666 0.991572
1341846319.018000 -1.051448 0.296887 0.207390 0.115806 0.037214 -0.035676 0.991933
1341846319.051000 -1.072729 0.289177 0.237292 0.117005 0.032659 -0.038166 0.991860
1341846319.082000 -1.091589 0.290866 0.242052 0.122095 0.033919 -0.041981 0.991050
1341846319.118000 -1.128697 0.303200 0.237708 0.125775 0.035959 -0.036950 0.990718
1341846319.150000 -1.153884 0.302187 0.247235 0.128214 0.032756 -0.031168 0.990715
1341846319.186000 -1.184766 0.306719 0.247031 0.130033 0.031760 -0.027779 0.990612
1341846319.218000 -1.216442 0.311149 0.250852 0.126868 0.038953 -0.027382 0.990776
1341846319.250000 -1.243115 0.308227 0.266099 0.121340 0.046433 -0.028076 0.991127
1341846319.287000 -1.258253 0.305747 0.284477 0.120558 0.049475 -0.025689 0.991140
1341846319.318000 -1.301691 0.307162 0.299582 0.122007 0.051699 -0.021939 0.990939
1341846319.350000 -1.312007 0.306475 0.304825 0.123558 0.052046 -0.016223 0.990839
1341846319.386000 -1.329745 0.307113 0.311396 0.126326 0.048234 -0.010599 0.990759
1341846319.418000 -1.332728 0.307060 0.308422 0.127026 0.042753 -0.008184 0.990944
1341846319.454000 -1.388977 0.311014 0.316158 0.127193 0.049016 -0.012313 0.990590
1341846319.486000 -1.403127 0.312280 0.316868 0.125961 0.049432 -0.012953 0.990718
1341846319.554000 -1.338789 0.310892 0.331418 0.120785 0.031406 -0.012446 0.992104
1341846319.586000 -1.358906 0.308349 0.334094 0.120186 0.032925 -0.016253 0.992072
1341846319.622000 -1.396919 0.313139 0.339871 0.118364 0.032340 -0.019536 0.992251
1341846319.654000 -1.396078 0.304033 0.365569 0.117034 0.026761 -0.020064 0.992565
1341846319.686000 -1.412846 0.314364 0.385887 0.120324 0.023265 -0.020109 0.992258
1341846319.722000 -1.423531 0.319252 0.371928 0.120807 0.019493 -0.018891 0.992305
1341846319.754000 -1.427093 0.323729 0.365530 0.117232 0.016979 -0.017648 0.992803
1341846319.786000 -1.424522 0.322861 0.383944 0.113642 0.016498 -0.013120 0.993298
1341846319.822000 -1.431359 0.328485 0.387094 0.111540 0.015821 -0.009109 0.993592
1341846319.854000 -1.431942 0.325529 0.392489 0.106479 0.014693 -0.003933 0.994199
1341846319.890000 -1.441416 0.317806 0.393119 0.103762 0.014529 -0.000017 0.994496
1341846319.922000 -1.450940 0.315895 0.389789 0.103289 0.010644 0.000019 0.994594
1341846319.954000 -1.438979 0.313501 0.397303 0.103337 0.003757 -0.003891 0.994632
1341846319.990000 -1.439819 0.314159 0.398798 0.105104 0.000823 -0.010882 0.994401
1341846320.028000 -1.447742 0.312015 0.405739 0.106499 -0.002897 -0.012621 0.994228
1341846320.090000 -1.425585 0.317044 0.387303 0.111330 -0.011836 -0.011118 0.993651
1341846320.122000 -1.426296 0.317716 0.388207 0.112308 -0.008864 -0.009697 0.993587
1341846320.158000 -1.413908 0.314853 0.395152 0.112690 -0.006736 -0.009376 0.993563
1341846320.190000 -1.396614 0.307306 0.408846 0.115272 -0.004354 -0.010924 0.993264
1341846320.222000 -1.397293 0.305037 0.393003 0.119021 -0.000507 -0.010778 0.992833
1341846320.258000 -1.387642 0.299660 0.387511 0.123036 -0.000093 -0.009007 0.992361
1341846320.290000 -1.378901 0.288408 0.380261 0.127979 -0.001464 -0.009805 0.991727
1341846320.322000 -1.345774 0.302759 0.419576 0.138164 -0.005597 -0.009843 0.990345
1341846320.358000 -1.352084 0.302240 0.380396 0.142905 -0.003540 -0.009901 0.989681
1341846320.390000 -1.323899 0.297668 0.371278 0.144223 -0.000749 -0.008847 0.989505
1341846320.427000 -1.320858 0.297401 0.367716 0.147041 0.008101 -0.012859 0.989014
1341846320.458000 -1.317097 0.296684 0.372660 0.148206 0.015633 -0.015052 0.988718
1341846320.490000 -1.308877 0.293413 0.381930 0.152360 0.022547 -0.016807 0.987925
1341846320.526000 -1.284829 0.293825 0.361679 0.155461 0.028292 -0.017872 0.987275
1341846320.558000 -1.260807 0.295612 0.346594 0.156341 0.030644 -0.021124 0.987002
1341846320.594000 -1.253793 0.292070 0.362483 0.157746 0.037072 -0.026017 0.986441
1341846320.632000 -1.244566 0.294530 0.351658 0.160407 0.044258 -0.026835 0.985693
1341846320.665000 -1.230172 0.296230 0.339183 0.160509 0.047781 -0.028047 0.985478
1341846320.700000 -1.204225 0.291498 0.347476 0.160598 0.050409 -0.029914 0.985278
1341846320.732000 -1.153899 0.292182 0.322209 0.162455 0.049234 -0.029825 0.985035
1341846320.764000 -1.145514 0.310333 0.273560 0.160556 0.050094 -0.027995 0.985357
1341846320.800000 -1.105388 0.296042 0.294063 0.153524 0.047362 -0.032492 0.986474
1341846320.832000 -1.053024 0.279274 0.304008 0.153865 0.052971 -0.034059 0.986083
1341846320.864000 -1.023525 0.302432 0.226555 0.153703 0.058019 -0.031069 0.985923
1341846320.900000 -0.990857 0.288879 0.244400 0.147649 0.051130 -0.026689 0.987357
1341846320.932000 -0.953414 0.275763 0.249050 0.147930 0.049426 -0.027202 0.987387
1341846320.968000 -0.925543 0.298215 0.195019 0.148264 0.053088 -0.029239 0.987089
1341846321.000000 -0.892754 0.294839 0.222527 0.143127 0.051308 -0.029337 0.987938
1341846321.032000 -0.859462 0.294439 0.187980 0.140148 0.051368 -0.033007 0.988246
1341846321.068000 -0.844065 0.294935 0.179895 0.140066 0.054705 -0.034391 0.988031
1341846321.100000 -0.819986 0.293135 0.167708 0.137529 0.054756 -0.032853 0.988437
1341846321.132000 -0.795543 0.283763 0.158866 0.137283 0.055193 -0.032180 0.988469
1341846321.168000 -0.769817 0.289347 0.151866 0.140665 0.057952 -0.031303 0.987864
1341846321.200000 -0.750046 0.293207 0.152744 0.141523 0.059307 -0.030706 0.987680
1341846321.232000 -0.733643 0.292703 0.146413 0.141174 0.059581 -0.032705 0.987649
1341846321.268000 -0.707828 0.295731 0.132872 0.141581 0.060122 -0.036016 0.987443
1341846321.300000 -0.693510 0.292952 0.132025 0.140035 0.064512 -0.041326 0.987178
1341846321.332000 -0.669563 0.290147 0.124889 0.139917 0.066233 -0.044262 0.986953
1341846321.368000 -0.631115 0.287164 0.114839 0.141567 0.065606 -0.046904 0.986638
1341846321.400000 -0.598615 0.293876 0.106104 0.144566 0.067430 -0.046897 0.986080
1341846321.436000 -0.565992 0.301559 0.108514 0.148228 0.068395 -0.045408 0.985540
1341846321.468000 -0.557467 0.303334 0.108856 0.150480 0.070938 -0.044879 0.985043
1341846321.500000 -0.541425 0.303076 0.095611 0.151789 0.072733 -0.044807 0.984714
1341846321.536000 -0.529722 0.307733 0.081197 0.151288 0.078121 -0.047475 0.984254
1341846321.569000 -0.493501 0.316506 0.076586 0.149304 0.080129 -0.048217 0.984359
1341846321.604000 -0.453494 0.324280 0.061606 0.148258 0.077622 -0.047425 0.984757
1341846321.637000 -0.419651 0.328799 0.039046 0.146124 0.079925 -0.047072 0.984908
1341846321.668000 -0.415594 0.330108 0.045117 0.142450 0.088634 -0.043068 0.984884
1341846321.704000 -0.391953 0.331394 0.055263 0.140480 0.085841 -0.033966 0.985770
1341846321.737000 -0.397668 0.332077 0.051890 0.139887 0.084501 -0.027453 0.986173
1341846321.772000 -0.393527 0.344557 0.046404 0.138019 0.085862 -0.021358 0.986470
1341846321.804000 -0.377147 0.344040 0.043046 0.134651 0.087542 -0.017965 0.986855
1341846321.836000 -0.362009 0.347410 0.046158 0.132318 0.086830 -0.017445 0.987243
1341846321.872000 -0.361372 0.308985 -0.008058 0.123112 0.087991 -0.007386 0.988457
1341846321.904000 -0.354193 0.294771 -0.020061 0.115501 0.089036 -0.007930 0.989277
1341846321.940000 -0.364562 0.291922 -0.004534 0.111184 0.094465 -0.012002 0.989227
1341846322.004000 -0.365653 0.263292 -0.033551 0.101282 0.091987 -0.010171 0.990544
1341846322.066000 -0.324264 0.263609 -0.038840 0.097237 0.093094 -0.013344 0.990808
1341846322.108000 -0.328108 0.247930 -0.038181 0.094374 0.095209 -0.014418 0.990869
1341846322.166000 -0.349218 0.232888 -0.007456 0.098302 0.098024 -0.015922 0.990189
1341846322.203000 -0.341730 0.228433 -0.015647 0.099428 0.094665 -0.016002 0.990402
1341846322.234000 -0.341388 0.222244 -0.032576 0.097748 0.093000 -0.017521 0.990701
1341846322.266000 -0.337758 0.212003 -0.028136 0.095159 0.089698 -0.016777 0.991271
1341846322.302000 -0.330761 0.200399 -0.021359 0.093663 0.087656 -0.015673 0.991614
1341846322.334000 -0.338914 0.186856 -0.030019 0.092530 0.085706 -0.016409 0.991879
1341846322.370000 -0.321362 0.176599 -0.019540 0.093642 0.079211 -0.019385 0.992261
1341846322.402000 -0.293559 0.169062 -0.023899 0.095524 0.078421 -0.021821 0.992093
1341846322.434000 -0.314795 0.177730 0.011127 0.103148 0.082279 -0.028749 0.990840
1341846322.470000 -0.316820 0.144660 0.013877 0.109423 0.077345 -0.023689 0.990698
1341846322.502000 -0.297636 0.137696 -0.008952 0.116213 0.072185 -0.019977 0.990396
1341846322.534000 -0.295957 0.123432 -0.009556 0.124828 0.071863 -0.020083 0.989369
1341846322.570000 -0.295446 0.120351 0.003790 0.135016 0.071125 -0.017757 0.988128
1341846322.602000 -0.301529 0.116541 0.004530 0.141448 0.067946 -0.014635 0.987503
