# timestamp tx ty tz qx qy qz qw
1341846313.654000 0.000000 0.000000 0.000000 0.000000 0.000000 0.000000 1.000000
1341846313.686000 -0.007365 -0.007161 -0.021417 -0.000197 0.000427 -0.000310 1.000000
1341846313.722000 -0.010098 -0.014161 -0.020927 -0.001819 0.000973 0.000572 0.999998
1341846313.754000 -0.014288 -0.013315 -0.027115 -0.001615 0.002276 0.000579 0.999996
1341846313.790000 -0.018568 0.008827 -0.016564 0.002906 0.003261 0.000505 0.999990
1341846313.822000 -0.011216 0.002094 -0.021277 0.001233 0.004256 -0.000103 0.999990
1341846313.854000 -0.025117 0.007317 -0.029396 0.002138 0.010000 -0.001470 0.999947
1341846313.890000 -0.020573 0.027558 -0.018964 0.005622 0.011316 -0.001590 0.999919
1341846313.922000 -0.016501 0.008427 -0.029205 0.000542 0.011761 -0.000761 0.999930
1341846313.958000 -0.040374 0.033762 -0.031630 0.004723 0.019815 -0.002615 0.999789
1341846313.990000 -0.068789 0.020406 -0.041459 0.002280 0.030579 -0.002063 0.999528
1341846314.022000 -0.064549 0.022934 -0.053083 0.000963 0.031617 0.000002 0.999500
1341846314.058000 -0.052562 -0.010972 -0.062020 -0.006210 0.030643 0.004965 0.999499
1341846314.090000 -0.148893 -0.026499 -0.039517 -0.007973 0.054757 0.003867 0.998460
1341846314.122000 -0.115959 -0.074667 -0.049320 -0.020339 0.053021 0.009401 0.998342
1341846314.158000 -0.126415 -0.100514 -0.052912 -0.026573 0.057748 0.010797 0.997919
1341846314.190000 -0.144916 -0.098229 -0.048607 -0.025612 0.064104 0.011813 0.997545
1341846314.226000 -0.087298 -0.107298 -0.069810 -0.029221 0.057143 0.016020 0.997810
1341846314.258000 -0.114985 -0.116341 -0.070774 -0.031482 0.063353 0.015172 0.997379
1341846314.290000 -0.154140 -0.143510 -0.062724 -0.034488 0.071031 0.013731 0.996783
1341846314.326000 -0.125955 -0.149986 -0.076945 -0.037224 0.068591 0.015673 0.996827
1341846314.358000 -0.207829 -0.141395 -0.049181 -0.037546 0.081651 0.013751 0.995859
1341846314.390000 -0.208239 -0.116707 -0.043303 -0.031342 0.088585 0.013125 0.995489
1341846314.428000 -0.187772 -0.133651 -0.058810 -0.036604 0.083131 0.015325 0.995748
1341846314.494000 -0.239164 -0.124752 -0.047648 -0.031837 0.105770 0.005665 0.993865
1341846314.526000 -0.212302 -0.134935 -0.070537 -0.034250 0.097793 0.003357 0.994612
1341846314.558000 -0.213015 -0.098882 -0.068260 -0.028910 0.099914 0.001104 0.994575
1341846314.594000 -0.256695 -0.102149 -0.063099 -0.028863 0.112449 -0.000413 0.993238
1341846314.626000 -0.234445 -0.110488 -0.078297 -0.028704 0.111466 -0.003002 0.993349
1341846314.658000 -0.209474 -0.116612 -0.083940 -0.030674 0.108952 -0.000594 0.993573
1341846314.694000 -0.358318 -0.136476 -0.049624 -0.033151 0.108879 -0.002721 0.993498
1341846314.726000 -0.384880 -0.070011 -0.021020 -0.031849 0.143562 -0.027084 0.988758
1341846314.762000 -0.156241 -0.136568 -0.094994 -0.036955 0.109190 0.003901 0.993326
1341846314.794000 -0.275019 -0.153147 -0.051545 -0.029357 0.127722 0.003879 0.991368
1341846314.826000 -0.312711 -0.083585 -0.053018 -0.014808 0.137944 0.001697 0.990328
1341846314.862000 -0.422587 -0.135302 -0.048838 -0.022698 0.163882 0.005218 0.986205
1341846314.894000 -0.213313 -0.150596 -0.098543 -0.025938 0.126496 0.006695 0.991605
1341846314.926000 -0.324401 -0.136374 -0.050341 -0.023359 0.146716 0.003025 0.988898
1341846314.962000 -0.200307 -0.139291 -0.085525 -0.027315 0.110628 0.014769 0.993377
1341846314.995000 -0.203287 -0.159271 -0.094560 -0.033423 0.111525 0.015418 0.993080
1341846315.030000 -0.237257 -0.181210 -0.093801 -0.036216 0.120939 0.011338 0.991934
1341846315.062000 -0.256878 -0.154421 -0.057324 -0.032394 0.127283 0.010665 0.991280
1341846315.094000 -0.255967 -0.163029 -0.063485 -0.035047 0.127483 0.011547 0.991154
1341846315.130000 -0.286829 -0.139526 -0.063419 -0.029065 0.133265 0.005646 0.990638
1341846315.162000 -0.306875 -0.162587 -0.097370 -0.037163 0.137898 0.003671 0.989742
1341846315.198000 -0.326698 -0.149217 -0.099952 -0.033268 0.137286 0.016712 0.989832
1341846315.230000 -0.326856 -0.132509 -0.089590 -0.039007 0.136594 -0.003388 0.989853
1341846315.262000 -0.358479 -0.128372 -0.087688 -0.039622 0.138541 -0.007343 0.989536
1341846315.298000 -0.361372 -0.176103 -0.088084 -0.051949 0.135790 -0.004560 0.989364
1341846315.330000 -0.377292 -0.189994 -0.073436 -0.054659 0.138069 -0.003382 0.988907
1341846315.362000 -0.451838 -0.163288 -0.056139 -0.046133 0.151609 -0.008316 0.987328
1341846315.398000 -0.406864 -0.139037 -0.062507 -0.041349 0.143244 -0.011603 0.988755
1341846315.430000 -0.431172 -0.140300 -0.042143 -0.043920 0.148619 -0.014265 0.987816
1341846315.466000 -0.442997 -0.119891 -0.037689 -0.040316 0.153425 -0.022742 0.987076
1341846315.498000 -0.448149 -0.106655 -0.032510 -0.040079 0.157924 -0.021603 0.986401
1341846315.530000 -0.465203 -0.109660 -0.024259 -0.041273 0.161428 -0.023668 0.985737
1341846315.566000 -0.479421 -0.105731 -0.008876 -0.042870 0.165218 -0.025937 0.984984
1341846315.598000 -0.489799 -0.087725 -0.008083 -0.040747 0.166853 -0.029015 0.984712
1341846315.630000 -0.495643 -0.067492 -0.002500 -0.038287 0.167923 -0.034520 0.984451
1341846315.666000 -0.499174 -0.047824 -0.006977 -0.035615 0.168355 -0.038765 0.984320
1341846315.698000 -0.547820 -0.039121 0.010218 -0.037771 0.180392 -0.040017 0.982054
1341846315.734000 -0.615175 -0.127639 0.041773 -0.047620 0.194699 -0.023434 0.979426
1341846315.766000 -0.655059 -0.112234 0.047575 -0.052325 0.199022 -0.036111 0.977931
1341846315.798000 -0.652979 -0.100043 0.044248 -0.049680 0.197033 -0.033457 0.978566
1341846315.834000 -0.635004 -0.114317 0.036173 -0.050052 0.192361 -0.035103 0.979418
1341846315.867000 -0.648538 -0.084241 0.041351 -0.045207 0.195587 -0.043397 0.978682
1341846315.898000 -0.702818 -0.054899 0.037371 -0.039453 0.206361 -0.044280 0.976677
1341846315.937000 -0.719699 -0.058848 0.033088 -0.038438 0.209334 -0.043907 0.976101
1341846315.967000 -0.705777 -0.065079 0.063635 -0.039597 0.206890 -0.050492 0.976258
1341846316.034000 -0.675961 -0.020680 0.055810 -0.033227 0.199502 -0.059411 0.977530
1341846316.066000 -0.692817 -0.020588 0.058295 -0.031370 0.200576 -0.059542 0.977364
1341846316.102000 -0.688398 -0.032841 0.056554 -0.030718 0.199389 -0.051960 0.978060
1341846316.134000 -0.705188 -0.021211 0.061898 -0.028079 0.198074 -0.051692 0.978420
1341846316.202000 -0.746089 -0.042029 0.091349 -0.032435 0.200724 -0.055057 0.977561
1341846316.234000 -0.764567 -0.029694 0.091437 -0.030988 0.201666 -0.058706 0.977202
1341846316.270000 -0.783722 -0.050055 0.099781 -0.036383 0.203628 -0.059787 0.976544
1341846316.302000 -0.803155 -0.056731 0.115701 -0.038112 0.205484 -0.062169 0.975940
1341846316.334000 -0.784555 -0.059473 0.118416 -0.038382 0.198455 -0.062074 0.977389
1341846316.370000 -0.836677 -0.042397 0.138966 -0.034908 0.206873 -0.064329 0.975626
1341846316.402000 -0.842999 -0.053023 0.142615 -0.035727 0.204102 -0.061709 0.976349
1341846316.438000 -0.857613 -0.044566 0.144240 -0.033915 0.204755 -0.062187 0.976247
1341846316.470000 -0.872395 -0.051560 0.159402 -0.033151 0.205511 -0.059829 0.976262
1341846316.502000 -0.902590 -0.031407 0.170788 -0.028301 0.207237 -0.057734 0.976175
1341846316.538000 -0.922797 -0.024692 0.147162 -0.028013 0.206062 -0.054458 0.976621
1341846316.570000 -0.933142 -0.000248 0.170792 -0.023677 0.207115 -0.056789 0.976380
1341846316.602000 -0.946608 -0.000323 0.179327 -0.022666 0.208085 -0.055780 0.976256
1341846316.638000 -0.965680 -0.013659 0.189637 -0.024390 0.209164 -0.056687 0.975932
1341846316.670000 -0.974118 -0.008977 0.198708 -0.021787 0.210072 -0.056445 0.975812
1341846316.706000 -0.893774 0.040900 0.186556 -0.008126 0.196021 -0.060203 0.978716
1341846316.738000 -0.927810 0.031581 0.192970 -0.008182 0.198842 -0.058445 0.978253
1341846316.770000 -0.998932 0.012769 0.210858 -0.012233 0.212575 -0.053778 0.975587
1341846316.806000 -0.992549 0.016826 0.223585 -0.011120 0.211618 -0.053173 0.975842
1341846316.838000 -0.945535 0.043823 0.213712 -0.004158 0.200974 -0.053488 0.978126
1341846316.870000 -0.937298 0.045087 0.205751 -0.002952 0.195732 -0.051706 0.979289
1341846316.906000 -0.932735 0.067350 0.213069 0.001077 0.192830 -0.051630 0.979872
1341846316.938000 -0.881882 0.104430 0.172354 0.010821 0.182764 -0.046086 0.982016
1341846316.974000 -0.938043 0.118922 0.188806 0.011717 0.191524 -0.043128 0.980470
1341846317.006000 -0.910666 0.175965 0.190211 0.023228 0.182316 -0.046387 0.981870
1341846317.038000 -0.894813 0.166068 0.184842 0.021687 0.176226 -0.048229 0.982928
1341846317.074000 -0.922883 0.136946 0.203505 0.016046 0.180179 -0.047531 0.982354
1341846317.106000 -0.851719 0.089052 0.195668 0.008505 0.161108 -0.046338 0.985812
1341846317.138000 -0.836035 0.030925 0.194092 -0.002172 0.152688 -0.037845 0.987547
1341846317.174000 -0.929982 0.130171 0.207005 0.021562 0.167319 -0.018573 0.985492
1341846317.206000 -0.864570 0.072152 0.197077 0.005987 0.146573 -0.034843 0.988568
1341846317.248000 -0.935368 0.043480 0.207704 0.000875 0.160005 -0.030064 0.986658
1341846317.306000 -0.925335 0.038502 0.205206 -0.001581 0.145533 -0.034217 0.988760
1341846317.348000 -0.991760 0.060833 0.230017 0.002144 0.159598 -0.035014 0.986559
1341846317.410000 -0.976147 0.028427 0.216516 -0.002447 0.153331 -0.030989 0.987686
1341846317.443000 -0.985241 0.016016 0.232603 -0.005076 0.153841 -0.029351 0.987647
1341846317.474000 -0.919607 0.042986 0.216265 0.006107 0.137824 -0.026332 0.990088
1341846317.510000 -0.909362 0.039255 0.208885 0.007016 0.131907 -0.024676 0.990930
1341846317.542000 -0.909693 0.035219 0.203175 0.005821 0.128110 -0.027120 0.991372
1341846317.574000 -0.826963 0.030655 0.206266 0.004926 0.115978 -0.015697 0.993115
1341846317.610000 -0.867170 0.016341 0.213011 0.002444 0.120666 -0.026385 0.992339
1341846317.644000 -0.871666 0.023676 0.206322 0.006000 0.119086 -0.021677 0.992629
1341846317.678000 -0.931607 0.047475 0.228441 0.007242 0.102219 0.052867 0.993330
1341846317.710000 -0.945319 0.052460 0.232573 0.009165 0.097056 0.074528 0.992442
1341846317.742000 -0.925593 0.045354 0.230478 0.011340 0.090367 0.093883 0.991409
1341846317.778000 -0.987375 0.065865 0.242915 0.011792 0.089869 0.079115 0.992736
1341846317.810000 -1.063013 0.089661 0.259138 0.011724 0.090245 0.081553 0.992506
1341846317.842000 -1.170503 0.138903 0.305814 0.034525 0.071686 0.195453 0.977480
1341846317.878000 -1.231295 0.092326 0.316200 0.036304 0.070415 0.209423 0.974611
1341846317.910000 -1.131445 0.220889 0.315263 0.036594 0.059719 0.245426 0.966882
1341846317.946000 -1.168241 0.240141 0.355853 0.041659 0.062676 0.244240 0.966790
1341846317.978000 -1.188113 0.228005 0.361409 0.042755 0.063682 0.242914 0.967011
1341846318.010000 -0.731188 0.170697 0.260639 0.041915 0.049501 0.291679 0.954315
1341846318.046000 -0.689296 0.176613 0.234075 0.041562 0.044907 0.298159 0.952553
1341846318.078000 -0.689287 0.188633 0.231781 0.044501 0.043054 0.300661 0.951719
1341846318.110000 -0.694745 0.176782 0.248648 0.042451 0.042140 0.301262 0.951663
1341846318.146000 -0.684513 0.179772 0.257618 0.041205 0.037905 0.297212 0.953169
1341846318.178000 -0.666745 0.199544 0.254278 0.042640 0.034644 0.297569 0.953118
1341846318.214000 -0.679638 0.224752 0.254807 0.050897 0.033226 0.300929 0.951708
1341846318.246000 -0.700051 0.248697 0.268218 0.059666 0.031394 0.305055 0.949945
1341846318.278000 -0.762577 0.179242 0.276142 0.052472 0.038917 0.296056 0.952934
1341846318.314000 -0.828062 -0.259470 0.260337 0.047043 0.030634 0.262229 0.963371
1341846318.346000 -0.599368 0.155639 0.235042 0.049397 -0.001448 0.288506 0.956202
1341846318.382000 -0.658848 0.189806 0.246136 0.062656 -0.003081 0.288938 0.955290
1341846318.414000 -0.729550 0.311832 0.246388 0.092587 -0.003529 0.320832 0.942593
1341846318.446000 -0.727584 0.290979 0.261561 0.091825 -0.010774 0.314966 0.944589
1341846318.482000 -0.734877 0.283390 0.266299 0.092129 -0.011602 0.313152 0.945153
1341846318.514000 -0.735906 0.273941 0.270585 0.091389 -0.013449 0.311490 0.945749
1341846318.546000 -0.751379 0.292210 0.270921 0.097320 -0.013213 0.309397 0.945848
1341846318.582000 -0.788619 0.288210 0.273369 0.100079 -0.007675 0.308358 0.945960
1341846318.614000 -0.770400 0.264684 0.263164 0.094938 -0.012207 0.307771 0.946633
1341846318.650000 -0.779710 0.241485 0.278088 0.091096 -0.013122 0.301537 0.949002
1341846318.682000 -0.692262 0.277386 0.258751 0.094083 -0.034521 0.298715 0.949066
1341846318.714000 -0.732108 0.272430 0.278414 0.094857 -0.031278 0.294248 0.950496
1341846318.750000 -0.752678 0.233762 0.278576 0.089890 -0.029183 0.289241 0.952580
1341846318.782000 -0.786648 0.235327 0.285422 0.093547 -0.027469 0.285979 0.953263
1341846318.814000 -0.780805 0.164718 0.288364 0.084266 -0.032502 0.284911 0.954290
1341846318.850000 -0.911484 0.236734 0.306603 0.112132 -0.018662 0.336668 0.934737
1341846318.884000 -0.911484 0.236734 0.306603 0.112132 -0.018662 0.336668 0.934737
1341846318.918000 -0.911484 0.236734 0.306603 0.112132 -0.018662 0.336668 0.934737
1341846318.950000 -0.911484 0.236734 0.306603 0.112132 -0.018662 0.336668 0.934737
1341846318.982000 -0.911484 0.236734 0.306603 0.112132 -0.018662 0.336668 0.934737
1341846319.018000 -0.911484 0.236734 0.306603 0.112132 -0.018662 0.336668 0.934737
1341846319.051000 -0.911484 0.236734 0.306603 0.112132 -0.018662 0.336668 0.934737
1341846319.082000 -0.911484 0.236734 0.306603 0.112132 -0.018662 0.336668 0.934737
1341846319.118000 -0.911484 0.236734 0.306603 0.112132 -0.018662 0.336668 0.934737
1341846319.150000 -0.911484 0.236734 0.306603 0.112132 -0.018662 0.336668 0.934737
1341846319.186000 -0.911484 0.236734 0.306603 0.112132 -0.018662 0.336668 0.934737
1341846319.218000 -0.911484 0.236734 0.306603 0.112132 -0.018662 0.336668 0.934737
1341846319.250000 -0.969931 0.190461 0.324770 0.103361 -0.004026 0.352372 0.930126
1341846319.287000 -1.088020 0.106974 0.347115 0.113250 0.028081 0.442022 0.889383
1341846319.318000 -1.013619 0.164845 0.310972 0.099837 0.018614 0.402815 0.909630
1341846319.350000 -1.086534 0.112106 0.330983 0.101137 0.031921 0.412482 0.904771
1341846319.386000 -1.335718 0.385924 0.406504 0.113113 0.041660 0.467518 0.875726
1341846319.418000 -1.498897 0.691147 0.454183 0.100389 0.020067 0.415278 0.903916
1341846319.454000 -1.315370 0.399737 0.404615 0.110855 0.019660 0.429046 0.896239
1341846319.486000 -1.294141 0.412425 0.387172 0.090992 0.013536 0.378642 0.920960
1341846319.554000 -1.356558 0.378978 0.405417 0.068266 0.009456 0.325761 0.942937
1341846319.586000 -1.317870 0.411756 0.382199 0.075957 -0.011123 0.318023 0.944970
1341846319.622000 -1.317870 0.411756 0.382199 0.075957 -0.011123 0.318023 0.944970
1341846319.654000 -1.569958 0.198371 0.485565 0.051611 0.034483 0.295854 0.953215
1341846319.686000 -1.569958 0.198371 0.485565 0.051611 0.034483 0.295854 0.953215
1341846319.722000 -1.427759 0.319579 0.439689 0.059297 0.023889 0.295559 0.953183
1341846319.754000 -1.452449 0.333985 0.445821 0.052952 0.020514 0.269173 0.961416
1341846319.786000 -1.444654 0.343064 0.443002 0.058085 0.022507 0.301550 0.951413
1341846319.822000 -1.463144 0.321836 0.448701 0.054548 0.024420 0.292454 0.954410
1341846319.854000 -1.503502 0.275350 0.462010 0.055015 0.027822 0.311817 0.948140
1341846319.890000 -1.503381 0.306817 0.460725 0.051269 0.028313 0.315026 0.947274
1341846319.922000 -1.371896 0.379230 0.423300 0.052338 0.024636 0.315874 0.947036
1341846319.954000 -1.651486 0.176223 0.610166 0.047678 0.045411 0.318005 0.945800
1341846319.990000 -1.631514 0.373966 0.620706 0.004951 0.059423 -0.007879 0.998190
1341846320.028000 -1.586204 0.284062 0.607150 0.029558 0.045378 0.177507 0.982628
1341846320.090000 -1.668585 0.390564 0.631499 0.019492 0.056812 0.051883 0.996845
1341846320.122000 -1.528980 0.234547 0.577921 0.057591 0.041093 0.306013 0.949395
1341846320.158000 -1.562574 0.190287 0.620337 0.053147 0.047482 0.308716 0.948481
1341846320.190000 -1.480098 0.202876 0.618711 0.054972 0.042150 0.322454 0.944047
1341846320.222000 -1.510490 0.209133 0.604203 0.056266 0.047972 0.307068 0.948811
1341846320.258000 -1.688329 0.115748 0.633794 0.050942 0.061213 0.328765 0.941048
1341846320.290000 -2.026329 0.457875 0.550528 -0.021602 0.035559 -0.405157 0.913300
1341846320.322000 -2.088200 0.541915 0.706791 0.042220 0.038169 -0.045950 0.997321
1341846320.358000 -1.914137 0.414184 0.529545 -0.027226 0.027265 -0.465849 0.884025
1341846320.390000 -1.991381 0.531033 0.573018 -0.021379 0.037479 -0.480989 0.875664
1341846320.427000 -1.775406 0.219206 0.441071 -0.022351 0.034121 -0.493721 0.868663
1341846320.458000 -1.735990 0.163014 0.409356 -0.018853 0.043037 -0.492966 0.868779
1341846320.490000 -1.735990 0.163014 0.409356 -0.018853 0.043037 -0.492966 0.868779
1341846320.526000 -1.735990 0.163014 0.409356 -0.018853 0.043037 -0.492966 0.868779
1341846320.558000 -1.735990 0.163014 0.409356 -0.018853 0.043037 -0.492966 0.868779
1341846320.594000 -1.735990 0.163014 0.409356 -0.018853 0.043037 -0.492966 0.868779
1341846320.632000 -1.735990 0.163014 0.409356 -0.018853 0.043037 -0.492966 0.868779
1341846320.665000 -1.735990 0.163014 0.409356 -0.018853 0.043037 -0.492966 0.868779
1341846320.700000 -1.749908 0.169844 0.350988 -0.107254 0.023696 -0.781996 0.613528
1341846320.732000 -1.749908 0.169844 0.350988 -0.107254 0.023696 -0.781996 0.613528
1341846320.764000 -1.749908 0.169844 0.350988 -0.107254 0.023696 -0.781996 0.613528
1341846320.800000 -1.749908 0.169844 0.350988 -0.107254 0.023696 -0.781996 0.613528
1341846320.832000 -1.749908 0.169844 0.350988 -0.107254 0.023696 -0.781996 0.613528
1341846320.864000 -1.749908 0.169844 0.350988 -0.107254 0.023696 -0.781996 0.613528
1341846320.900000 -1.749908 0.169844 0.350988 -0.107254 0.023696 -0.781996 0.613528
1341846320.932000 -1.748850 0.459427 0.376715 -0.105557 0.026321 -0.782846 0.612631
1341846320.968000 -1.696349 0.630880 0.373426 0.106534 0.013809 0.424676 0.898950
1341846321.000000 -1.827079 0.726930 0.420190 0.129469 0.032705 0.444045 0.885998
1341846321.032000 -1.750887 0.775070 0.383118 0.127271 0.019651 0.439659 0.888885
1341846321.068000 -1.762933 0.761420 0.379580 0.123700 0.029516 0.441074 0.888415
1341846321.100000 -1.721756 0.785434 0.370256 0.120958 0.024492 0.448567 0.885187
1341846321.132000 -1.714920 0.807437 0.362811 0.122760 0.026909 0.449827 0.884229
1341846321.168000 -1.732041 0.843070 0.361272 0.129051 0.035571 0.454726 0.880514
1341846321.200000 -1.735488 0.863320 0.366353 0.130957 0.038500 0.457478 0.878682
1341846321.232000 -1.761159 0.919838 0.359464 0.142039 0.041441 0.456588 0.877289
1341846321.268000 -1.743504 0.940938 0.352520 0.141149 0.041880 0.458206 0.876567
1341846321.300000 -1.722484 0.931964 0.349379 0.133460 0.045220 0.458751 0.877320
1341846321.332000 -1.695333 0.942737 0.344585 0.130207 0.044680 0.458618 0.877906
1341846321.368000 -1.697118 1.010211 0.341904 0.140156 0.046424 0.458966 0.876100
1341846321.400000 -1.641878 1.029391 0.338354 0.134774 0.043324 0.462392 0.875301
1341846321.436000 -1.639261 1.065951 0.345537 0.139776 0.045073 0.460671 0.875336
1341846321.468000 -1.639811 1.068445 0.347208 0.139617 0.049161 0.461881 0.874503
1341846321.500000 -1.656194 1.068834 0.331817 0.138267 0.057544 0.465129 0.872483
1341846321.536000 -1.726451 1.052272 0.318489 0.136379 0.077728 0.470411 0.868373
1341846321.569000 -1.735651 1.010986 0.312362 0.121508 0.088280 0.472792 0.868280
1341846321.604000 -1.669264 1.151099 0.312863 0.133538 0.067080 0.476893 0.866164
1341846321.637000 -1.573127 1.172542 0.292167 0.119800 0.054488 0.484349 0.864919
1341846321.668000 -1.553330 1.129097 0.290269 0.103454 0.060939 0.479677 0.869191
1341846321.704000 -1.653039 1.214375 0.311328 0.120120 0.067186 0.501431 0.854181
1341846321.737000 -1.572636 1.293236 0.332417 0.128908 0.046897 0.489491 0.861152
1341846321.772000 -1.576256 1.153319 0.292928 0.102469 0.061546 0.488163 0.864528
1341846321.804000 -1.616727 1.297475 0.321260 0.117859 0.053334 0.519803 0.844434
1341846321.836000 -1.672541 1.310985 0.331182 0.121508 0.061756 0.528099 0.838173
1341846321.872000 -1.611355 1.291827 0.269531 0.107193 0.056643 0.553484 0.823989
1341846321.904000 -1.558678 1.282991 0.255641 0.095370 0.049549 0.554935 0.824922
1341846321.940000 -1.489351 1.250793 0.275428 0.079841 0.041859 0.552323 0.828742
1341846322.004000 -1.435192 1.246099 0.243329 0.071806 0.029804 0.551944 0.830249
1341846322.066000 -1.453664 1.348019 0.252311 0.081408 0.029782 0.547024 0.832617
1341846322.108000 -1.442788 1.328102 0.249577 0.077462 0.031318 0.544019 0.834903
1341846322.166000 -1.464805 1.210135 0.276908 0.067967 0.045087 0.543498 0.835438
1341846322.203000 -1.463213 1.249236 0.271543 0.076270 0.041216 0.546845 0.832733
1341846322.234000 -1.463594 1.254067 0.251290 0.077683 0.040006 0.544860 0.833962
1341846322.266000 -1.437509 1.241607 0.259715 0.073392 0.034233 0.545658 0.834085
1341846322.302000 -1.420918 1.237749 0.270237 0.072076 0.031290 0.546897 0.833504
1341846322.334000 -1.460388 1.255180 0.257667 0.080345 0.034005 0.551688 0.829475
1341846322.370000 -1.454956 1.262851 0.271555 0.085837 0.031547 0.545113 0.833359
1341846322.402000 -1.429757 1.308645 0.274469 0.090523 0.028815 0.547482 0.831408
1341846322.434000 -1.500422 1.222407 0.299433 0.091813 0.049051 0.530547 0.841240
1341846322.470000 -1.449955 1.212213 0.305876 0.097866 0.045059 0.541633 0.833682
1341846322.502000 -1.379052 1.142384 0.277533 0.088486 0.043697 0.538432 0.836870
1341846322.534000 -1.372942 1.138410 0.312646 0.106556 -0.050673 0.992983 0.007930
1341846322.570000 -1.346037 1.202980 0.321476 0.114116 0.043404 0.543710 0.830345
1341846322.602000 -1.262702 1.231181 0.268101 0.106092 0.057387 0.547980 0.827750
