# timestamp tx ty tz qx qy qz qw
1341845820.887882 0.000000 0.000000 0.000000 0.000000 0.000000 0.000000 1.000000
1341845820.920082 -0.001301 0.004685 -0.000988 -0.000210 -0.000085 -0.000672 1.000000
1341845820.955790 -0.001879 0.004181 0.001852 -0.001647 -0.000932 -0.000872 0.999998
1341845820.987817 -0.000554 0.004574 0.002552 -0.002205 -0.001337 -0.001139 0.999996
1341845821.019783 -0.000969 0.005015 0.003639 -0.002085 -0.001638 -0.001158 0.999996
1341845821.055706 -0.004173 0.001490 0.000499 -0.002089 -0.001604 0.000040 0.999997
1341845821.087831 -0.004347 -0.001273 -0.001680 -0.001372 -0.003148 0.002642 0.999991
1341845821.119871 0.003721 -0.000486 -0.001041 0.000656 -0.002951 0.004784 0.999984
1341845821.155881 0.002849 0.004275 -0.000448 0.001195 0.000136 0.005642 0.999983
1341845821.188556 -0.228582 -0.034817 -0.028751 -0.009254 0.036862 -0.039186 0.998509
1341845821.223751 0.004151 -0.002757 -0.002702 0.003624 0.001810 0.010146 0.999940
1341845821.256005 0.009017 0.002930 -0.007055 0.004736 0.002787 0.009614 0.999939
1341845821.287883 0.009949 -0.001077 -0.005660 0.002497 0.005100 0.008270 0.999950
1341845821.323879 0.013264 -0.003617 -0.006051 0.002638 0.006797 0.006830 0.999950
1341845821.355690 0.012319 0.000937 -0.003274 0.004032 0.009115 0.007201 0.999924
1341845821.388161 0.011772 -0.000241 -0.002053 0.003999 0.009687 0.008950 0.999905
1341845821.424470 0.018806 -0.009845 -0.007759 0.004207 0.010088 0.009705 0.999893
1341845821.455778 0.012716 -0.003802 -0.007205 0.005296 0.013554 0.008621 0.999857
1341845821.488014 0.009692 -0.007619 -0.006230 0.004748 0.014854 0.008846 0.999839
1341845821.524370 0.013588 -0.008790 -0.006463 0.006616 0.015018 0.009512 0.999820
1341845821.555644 0.010495 -0.006946 -0.007033 0.008417 0.016768 0.009117 0.999782
1341845821.587677 0.006729 -0.004104 -0.008250 0.008576 0.016930 0.008226 0.999786
1341845821.623761 0.008824 -0.005127 -0.005319 0.007944 0.015961 0.007522 0.999813
1341845821.655725 0.009130 -0.004019 -0.008027 0.007972 0.015969 0.006413 0.999820
1341845821.691884 0.007347 -0.003250 -0.009834 0.007075 0.016149 0.005481 0.999830
1341845821.724228 0.006314 -0.008320 -0.010717 0.006427 0.015300 0.005912 0.999845
1341845821.755681 0.005169 -0.008437 -0.008408 0.007192 0.014352 0.006741 0.999848
1341845821.791636 0.009086 -0.010273 -0.007364 0.007916 0.013159 0.007127 0.999857
1341845821.823697 0.007180 -0.004700 -0.007466 0.009338 0.014279 0.005540 0.999839
1341845821.855574 0.005210 -0.007982 -0.008945 0.007852 0.015239 0.003979 0.999845
1341845821.891741 0.005086 -0.009743 -0.006096 0.008425 0.014915 0.003928 0.999846
1341845821.923730 0.008209 -0.008864 -0.007336 0.010111 0.014510 0.004846 0.999832
1341845821.955750 0.005071 -0.007136 -0.009787 0.010957 0.015282 0.004581 0.999813
1341845821.991786 0.005853 -0.006399 -0.008464 0.010372 0.015567 0.003838 0.999818
1341845822.023863 -0.211790 -0.048260 -0.033966 0.002840 0.048769 -0.031610 0.998306
1341845822.059759 -0.000285 -0.007256 -0.010065 0.010217 0.016673 0.003554 0.999802
1341845822.091719 -0.229552 -0.055219 -0.039384 0.000961 0.050630 -0.038600 0.997971
1341845822.123689 0.000875 -0.015059 -0.010278 0.011044 0.017522 0.003324 0.999780
1341845822.185916 -0.005749 -0.012737 -0.008543 0.010541 0.017764 0.004150 0.999778
1341845822.221838 -0.008349 -0.011900 -0.007543 0.012453 0.016321 0.004859 0.999777
1341845822.254004 -0.011959 -0.006846 -0.008777 0.012512 0.016081 0.004527 0.999782
1341845822.289876 -0.016797 -0.015187 -0.008700 0.010628 0.015796 0.003503 0.999813
1341845822.321804 -0.236659 -0.053248 -0.028516 0.004067 0.047767 -0.035255 0.998228
1341845822.353784 -0.022767 -0.014168 -0.004580 0.012462 0.015836 0.001849 0.999795
1341845822.391662 -0.026107 -0.014106 -0.003488 0.013480 0.016392 0.001819 0.999773
1341845822.428074 -0.032330 -0.013860 -0.005153 0.013829 0.016631 0.001818 0.999764
1341845822.459970 -0.035472 -0.012447 -0.003678 0.013460 0.016055 0.001918 0.999779
1341845822.495728 -0.039124 -0.016592 -0.001843 0.012895 0.015645 0.001978 0.999792
1341845822.527724 -0.045424 -0.013622 -0.004352 0.013444 0.015484 0.001851 0.999788
1341845822.559648 -0.048919 -0.014391 -0.004263 0.012171 0.014634 0.002952 0.999814
1341845822.595852 -0.049317 -0.014705 0.002243 0.012023 0.014211 0.003123 0.999822
1341845822.627724 -0.055729 -0.011902 0.000710 0.011559 0.015066 0.003175 0.999815
1341845822.663716 -0.063369 -0.023938 -0.009163 0.010393 0.014358 0.007344 0.999816
1341845822.695601 -0.065469 -0.022808 0.001461 0.014828 0.011585 0.010177 0.999771
1341845822.731816 -0.068300 -0.019893 0.003286 0.016967 0.011475 0.010904 0.999731
1341845822.789911 -0.076131 -0.020964 0.004009 0.017633 0.012625 0.010572 0.999709
1341845822.825897 -0.082077 -0.022319 0.000734 0.016757 0.013922 0.010648 0.999706
1341845822.859721 -0.089786 -0.024299 0.011192 0.017665 0.013646 0.012052 0.999678
1341845822.889712 -0.091869 -0.023373 0.012172 0.020144 0.011859 0.013640 0.999634
1341845822.925900 -0.092986 -0.022155 0.009973 0.021178 0.010863 0.013164 0.999630
1341845822.957708 -0.094551 -0.024347 0.011044 0.021108 0.011484 0.011537 0.999645
1341845822.989939 -0.100094 -0.026074 0.010833 0.022241 0.012181 0.010968 0.999618
1341845823.025889 -0.100527 -0.025110 0.012842 0.024459 0.011674 0.011224 0.999570
1341845823.057775 -0.110244 -0.032587 0.000262 0.024787 0.014550 0.010961 0.999527
1341845823.093671 -0.115151 -0.032185 -0.002315 0.026295 0.017264 0.010957 0.999445
1341845823.125951 -0.107314 -0.023816 0.012292 0.028042 0.016419 0.012079 0.999399
1341845823.157773 -0.110804 -0.026463 0.012829 0.028381 0.017826 0.012152 0.999364
1341845823.193885 -0.119847 -0.025450 -0.000084 0.028747 0.018839 0.011767 0.999340
1341845823.225800 -0.121975 -0.020855 0.011139 0.027501 0.017218 0.011527 0.999407
1341845823.261842 -0.122158 -0.023161 0.011206 0.026990 0.015715 0.011005 0.999452
1341845823.293622 -0.127727 -0.021171 0.001256 0.025685 0.016395 0.009543 0.999490
1341845823.325746 -0.144080 -0.034168 -0.019872 0.020604 0.021053 0.009318 0.999523
1341845823.361852 -0.142449 -0.034494 -0.000096 0.021112 0.023967 0.010104 0.999439
1341845823.394013 -0.134265 -0.027691 0.013049 0.024408 0.024738 0.013612 0.999303
1341845823.426028 -0.142908 -0.027862 0.009994 0.025887 0.026427 0.016483 0.999180
1341845823.461869 -0.147219 -0.031003 0.007064 0.026239 0.025798 0.017733 0.999165
1341845823.493758 -0.156065 -0.036041 -0.001594 0.025852 0.028047 0.017691 0.999116
1341845823.529780 -0.155735 -0.034689 0.004501 0.026182 0.028940 0.018241 0.999072
1341845823.561916 -0.162736 -0.037371 0.001453 0.026295 0.027733 0.019084 0.999087
1341845823.593678 -0.165948 -0.036358 0.003113 0.026898 0.024717 0.020656 0.999119
1341845823.629815 -0.170027 -0.036518 0.005956 0.026510 0.025514 0.020676 0.999109
1341845823.661750 -0.177360 -0.038819 0.006112 0.025865 0.026820 0.020128 0.999103
1341845823.695523 -0.189066 -0.044693 0.018165 0.027127 0.025576 0.020918 0.999086
1341845823.729635 -0.189693 -0.042213 0.027010 0.031250 0.022241 0.021941 0.999023
1341845823.761810 -0.208308 -0.047156 0.011879 0.033071 0.022849 0.022725 0.998933
1341845823.797871 -0.226929 -0.052196 -0.003824 0.032716 0.022218 0.021878 0.998978
1341845823.829660 -0.221478 -0.053266 0.005032 0.032097 0.016990 0.019801 0.999144
1341845823.861808 -0.239147 -0.064723 -0.016437 0.031842 0.015448 0.017619 0.999218
1341845823.929826 -0.249334 -0.066118 -0.017298 0.031873 0.008883 0.014158 0.999352
1341845823.961797 -0.260512 -0.072673 -0.038664 0.029656 0.008810 0.010664 0.999464
1341845823.998070 -0.266042 -0.074597 -0.024860 0.028493 0.008751 0.008694 0.999518
1341845824.029656 -0.269925 -0.073467 -0.026124 0.029507 0.008554 0.009829 0.999480
1341845824.065768 -0.274271 -0.071641 -0.018852 0.029584 0.010904 0.012184 0.999429
1341845824.097956 -0.339228 -0.091539 -0.048485 0.024937 0.026120 0.011076 0.999286
1341845824.130299 -0.186011 -0.042466 -0.020348 0.027366 0.017137 0.012855 0.999396
1341845824.165751 -0.275484 -0.071669 -0.041877 0.017330 0.043532 0.013299 0.998813
1341845824.197930 -0.276758 -0.079669 -0.021249 0.014908 0.046767 0.012744 0.998713
1341845824.229907 -0.282170 -0.078263 -0.008695 0.019237 0.047209 0.012506 0.998621
1341845824.265800 -0.266796 -0.076880 -0.038092 0.022881 0.040325 0.015194 0.998809
1341845824.298080 -0.266164 -0.086180 -0.056111 0.022878 0.031898 0.015748 0.999105
1341845824.333783 -0.284927 -0.087710 -0.033400 0.025440 0.030857 0.014190 0.999099
1341845824.365821 -0.295354 -0.081948 -0.035415 0.028362 0.032416 0.013320 0.998983
1341845824.398039 -0.279916 -0.086598 -0.061305 0.027176 0.028131 0.012770 0.999153
1341845824.433843 -0.318953 -0.097471 -0.065275 0.025806 0.029603 0.013049 0.999143
1341845824.465921 -0.321420 -0.094941 -0.059851 0.027699 0.025739 0.017356 0.999134
1341845824.501802 -0.326208 -0.097328 -0.078934 0.027103 0.023810 0.021962 0.999108
1341845824.533723 -0.334088 -0.108426 -0.104990 0.023957 0.021701 0.025737 0.999146
1341845824.565735 -0.338878 -0.106850 -0.093977 0.022208 0.018988 0.029299 0.999144
1341845824.601758 -0.339997 -0.106007 -0.086602 0.022016 0.016783 0.033198 0.999065
1341845824.633861 -0.344089 -0.112398 -0.096047 0.020476 0.014832 0.037067 0.998993
1341845824.665789 -0.351391 -0.107680 -0.088238 0.021022 0.013226 0.040146 0.998885
1341845824.701769 -0.359965 -0.112283 -0.087094 0.020967 0.010916 0.042208 0.998829
1341845824.733585 -0.350419 -0.123745 -0.112256 0.020705 0.006789 0.044610 0.998767
1341845824.769643 -0.356364 -0.131715 -0.137816 0.017191 0.005809 0.045145 0.998816
1341845824.801632 -0.376713 -0.109637 -0.089105 0.017060 0.004208 0.043961 0.998879
1341845824.833654 -0.377843 -0.123223 -0.083894 0.017017 0.001583 0.043361 0.998913
1341845824.869926 -0.382880 -0.108279 -0.083046 0.023007 0.001741 0.044743 0.998732
1341845824.902071 -0.386142 -0.118306 -0.109180 0.020485 0.000608 0.044543 0.998797
1341845824.933752 -0.390552 -0.119196 -0.090171 0.020725 0.000325 0.041490 0.998924
1341845824.969855 -0.395658 -0.110932 -0.087941 0.022055 0.002307 0.039731 0.998964
1341845825.001907 -0.397047 -0.119822 -0.105310 0.019403 0.005244 0.039815 0.999005
1341845825.037975 -0.409504 -0.117081 -0.081120 0.019295 0.008958 0.038331 0.999039
1341845825.075793 -0.406130 -0.128384 -0.103757 0.021044 0.007018 0.040357 0.998939
1341845825.107881 -0.416932 -0.118889 -0.071095 0.028019 0.007651 0.038112 0.998851
1341845825.143675 -0.420339 -0.134110 -0.110558 0.028847 0.010262 0.039845 0.998737
1341845825.175707 -0.423632 -0.134693 -0.109913 0.029227 0.011348 0.036691 0.998835
1341845825.211865 -0.429635 -0.127624 -0.104897 0.031288 0.012012 0.036026 0.998789
1341845825.243814 -0.417769 -0.133529 -0.108149 0.032950 0.011906 0.038929 0.998628
1341845825.275795 -0.428823 -0.125970 -0.110423 0.036149 0.014118 0.038382 0.998509
1341845825.311665 -0.438254 -0.129241 -0.111686 0.036666 0.013118 0.039909 0.998444
1341845825.343650 -0.440994 -0.117868 -0.102081 0.037651 0.011395 0.040787 0.998393
1341845825.379771 -0.444602 -0.125694 -0.101971 0.034497 0.011354 0.042181 0.998450
1341845825.411924 -0.450771 -0.120586 -0.098928 0.036196 0.010176 0.043559 0.998343
1341845825.443786 -0.457256 -0.116165 -0.098510 0.032313 0.008027 0.043897 0.998481
1341845825.480278 -0.450294 -0.127767 -0.121520 0.028259 0.002731 0.047086 0.998487
1341845825.511636 -0.465837 -0.124750 -0.122398 0.027366 0.000465 0.048681 0.998439
1341845825.547911 -0.469984 -0.122880 -0.120318 0.025380 -0.001729 0.050144 0.998418
1341845825.579744 -0.469002 -0.128348 -0.119399 0.024223 -0.003225 0.054287 0.998226
1341845825.611784 -0.474793 -0.129933 -0.120845 0.025864 -0.004244 0.057068 0.998026
1341845825.648004 -0.469705 -0.129974 -0.122387 0.026632 -0.005005 0.055685 0.998081
1341845825.679708 -0.479133 -0.131401 -0.123951 0.028094 -0.001851 0.054744 0.998103
1341845825.711937 -0.493829 -0.124509 -0.119986 0.029085 -0.003929 0.053881 0.998116
1341845825.747617 -0.488216 -0.123328 -0.122484 0.027582 -0.007053 0.052288 0.998226
1341845825.779688 -0.496151 -0.122428 -0.118482 0.024947 -0.009104 0.049593 0.998416
1341845825.815954 -0.497639 -0.123800 -0.119159 0.022390 -0.011524 0.046818 0.998586
1341845825.847829 -0.505009 -0.124709 -0.120291 0.020735 -0.012207 0.044769 0.998708
1341845825.879767 -0.526630 -0.123952 -0.115995 0.020882 -0.011824 0.045287 0.998686
1341845825.915646 -0.519284 -0.120836 -0.119940 0.021271 -0.014564 0.046618 0.998580
1341845825.947881 -0.513761 -0.124201 -0.119414 0.019603 -0.016107 0.047979 0.998526
1341845825.979700 -0.531312 -0.123241 -0.122731 0.019881 -0.015142 0.050455 0.998414
1341845826.015845 -0.533941 -0.119962 -0.124252 0.019986 -0.016182 0.051274 0.998353
1341845826.047945 -0.519203 -0.128135 -0.121952 0.018488 -0.019176 0.051723 0.998306
1341845826.079731 -0.555145 -0.125153 -0.129798 0.020495 -0.014913 0.052953 0.998275
1341845826.115655 -0.518562 -0.125568 -0.115815 0.019790 -0.022838 0.054141 0.998076
1341845826.147949 -0.540761 -0.114248 -0.116648 0.022013 -0.018063 0.047217 0.998479
1341845826.183767 -0.523382 -0.124574 -0.128645 0.018844 -0.021797 0.044641 0.998587
1341845826.215780 -0.528027 -0.122779 -0.123850 0.018004 -0.022483 0.044560 0.998591
1341845826.247732 -0.545950 -0.123370 -0.124686 0.017857 -0.020928 0.049477 0.998396
1341845826.283763 -0.552034 -0.126050 -0.124298 0.016609 -0.023025 0.054111 0.998131
1341845826.315658 -0.557927 -0.131691 -0.139169 0.015924 -0.025780 0.055723 0.997986
1341845826.347773 -0.545917 -0.123625 -0.128010 0.015709 -0.029401 0.055842 0.997883
1341845826.383718 -0.550310 -0.126078 -0.114385 0.014244 -0.032137 0.057255 0.997741
1341845826.415712 -0.557419 -0.131613 -0.122046 0.013936 -0.033404 0.058338 0.997641
1341845826.447806 -0.558990 -0.124309 -0.112476 0.016061 -0.035517 0.057146 0.997605
1341845826.483677 -0.556422 -0.131582 -0.132510 0.014695 -0.036233 0.058242 0.997537
1341845826.515677 -0.564823 -0.128892 -0.123873 0.014979 -0.036658 0.061130 0.997344
1341845826.551684 -0.552536 -0.130105 -0.125139 0.012933 -0.038898 0.059934 0.997360
1341845826.583716 -0.557095 -0.129025 -0.127388 0.011863 -0.037733 0.058121 0.997526
1341845826.615875 -0.566908 -0.122821 -0.114890 0.011818 -0.039567 0.061191 0.997271
1341845826.651722 -0.564297 -0.122024 -0.117308 0.011809 -0.040139 0.064617 0.997033
1341845826.683753 -0.565792 -0.109687 -0.094146 0.009528 -0.041219 0.061643 0.997201
1341845826.715643 -0.574160 -0.102894 -0.077609 0.006606 -0.041191 0.058054 0.997441
1341845826.751884 -0.574080 -0.102630 -0.089485 0.003134 -0.040479 0.060446 0.997345
1341845826.783713 -0.577693 -0.101188 -0.074591 0.000054 -0.041687 0.062123 0.997198
1341845826.819713 -0.578730 -0.103262 -0.111434 -0.004274 -0.037580 0.057380 0.997636
1341845826.851701 -0.576085 -0.119913 -0.145526 -0.010661 -0.035428 0.058315 0.997612
1341845826.884460 -0.583362 -0.116820 -0.128764 -0.011384 -0.036631 0.063977 0.997214
1341845826.945792 -0.542835 -0.111204 -0.193562 -0.020014 -0.035480 0.062032 0.997243
1341845826.981873 -0.592744 -0.102675 -0.129394 -0.024217 -0.028404 0.056041 0.997730
1341845827.013745 -0.557468 -0.081821 -0.116744 -0.022953 -0.035635 0.067768 0.996800
1341845827.045694 -0.625557 -0.033064 -0.136925 -0.022071 -0.016122 0.048687 0.998440
1341845827.082458 -0.629233 -0.030222 -0.147105 -0.027299 -0.013297 0.045260 0.998514
1341845827.113645 -0.626221 -0.029633 -0.169546 -0.025375 -0.016737 0.049986 0.998287
1341845827.145773 -0.622554 -0.052832 -0.151863 -0.033274 -0.015076 0.049809 0.998090
1341845827.182474 -0.615587 -0.008042 -0.148256 -0.029852 -0.012952 0.044238 0.998491
1341845827.213974 -0.618627 -0.016096 -0.147718 -0.028681 -0.012853 0.045839 0.998454
1341845827.251751 -0.617894 -0.023288 -0.150895 -0.027622 -0.012186 0.048166 0.998383
1341845827.313888 -0.608313 -0.021461 -0.154191 -0.035190 -0.007644 0.047116 0.998240
1341845827.349700 -0.615210 -0.034385 -0.159671 -0.032731 -0.008792 0.053775 0.997978
1341845827.381963 -0.622309 -0.067902 -0.181765 -0.038502 -0.006445 0.053126 0.997824
1341845827.413850 -0.613873 -0.022641 -0.141022 -0.033017 -0.005877 0.045049 0.998422
1341845827.449725 -0.616702 -0.035712 -0.129706 -0.034240 -0.005372 0.044257 0.998419
1341845827.488394 -0.620013 -0.043411 -0.119902 -0.032000 -0.006891 0.046011 0.998404
1341845827.555964 -0.616285 -0.043096 -0.116181 -0.030442 -0.005179 0.043138 0.998592
1341845827.623688 -0.607252 -0.051383 -0.128249 -0.027413 -0.006214 0.048671 0.998419
1341845827.656212 -0.604189 -0.036820 -0.122540 -0.027834 -0.005241 0.042382 0.998700
1341845827.687624 -0.598332 -0.043716 -0.125312 -0.031761 -0.003304 0.037365 0.998791
1341845827.723697 -0.586761 -0.059138 -0.131038 -0.032197 -0.003247 0.041928 0.998596
1341845827.755778 -0.590473 -0.047354 -0.125412 -0.028755 -0.001374 0.044682 0.998586
1341845827.791657 -0.577468 -0.054186 -0.129623 -0.030243 0.000253 0.043683 0.998588
1341845827.823845 -0.582628 -0.055817 -0.124196 -0.030480 0.005040 0.042620 0.998614
1341845827.855606 -0.569530 -0.075758 -0.132937 -0.031313 0.004421 0.046669 0.998410
1341845827.891685 -0.569356 -0.065399 -0.131362 -0.027134 0.008006 0.046368 0.998524
1341845827.923824 -0.560595 -0.063023 -0.138942 -0.026148 0.011183 0.046521 0.998512
1341845827.959777 -0.566238 -0.057700 -0.131376 -0.024511 0.015449 0.047480 0.998452
1341845827.991672 -0.551423 -0.052802 -0.133107 -0.022580 0.015787 0.049058 0.998416
1341845828.023726 -0.536255 -0.052113 -0.126867 -0.024486 0.018086 0.048188 0.998374
1341845828.059622 -0.539297 -0.053430 -0.123670 -0.025162 0.022329 0.048905 0.998237
1341845828.091720 -0.536956 -0.053982 -0.123281 -0.025037 0.024398 0.049396 0.998167
1341845828.127612 -0.533497 -0.048669 -0.120122 -0.024693 0.025912 0.050155 0.998100
1341845828.159638 -0.527546 -0.052439 -0.120843 -0.026541 0.027861 0.049773 0.998019
1341845828.191711 -0.520941 -0.053600 -0.121800 -0.026310 0.029685 0.047628 0.998077
1341845828.227644 -0.514885 -0.053979 -0.122967 -0.025369 0.030894 0.048292 0.998033
1341845828.259785 -0.511704 -0.055783 -0.126951 -0.025234 0.033327 0.051295 0.997808
1341845828.291687 -0.507386 -0.053715 -0.120358 -0.023289 0.034623 0.053614 0.997690
1341845828.327803 -0.500308 -0.045404 -0.113070 -0.021772 0.036316 0.052951 0.997699
1341845828.359694 -0.503267 -0.052249 -0.128107 -0.023834 0.038616 0.053390 0.997542
1341845828.395928 -0.492870 -0.042676 -0.108679 -0.021954 0.040217 0.054433 0.997466
1341845828.427803 -0.482274 -0.044521 -0.108384 -0.022628 0.041205 0.054024 0.997432
1341845828.459660 -0.480428 -0.049048 -0.115639 -0.022774 0.042791 0.054356 0.997344
1341845828.495761 -0.460909 -0.027502 -0.102066 -0.018609 0.042204 0.055824 0.997375
1341845828.527686 -0.467133 -0.034142 -0.132416 -0.021253 0.044994 0.055126 0.997239
1341845828.595750 -0.450020 -0.026929 -0.092751 -0.021108 0.046224 0.054547 0.997217
1341845828.654055 -0.447390 -0.033914 -0.110998 -0.023943 0.050519 0.054803 0.996931
1341845828.689681 -0.446205 -0.030396 -0.107052 -0.022357 0.052103 0.054796 0.996887
1341845828.721870 -0.445295 -0.037003 -0.125578 -0.023861 0.052385 0.055973 0.996772
1341845828.757706 -0.438135 -0.036743 -0.124165 -0.024112 0.052789 0.058014 0.996627
1341845828.789650 -0.438557 -0.031381 -0.112168 -0.022598 0.053454 0.060832 0.996459
1341845828.821914 -0.433919 -0.031216 -0.122573 -0.022449 0.051896 0.062630 0.996434
1341845828.857781 -0.427947 -0.032537 -0.125256 -0.023494 0.051165 0.063723 0.996378
1341845828.889770 -0.420333 -0.023896 -0.106123 -0.022562 0.050693 0.064016 0.996405
1341845828.931671 -0.416923 -0.017076 -0.098144 -0.021526 0.049573 0.063433 0.996522
1341845828.989696 -0.404866 -0.022115 -0.100887 -0.020502 0.045957 0.062976 0.996746
1341845829.025626 -0.407171 -0.025797 -0.121553 -0.021052 0.045942 0.061359 0.996836
1341845829.063840 -0.395504 -0.030269 -0.127644 -0.022774 0.044947 0.059784 0.996939
1341845829.089737 -0.386899 -0.017124 -0.106908 -0.021149 0.044873 0.060159 0.996955
1341845829.125754 -0.388822 -0.027427 -0.126378 -0.022828 0.045524 0.059876 0.996906
1341845829.158048 -0.386002 -0.033873 -0.139443 -0.023015 0.047360 0.059607 0.996832
1341845829.193669 -0.383983 -0.037986 -0.134256 -0.021576 0.049156 0.061675 0.996652
1341845829.225742 -0.377082 -0.029570 -0.132254 -0.016730 0.048565 0.062593 0.996716
1341845829.257763 -0.357085 -0.022299 -0.117400 -0.013623 0.045837 0.062633 0.996890
1341845829.293851 -0.350340 -0.021274 -0.117620 -0.011037 0.045020 0.061908 0.997005
1341845829.325861 -0.346208 -0.020090 -0.122021 -0.008784 0.043803 0.059472 0.997230
1341845829.357901 -0.343290 -0.022352 -0.118996 -0.005955 0.040995 0.059247 0.997383
1341845829.393704 -0.334102 -0.020266 -0.124332 -0.003902 0.039519 0.057928 0.997531
1341845829.425831 -0.332019 -0.018118 -0.128587 -0.003951 0.038510 0.055923 0.997684
1341845829.461720 -0.323362 -0.026532 -0.129213 -0.004454 0.035903 0.057007 0.997718
1341845829.493662 -0.324370 -0.023726 -0.118294 0.001522 0.034466 0.058965 0.997664
1341845829.525846 -0.308924 -0.019108 -0.143608 0.002402 0.030976 0.058309 0.997815
1341845829.561864 -0.300339 -0.022064 -0.152889 -0.000966 0.030742 0.055997 0.997957
1341845829.593763 -0.297279 -0.026848 -0.140133 -0.001950 0.031932 0.056153 0.997910
1341845829.625785 -0.299840 -0.021551 -0.121648 0.003993 0.031115 0.056608 0.997904
1341845829.661787 -0.290087 -0.017665 -0.134852 0.005872 0.028259 0.056782 0.997969
1341845829.693835 -0.278743 -0.021458 -0.160382 0.002201 0.029139 0.054238 0.998100
1341845829.729747 -0.279154 -0.024982 -0.141930 -0.000371 0.031081 0.049184 0.998306
1341845829.761817 -0.285500 -0.026597 -0.136162 0.003611 0.026700 0.048343 0.998467
1341845829.793840 -0.273459 -0.020180 -0.127431 0.006475 0.021262 0.047701 0.998614
1341845829.829803 -0.266986 -0.019235 -0.133920 0.006819 0.022246 0.043675 0.998775
