# timestamp tx ty tz qx qy qz qw
1305031102.175304 0.000000 0.000000 0.000000 0.000000 0.000000 0.000000 1.000000
1305031102.211214 -0.005942 0.018198 0.030323 0.001697 -0.003366 -0.001525 0.999992
1305031102.243211 -0.010687 0.015291 0.026798 -0.005044 -0.003611 -0.001747 0.999979
1305031102.275326 -0.012625 0.016587 0.043199 -0.009477 -0.006235 -0.001420 0.999935
1305031102.311267 -0.014836 0.015929 0.059361 -0.013590 -0.007954 -0.001163 0.999875
1305031102.343233 -0.016254 0.018231 0.072789 -0.014888 -0.009644 0.000350 0.999843
1305031102.375329 -0.016109 0.019263 0.082620 -0.016909 -0.011412 0.000889 0.999792
1305031102.411258 -0.019992 0.024308 0.095421 -0.017544 -0.013212 0.000069 0.999759
1305031102.443271 -0.021411 0.036957 0.108142 -0.018108 -0.015842 0.000550 0.999710
1305031102.475318 -0.009427 0.025949 0.118086 -0.030932 -0.021896 0.001717 0.999280
1305031102.511219 -0.013545 0.037807 0.146037 -0.031675 -0.020193 0.000082 0.999294
1305031102.543220 -0.005760 0.024080 0.145751 -0.041784 -0.020843 0.000271 0.998909
1305031102.575286 -0.007481 0.024417 0.163366 -0.042669 -0.018794 -0.001633 0.998911
1305031102.611233 -0.011403 0.027571 0.186483 -0.038255 -0.015407 -0.000430 0.999149
1305031102.643265 -0.015481 0.029767 0.184198 -0.036721 -0.012820 -0.000028 0.999243
1305031102.675285 -0.017696 0.033700 0.212118 -0.036895 -0.015906 -0.000769 0.999192
1305031102.711263 -0.018082 0.032893 0.225744 -0.038208 -0.016262 0.000456 0.999137
1305031102.743234 -0.022626 0.045284 0.240497 -0.034782 -0.014741 0.000308 0.999286
1305031102.775472 -0.014174 0.040971 0.251771 -0.040061 -0.016107 0.000871 0.999067
1305031102.811232 -0.015810 0.044606 0.263482 -0.040734 -0.012499 -0.000128 0.999092
1305031102.843290 -0.014873 0.044825 0.277654 -0.042837 -0.009547 -0.000975 0.999036
1305031102.875363 -0.018258 0.048124 0.289315 -0.041573 -0.005637 -0.003474 0.999114
1305031102.911185 -0.024319 0.058766 0.315240 -0.036989 -0.002907 -0.006529 0.999290
1305031102.943229 -0.023752 0.053906 0.314553 -0.040148 -0.003062 -0.007532 0.999161
1305031102.975203 -0.033148 0.059337 0.329446 -0.038733 -0.005383 -0.008532 0.999199
1305031103.011215 -0.014764 0.062780 0.352544 -0.039918 -0.019827 -0.004296 0.998997
1305031103.043227 -0.035256 0.066835 0.355870 -0.039267 -0.014802 -0.003345 0.999114
1305031103.075319 -0.021305 0.068272 0.372169 -0.038530 -0.023588 -0.002212 0.998977
1305031103.111240 -0.022432 0.074316 0.381500 -0.036463 -0.023189 -0.000857 0.999066
1305031103.143318 -0.014033 0.070689 0.382822 -0.041083 -0.026601 -0.000574 0.998801
1305031103.175452 -0.010394 0.076173 0.391145 -0.040722 -0.027436 -0.001939 0.998792
1305031103.211220 -0.023237 0.091100 0.405964 -0.039847 -0.021540 0.001522 0.998972
1305031103.243216 -0.022794 0.094147 0.413439 -0.046614 -0.021683 0.005374 0.998663
1305031103.275370 -0.028149 0.096822 0.418528 -0.055148 -0.022515 0.009659 0.998178
1305031103.311210 -0.027551 0.089842 0.425678 -0.064241 -0.032479 0.009168 0.997364
1305031103.343223 -0.021922 0.091432 0.427422 -0.064484 -0.038404 0.008726 0.997141
1305031103.375327 -0.020392 0.090788 0.428122 -0.067956 -0.037412 0.010476 0.996932
1305031103.411260 -0.021420 0.084972 0.427046 -0.071583 -0.036561 0.012319 0.996688
1305031103.443280 -0.022868 0.083617 0.423026 -0.071348 -0.038377 0.011888 0.996642
1305031103.475274 -0.022479 0.079609 0.418344 -0.071542 -0.041146 0.010108 0.996537
1305031103.511333 -0.022431 0.075369 0.412276 -0.069569 -0.042631 0.008012 0.996634
1305031103.543444 -0.022584 0.066834 0.403816 -0.067343 -0.043528 0.004875 0.996768
1305031103.575474 -0.024284 0.066387 0.393945 -0.061873 -0.044216 0.005040 0.997091
1305031103.611223 -0.026418 0.061378 0.383854 -0.060103 -0.046382 0.005882 0.997097
1305031103.643445 -0.023425 0.055903 0.372799 -0.059171 -0.050858 0.008935 0.996911
1305031103.675523 -0.018134 0.049354 0.361523 -0.058508 -0.055128 0.010486 0.996708
1305031103.711610 -0.014561 0.044238 0.349847 -0.057780 -0.057273 0.012270 0.996610
1305031103.743326 -0.015336 0.033572 0.336916 -0.059255 -0.055777 0.013770 0.996588
1305031103.775342 -0.012075 0.031103 0.324253 -0.056607 -0.057612 0.011079 0.996671
1305031103.811242 -0.008077 0.029422 0.309739 -0.056751 -0.057960 0.008800 0.996666
1305031103.843251 -0.009520 0.026996 0.291397 -0.060638 -0.057703 0.005525 0.996475
1305031103.875361 -0.010669 0.026665 0.287914 -0.063585 -0.059912 0.003448 0.996171
1305031103.911221 -0.008819 0.013708 0.272126 -0.065919 -0.064347 0.001830 0.995746
1305031103.943211 -0.010002 0.012741 0.256905 -0.062684 -0.065773 0.000035 0.995864
1305031103.975373 -0.004163 0.005126 0.245049 -0.062490 -0.069588 -0.000066 0.995617
1305031104.011232 0.000930 -0.000062 0.234930 -0.058670 -0.071118 -0.000933 0.995741
1305031104.043249 -0.004031 0.003281 0.217218 -0.049561 -0.065295 -0.002222 0.996632
1305031104.075425 0.006999 -0.000862 0.204726 -0.046205 -0.064032 -0.005717 0.996861
1305031104.111235 0.006978 -0.006875 0.179678 -0.044510 -0.055741 -0.005055 0.997440
1305031104.143230 0.003880 -0.007418 0.177607 -0.037836 -0.049927 -0.007388 0.998009
1305031104.175424 0.009547 -0.016525 0.163882 -0.036589 -0.049091 -0.008814 0.998085
1305031104.211283 0.002764 -0.032943 0.122200 -0.036469 -0.040573 -0.010475 0.998456
1305031104.243196 0.003742 -0.026023 0.125556 -0.029646 -0.040395 -0.009772 0.998696
1305031104.275546 0.001226 -0.028009 0.109130 -0.025275 -0.036178 -0.010383 0.998972
1305031104.311219 -0.000866 -0.029821 0.094087 -0.021918 -0.031775 -0.010307 0.999202
1305031104.343342 0.003892 -0.029474 0.085746 -0.018082 -0.029129 -0.010819 0.999354
1305031104.375837 -0.002677 -0.043711 0.061407 -0.021634 -0.021986 -0.011879 0.999454
1305031104.411509 -0.002400 -0.043983 0.049771 -0.020234 -0.018268 -0.010900 0.999569
1305031104.443288 -0.006515 -0.046510 0.035510 -0.020438 -0.015555 -0.010584 0.999614
1305031104.475456 -0.007140 -0.047003 0.024373 -0.020646 -0.016676 -0.008684 0.999610
1305031104.511329 -0.004686 -0.049505 0.013682 -0.020327 -0.019765 -0.006520 0.999577
1305031104.543368 -0.000909 -0.055303 0.002622 -0.018939 -0.022697 -0.005252 0.999549
1305031104.575343 0.007288 -0.060195 -0.008850 -0.016449 -0.024622 -0.004880 0.999550
1305031104.611336 0.006344 -0.061906 -0.004701 -0.004495 -0.020055 -0.003676 0.999782
1305031104.643243 0.008009 -0.058826 -0.016809 0.008468 -0.012568 -0.003924 0.999877
1305031104.675525 0.009867 -0.063038 -0.025616 0.019145 -0.004684 -0.002485 0.999803
1305031104.711277 0.011164 -0.065695 -0.035850 0.032166 0.002523 -0.000195 0.999479
1305031104.743280 0.009974 -0.064330 -0.049135 0.044366 0.009399 0.000092 0.998971
1305031104.775327 0.007571 -0.052922 -0.061666 0.059309 0.015686 0.003472 0.998110
1305031104.811465 0.019124 -0.057291 -0.064328 0.069499 0.021650 0.005526 0.997332
1305031104.843258 0.020217 -0.059317 -0.073042 0.076180 0.027927 0.007663 0.996673
1305031104.875350 0.025929 -0.043171 -0.085777 0.085954 0.029517 0.010197 0.995810
1305031104.911534 0.036414 -0.062100 -0.096062 0.081065 0.027725 0.011659 0.996255
1305031104.943262 0.017589 -0.052526 -0.081688 0.084439 0.033198 0.011763 0.995806
1305031104.975202 0.015946 -0.055269 -0.084940 0.081343 0.032923 0.011239 0.996079
1305031105.011290 0.014866 -0.039774 -0.075607 0.081002 0.032799 0.012526 0.996095
1305031105.043373 0.015503 -0.033350 -0.068057 0.076889 0.032193 0.012154 0.996446
1305031105.075320 0.038931 -0.027252 -0.054602 0.071178 0.024785 0.015074 0.997042
1305031105.111299 0.040236 -0.035953 -0.043471 0.061490 0.023147 0.014853 0.997729
1305031105.143106 0.026235 -0.008218 -0.036285 0.063019 0.024178 0.008717 0.997681
1305031105.175159 0.004494 -0.023908 -0.033161 0.044239 0.025453 0.003120 0.998692
1305031105.211268 -0.008288 0.007689 -0.012166 0.039950 0.023180 0.006059 0.998914
1305031105.243270 0.016316 -0.007301 0.005273 0.029653 0.011492 0.007010 0.999470
1305031105.275288 -0.004946 -0.018803 0.005493 0.016711 0.011129 -0.001604 0.999797
1305031105.311290 -0.019535 -0.013608 0.024418 0.008916 0.007508 -0.004616 0.999921
1305031105.343302 0.006772 -0.010321 0.047877 -0.000072 -0.008027 0.004546 0.999957
1305031105.375338 -0.024564 -0.001959 0.074702 0.000202 -0.005655 0.001517 0.999983
1305031105.411286 0.002050 -0.003904 0.073638 -0.007697 -0.017055 0.003322 0.999819
1305031105.443316 0.001264 -0.007520 0.089169 -0.015430 -0.021313 0.002893 0.999650
1305031105.475280 -0.002159 -0.000132 0.109745 -0.016005 -0.024374 0.002093 0.999573
1305031105.511332 0.002575 0.000343 0.127970 -0.021232 -0.029048 0.003410 0.999347
1305031105.543282 0.003460 0.001016 0.145289 -0.024618 -0.028226 0.008629 0.999261
1305031105.575449 0.003300 0.001464 0.161034 -0.027658 -0.030007 0.008158 0.999134
1305031105.611378 0.006469 0.001047 0.178674 -0.030429 -0.032339 0.008871 0.998974
1305031105.643273 0.006899 -0.002379 0.189413 -0.033445 -0.033501 0.012131 0.998805
1305031105.675166 0.007983 -0.004880 0.185739 -0.036286 -0.032531 0.012762 0.998730
1305031105.711309 0.013471 -0.003666 0.218998 -0.036065 -0.034277 0.013392 0.998672
1305031105.743312 0.011040 0.003263 0.230696 -0.033007 -0.029139 0.013548 0.998938
1305031105.775339 0.015057 0.003436 0.247990 -0.034076 -0.026066 0.013625 0.998986
1305031105.811283 0.022710 0.006122 0.266984 -0.033108 -0.026166 0.015429 0.998990
1305031105.843271 0.023231 0.007359 0.282744 -0.032410 -0.023757 0.016502 0.999056
1305031105.875337 0.031161 0.007044 0.290603 -0.034556 -0.022773 0.021078 0.998921
1305031105.911262 0.025171 0.019608 0.307326 -0.032700 -0.014014 0.023273 0.999096
1305031105.943272 0.024882 0.025236 0.319402 -0.034690 -0.010696 0.025779 0.999008
1305031105.975329 0.024428 0.030585 0.332448 -0.038416 -0.008689 0.027159 0.998855
1305031106.011285 0.025220 0.034662 0.345127 -0.042576 -0.006902 0.028915 0.998651
1305031106.043355 0.020822 0.038535 0.357332 -0.045840 -0.003807 0.027506 0.998563
1305031106.075330 0.021575 0.042550 0.368535 -0.050853 -0.003315 0.031746 0.998196
1305031106.111327 0.020249 0.049286 0.378994 -0.055089 -0.003500 0.032901 0.997933
1305031106.143355 0.018523 0.050661 0.390956 -0.062567 -0.005169 0.035150 0.997408
1305031106.175534 0.017145 0.052983 0.401061 -0.066452 -0.006745 0.035946 0.997119
1305031106.211275 0.016142 0.052714 0.411145 -0.070495 -0.008422 0.036687 0.996802
1305031106.243267 0.014740 0.055794 0.418272 -0.070281 -0.009700 0.040060 0.996675
1305031106.276385 0.012989 0.062005 0.423753 -0.070193 -0.011011 0.040716 0.996641
1305031106.311238 0.012475 0.065573 0.429223 -0.073478 -0.012325 0.043761 0.996260
1305031106.343258 0.010017 0.072616 0.431910 -0.077041 -0.012880 0.043908 0.995977
1305031106.375388 0.013022 0.072776 0.435368 -0.086516 -0.014239 0.036945 0.995463
1305031106.411320 0.014414 0.067124 0.437408 -0.094141 -0.009813 0.031605 0.995009
1305031106.443278 0.012099 0.063854 0.434287 -0.095564 -0.005461 0.027967 0.995015
1305031106.475345 0.010773 0.060205 0.428771 -0.096373 -0.005950 0.027448 0.994949
1305031106.511129 0.009078 0.056984 0.422709 -0.094687 -0.008436 0.026490 0.995119
1305031106.543302 0.008161 0.049000 0.416431 -0.093692 -0.012163 0.024842 0.995217
1305031106.575282 0.008590 0.046950 0.406021 -0.090358 -0.013994 0.023825 0.995526
1305031106.611151 0.008114 0.046150 0.394783 -0.089418 -0.017131 0.020761 0.995630
1305031106.643207 0.008275 0.037939 0.384299 -0.091174 -0.019687 0.018658 0.995466
1305031106.675279 0.006342 0.037650 0.369793 -0.087599 -0.022042 0.018056 0.995748
1305031106.711508 0.004125 0.032606 0.358005 -0.090038 -0.026917 0.017439 0.995422
1305031106.743341 0.003631 0.028981 0.343225 -0.088325 -0.033049 0.017432 0.995391
1305031106.775390 0.006292 0.025331 0.328433 -0.087504 -0.039734 0.017491 0.995218
1305031106.811289 -0.010255 0.033233 0.312846 -0.082653 -0.032867 0.016338 0.995902
1305031106.843416 -0.012824 0.022744 0.300786 -0.085894 -0.034896 0.016940 0.995549
1305031106.875905 -0.006126 0.017170 0.284067 -0.080468 -0.040331 0.011653 0.995873
1305031106.911243 0.000841 0.009294 0.264007 -0.080954 -0.042491 0.010170 0.995760
1305031106.943439 0.000660 0.000585 0.250669 -0.081783 -0.042047 0.006735 0.995740
1305031106.975547 0.001826 -0.033693 0.232070 -0.088318 -0.039229 -0.000958 0.995319
1305031107.011576 -0.005130 0.000428 0.217105 -0.068040 -0.035475 0.002147 0.997049
1305031107.043281 -0.006226 -0.015083 0.195761 -0.072913 -0.032124 -0.000351 0.996821
1305031107.075432 -0.007512 -0.016761 0.187778 -0.067172 -0.031146 -0.000375 0.997255
1305031107.111229 -0.005216 -0.019216 0.169077 -0.062867 -0.032183 0.000298 0.997503
1305031107.143260 -0.006084 -0.028807 0.148027 -0.064080 -0.030236 -0.000802 0.997486
1305031107.175399 -0.003719 -0.029434 0.139935 -0.060848 -0.028850 0.001738 0.997728
1305031107.211358 -0.000321 -0.043284 0.125520 -0.058174 -0.027776 -0.002772 0.997916
1305031107.243378 -0.000046 -0.043695 0.110030 -0.051510 -0.024030 -0.003357 0.998378
1305031107.275398 -0.013415 -0.036093 0.094672 -0.041376 -0.015667 -0.006787 0.998998
1305031107.311226 0.005822 -0.056382 0.088998 -0.041346 -0.018054 -0.003829 0.998974
1305031107.343509 -0.021792 -0.030383 0.067383 -0.018498 -0.004687 -0.010585 0.999762
1305031107.375413 -0.013758 -0.037212 0.048977 -0.012721 -0.000940 -0.010118 0.999867
1305031107.411271 0.002236 -0.046629 0.037928 -0.011401 -0.000803 -0.007114 0.999909
1305031107.443419 0.008482 -0.059633 0.021694 -0.009033 0.003649 -0.012778 0.999871
1305031107.475377 0.011321 -0.054151 0.016941 -0.005112 0.007141 -0.010153 0.999910
1305031107.511352 0.020159 -0.052722 0.007661 -0.003747 0.008351 -0.009025 0.999917
1305031107.543605 0.027171 -0.053432 0.004976 -0.006587 0.009354 -0.006720 0.999912
1305031107.575454 0.031785 -0.058125 0.007624 -0.007858 0.010357 -0.003870 0.999908
1305031107.611271 0.033759 -0.050962 0.008697 -0.005606 0.011108 -0.002407 0.999920
1305031107.643323 0.021640 -0.045533 0.016274 -0.007688 0.017463 -0.002205 0.999816
1305031107.675568 0.036185 -0.048026 0.009048 -0.009731 0.013020 -0.000596 0.999868
1305031107.711307 0.032960 -0.045102 0.013891 -0.010322 0.013286 -0.000515 0.999858
1305031107.743538 0.028037 -0.026955 0.007877 -0.009982 0.013579 0.004197 0.999849
1305031107.775802 0.034916 -0.038309 0.010991 -0.015952 0.010297 0.001166 0.999819
1305031107.811596 0.031949 -0.041711 0.018739 -0.018343 0.008781 -0.001741 0.999792
1305031107.843332 0.028205 -0.037820 0.023244 -0.019712 0.009403 -0.002268 0.999759
1305031107.875358 0.025380 -0.037092 0.030748 -0.021050 0.011937 -0.005234 0.999693
1305031107.911541 0.028557 -0.036439 0.033238 -0.019965 0.014689 -0.007772 0.999663
1305031107.943122 0.034758 -0.037242 0.036241 -0.018249 0.017357 -0.008102 0.999650
1305031107.975807 0.052440 -0.042469 0.033693 -0.017342 0.018718 -0.007864 0.999643
1305031108.011320 0.070340 -0.055367 0.028126 -0.017046 0.020374 -0.012906 0.999564
1305031108.043418 0.063537 -0.035407 0.040938 -0.009888 0.031228 -0.007688 0.999434
1305031108.075352 0.075537 -0.035907 0.047466 -0.008890 0.039821 -0.002491 0.999164
1305031108.111378 0.070469 -0.035598 0.052599 -0.005956 0.049430 -0.004202 0.998751
1305031108.143334 0.092687 -0.035582 0.052939 -0.004586 0.049765 -0.002411 0.998748
1305031108.176058 0.089254 -0.028615 0.060834 -0.004708 0.055390 0.000274 0.998454
1305031108.211475 0.121039 -0.027137 0.060878 -0.008787 0.051949 0.001634 0.998610
1305031108.243347 0.126650 -0.035833 0.069922 -0.011895 0.057527 -0.001755 0.998272
1305031108.275358 0.139837 -0.031498 0.071393 -0.010848 0.061111 -0.001260 0.998071
1305031108.311332 0.147587 -0.030612 0.073592 -0.015103 0.061545 -0.000902 0.997990
1305031108.343278 0.158471 -0.030099 0.078315 -0.020952 0.059568 0.001405 0.998003
1305031108.375410 0.175666 -0.025746 0.080532 -0.024947 0.054997 0.007356 0.998148
1305031108.411361 0.189696 -0.027315 0.084319 -0.030566 0.050643 0.013923 0.998152
1305031108.443610 0.203313 -0.023390 0.085558 -0.033569 0.048922 0.019981 0.998038
1305031108.475471 0.217145 -0.025045 0.089302 -0.036742 0.048032 0.026899 0.997807
1305031108.511378 0.230312 -0.022320 0.095398 -0.035227 0.052080 0.032341 0.997497
1305031108.543737 0.275849 -0.019553 0.091906 -0.029782 0.046240 0.029887 0.998039
1305031108.575414 0.285636 -0.011216 0.094441 -0.023611 0.051470 0.027837 0.998007
1305031108.611407 0.310008 -0.015419 0.091908 -0.026415 0.052692 0.028422 0.997857
1305031108.643303 0.326251 -0.006393 0.095765 -0.023094 0.055336 0.030052 0.997748
1305031108.675375 0.351992 -0.003490 0.095794 -0.025989 0.055019 0.033369 0.997589
1305031108.711411 0.360118 -0.010022 0.098236 -0.033390 0.064422 0.038202 0.996632
1305031108.743502 0.365669 -0.009060 0.098515 -0.034190 0.068279 0.036998 0.996394
1305031108.775493 0.369238 -0.009311 0.098770 -0.036205 0.074432 0.039105 0.995801
1305031108.811244 0.380278 -0.008208 0.098058 -0.037383 0.074558 0.043327 0.995573
1305031108.843264 0.379859 -0.011239 0.100723 -0.037526 0.075883 0.048484 0.995230
1305031108.876515 0.385059 -0.010233 0.099145 -0.035392 0.072105 0.054247 0.995292
1305031108.911364 0.389177 -0.010054 0.096629 -0.032163 0.067520 0.060341 0.995372
1305031108.943243 0.388652 -0.012514 0.096232 -0.027767 0.064324 0.062388 0.995590
1305031108.975268 0.372403 -0.018191 0.096424 -0.026468 0.064957 0.060624 0.995693
1305031109.011269 0.396790 -0.007347 0.086823 -0.022754 0.049996 0.059272 0.996729
1305031109.043277 0.381736 -0.011682 0.086201 -0.023657 0.052946 0.056314 0.996728
1305031109.075410 0.385728 -0.002039 0.079255 -0.020860 0.045700 0.054032 0.997275
1305031109.111282 0.365010 -0.014461 0.080827 -0.028965 0.049957 0.052089 0.996971
1305031109.143334 0.355821 -0.004649 0.085540 -0.024680 0.044591 0.047368 0.997576
1305031109.175464 0.350795 -0.002917 0.078568 -0.024592 0.036032 0.044211 0.998069
1305031109.211379 0.353028 0.000150 0.076567 -0.028429 0.027155 0.047889 0.998079
1305031109.243290 0.333189 -0.015078 0.078914 -0.044847 0.027696 0.052812 0.997212
1305031109.275308 0.294626 -0.009119 0.090438 -0.042680 0.033275 0.055704 0.996980
1305031109.311329 0.312558 -0.021827 0.077644 -0.046257 0.014752 0.062651 0.996854
1305031109.343248 0.284993 -0.024205 0.078488 -0.049926 0.011746 0.063536 0.996661
1305031109.375397 0.259064 -0.030335 0.083116 -0.054121 0.009893 0.064442 0.996404
1305031109.411329 0.237941 -0.029541 0.082589 -0.054233 0.006590 0.062867 0.996525
1305031109.443302 0.227847 -0.030303 0.073883 -0.058256 0.002821 0.060169 0.996483
1305031109.475363 0.216653 -0.034647 0.069489 -0.062611 0.000857 0.057992 0.996351
1305031109.511273 0.184205 -0.026116 0.076144 -0.057881 0.004326 0.050967 0.997012
1305031109.543294 0.169878 -0.027750 0.072860 -0.055594 0.003466 0.048506 0.997268
1305031109.575362 0.163824 -0.028045 0.073023 -0.055515 -0.000353 0.047754 0.997315
1305031109.611310 0.159056 -0.033129 0.064602 -0.057815 -0.005164 0.046688 0.997222
1305031109.643229 0.143946 -0.031317 0.062615 -0.057771 -0.005231 0.046702 0.997223
1305031109.675263 0.124724 -0.024824 0.068727 -0.057324 -0.004577 0.048325 0.997175
1305031109.711312 0.102461 -0.018693 0.060222 -0.057281 -0.003275 0.047967 0.997200
1305031109.743274 0.081890 -0.013303 0.060942 -0.059537 -0.003627 0.048778 0.997027
1305031109.775277 0.069326 -0.016146 0.060272 -0.063485 -0.005649 0.048006 0.996812
1305031109.811371 0.060697 -0.020412 0.063946 -0.068190 -0.009090 0.047674 0.996491
1305031109.843296 0.041902 -0.018246 0.062734 -0.069962 -0.011276 0.043620 0.996532
1305031109.875306 0.034524 -0.023482 0.063990 -0.075733 -0.016323 0.043911 0.996027
1305031109.911265 0.027730 -0.026840 0.074064 -0.077831 -0.026108 0.038518 0.995880
1305031109.943299 0.018641 -0.025000 0.078302 -0.080016 -0.029401 0.037336 0.995660
1305031109.975258 -0.005092 -0.021698 0.072182 -0.081986 -0.027919 0.030163 0.995786
1305031110.011256 -0.017444 -0.020841 0.074911 -0.083837 -0.030836 0.023312 0.995729
1305031110.043299 -0.029969 -0.020408 0.078125 -0.085989 -0.032134 0.016613 0.995639
1305031110.075319 -0.044671 -0.019966 0.078224 -0.087981 -0.031871 0.011132 0.995550
1305031110.111325 -0.059999 -0.019502 0.081863 -0.092260 -0.033059 0.006666 0.995164
1305031110.143432 -0.074174 -0.025801 0.084860 -0.095040 -0.036117 0.002748 0.994814
1305031110.175641 -0.074757 -0.017186 0.086670 -0.093625 -0.042217 0.002908 0.994708
1305031110.211637 -0.079173 -0.020470 0.095032 -0.098029 -0.047541 0.000844 0.994047
1305031110.243323 -0.091072 -0.015235 0.102420 -0.095830 -0.049892 0.001376 0.994146
1305031110.279321 -0.088045 -0.009862 0.104725 -0.091875 -0.057420 0.000811 0.994113
1305031110.311404 -0.112631 -0.016843 0.101447 -0.091546 -0.056444 -0.001106 0.994199
1305031110.343355 -0.095810 -0.006701 0.103491 -0.086773 -0.066948 0.003953 0.993968
1305031110.379281 -0.111683 -0.006428 0.102344 -0.085182 -0.070587 -0.000109 0.993862
1305031110.411469 -0.126320 -0.002647 0.095884 -0.083711 -0.075386 -0.003008 0.993630
1305031110.443260 -0.139150 0.006480 0.098423 -0.084466 -0.080820 -0.006183 0.993124
1305031110.479331 -0.151098 0.001457 0.100542 -0.088171 -0.087837 -0.012124 0.992151
