# timestamp tx ty tz qx qy qz qw
1341846313.654184 0.000000 0.000000 0.000000 0.000000 0.000000 0.000000 1.000000
1341846313.686156 0.009160 0.001215 0.004049 0.001242 -0.002681 0.000038 0.999996
1341846313.721918 0.014159 0.003246 0.003322 0.001233 -0.003649 0.000821 0.999992
1341846313.753994 0.024850 0.000989 0.002306 0.000405 -0.004882 0.002664 0.999984
1341846313.789969 0.031916 0.000169 0.002352 0.001432 -0.005626 0.001130 0.999983
1341846313.822075 0.028602 0.002368 -0.000342 0.001689 -0.003043 0.000397 0.999994
1341846313.853928 0.023962 0.002477 0.003575 0.001090 0.000978 -0.000434 0.999999
1341846313.890011 0.008573 0.002545 -0.000724 0.000846 0.006416 -0.000428 0.999979
1341846313.922055 -0.007970 0.006387 -0.003923 -0.000873 0.010124 0.001023 0.999948
1341846313.957927 -0.012401 0.005322 0.004679 -0.002899 0.015889 0.002615 0.999866
1341846313.990058 -0.034057 0.006114 0.007516 -0.003918 0.027058 0.002836 0.999622
1341846314.022042 -0.039426 0.008371 0.018356 -0.006078 0.029572 0.003140 0.999539
1341846314.057816 -0.041937 0.010760 0.032729 -0.008845 0.033097 0.004641 0.999402
1341846314.089801 -0.056260 0.009063 0.040204 -0.008191 0.041790 0.005183 0.999079
1341846314.122037 -0.086483 0.010113 0.029612 -0.009499 0.051998 0.007235 0.998576
1341846314.157989 -0.086647 0.009221 0.042491 -0.011648 0.055894 0.008533 0.998332
1341846314.190094 -0.102636 0.008698 0.043283 -0.011525 0.063854 0.009446 0.997848
1341846314.225969 -0.116049 0.013342 0.038275 -0.013247 0.068126 0.011256 0.997525
1341846314.257923 -0.112197 0.007561 0.053580 -0.015846 0.070619 0.011192 0.997315
1341846314.290052 -0.106999 0.005923 0.046153 -0.014847 0.071629 0.009543 0.997275
1341846314.325981 -0.099199 0.011313 0.041969 -0.015292 0.072390 0.008358 0.997224
1341846314.357905 -0.088477 0.008425 0.052792 -0.016385 0.074856 0.007648 0.997030
1341846314.389899 -0.089295 0.005886 0.049331 -0.015114 0.078193 0.006390 0.996803
1341846314.427905 -0.078831 0.009964 0.035877 -0.014905 0.079418 0.005321 0.996716
1341846314.493987 -0.069694 0.004710 0.043628 -0.014201 0.089188 -0.003412 0.995908
1341846314.526085 -0.062903 0.008034 0.034630 -0.013833 0.090904 -0.004694 0.995753
1341846314.558292 -0.053648 0.007273 0.042886 -0.015122 0.093536 -0.003195 0.995496
1341846314.594085 -0.046690 -0.000931 0.043774 -0.014692 0.098041 -0.003401 0.995068
1341846314.626096 -0.045164 0.006394 0.030350 -0.013371 0.102105 -0.002615 0.994680
1341846314.658455 -0.037828 0.007503 0.032099 -0.015408 0.103756 -0.003534 0.994477
1341846314.694004 -0.028292 -0.003259 0.048392 -0.016268 0.107678 -0.004463 0.994043
1341846314.725910 -0.027186 -0.007429 0.052036 -0.012327 0.110586 0.000196 0.993790
1341846314.761942 -0.028781 -0.006749 0.041473 -0.008442 0.111707 0.003639 0.993699
1341846314.794030 -0.014523 -0.010071 0.029671 -0.005874 0.113000 0.004238 0.993569
1341846314.826092 -0.007330 -0.006021 0.018287 -0.003181 0.116774 0.004518 0.993143
1341846314.862145 0.000501 -0.003816 0.013812 -0.002861 0.120148 0.005408 0.992737
1341846314.894072 0.005865 -0.004654 0.016245 -0.003138 0.124124 0.007019 0.992237
1341846314.925969 0.009906 -0.004399 0.007607 -0.002984 0.126522 0.010288 0.991906
1341846314.961937 0.015287 0.003738 -0.005980 -0.005115 0.126873 0.016186 0.991774
1341846314.994564 0.018228 0.002173 -0.005561 -0.008426 0.128139 0.014340 0.991617
1341846315.029900 0.032890 0.000601 0.002571 -0.008814 0.130921 0.011637 0.991285
1341846315.061965 0.027359 0.000870 0.002222 -0.009041 0.134093 0.014144 0.990827
1341846315.094388 0.030458 -0.003868 0.001730 -0.009499 0.133107 0.014969 0.990943
1341846315.129851 0.043469 -0.004246 -0.006440 -0.007617 0.132176 0.014247 0.991095
1341846315.161941 0.050292 0.010197 -0.016062 -0.008979 0.131502 0.019385 0.991086
1341846315.197984 0.049081 -0.003549 -0.014865 -0.017211 0.130163 0.014694 0.991234
1341846315.230076 0.059228 -0.012663 -0.013370 -0.021892 0.128321 0.011938 0.991419
1341846315.262069 0.063589 -0.005863 -0.017539 -0.023957 0.125457 0.016390 0.991674
1341846315.298000 0.069307 -0.021920 -0.022635 -0.027627 0.121455 0.017912 0.992051
1341846315.329931 0.077082 -0.034137 -0.019093 -0.024984 0.119848 0.017834 0.992318
1341846315.361981 0.084332 -0.029355 -0.022614 -0.019280 0.118635 0.021512 0.992518
1341846315.397962 0.089199 -0.029239 -0.018529 -0.016455 0.118945 0.024377 0.992465
1341846315.429923 0.100642 -0.025157 -0.022936 -0.013063 0.119657 0.027055 0.992361
1341846315.466047 0.114619 -0.021755 -0.037584 -0.011836 0.121969 0.029413 0.992027
1341846315.497883 0.108763 -0.020901 -0.035402 -0.012469 0.126189 0.032089 0.991409
1341846315.530008 0.115548 -0.021091 -0.035430 -0.012401 0.126829 0.033496 0.991281
1341846315.566108 0.116337 -0.018918 -0.038833 -0.012909 0.128348 0.033995 0.991062
1341846315.597986 0.118127 -0.021357 -0.034091 -0.013361 0.129676 0.033375 0.990905
1341846315.630109 0.118265 -0.022263 -0.037176 -0.013393 0.131107 0.031996 0.990761
1341846315.666042 0.126077 -0.013477 -0.045658 -0.013223 0.131644 0.032312 0.990682
1341846315.698114 0.129213 -0.010259 -0.045397 -0.018118 0.134999 0.030927 0.990197
1341846315.733985 0.120813 -0.019840 -0.040302 -0.021813 0.138569 0.031349 0.989616
1341846315.766041 0.111832 -0.017976 -0.046770 -0.021141 0.137053 0.032474 0.989805
1341846315.798188 0.119878 -0.016700 -0.044380 -0.021983 0.135488 0.031898 0.990021
1341846315.834140 0.118937 -0.027289 -0.037560 -0.022326 0.137682 0.030690 0.989749
1341846315.866751 0.111646 -0.025693 -0.039704 -0.019644 0.139970 0.029192 0.989530
1341846315.898492 0.107906 -0.026667 -0.036115 -0.018579 0.140741 0.028561 0.989460
1341846315.936901 0.105350 -0.032194 -0.028711 -0.016411 0.142136 0.028525 0.989300
1341846315.966572 0.095935 -0.032167 -0.031575 -0.012996 0.144184 0.027593 0.989081
1341846316.034204 0.084643 -0.032360 -0.031076 -0.009215 0.144443 0.025641 0.989138
1341846316.066113 0.073300 -0.034862 -0.030159 -0.007122 0.145316 0.024364 0.989060
1341846316.101867 0.058174 -0.031330 -0.040533 -0.005281 0.145032 0.024991 0.989097
1341846316.134066 0.046608 -0.030223 -0.038923 -0.006220 0.142780 0.022254 0.989485
1341846316.202049 0.037269 -0.036409 -0.031101 -0.006608 0.137876 0.018125 0.990262
1341846316.233979 0.038578 -0.034763 -0.039207 -0.006098 0.135796 0.017335 0.990566
1341846316.270052 0.034167 -0.034693 -0.037253 -0.007545 0.136788 0.014257 0.990469
1341846316.301915 0.027496 -0.041913 -0.030808 -0.007826 0.138006 0.012487 0.990322
1341846316.334208 0.015882 -0.041234 -0.029460 -0.005957 0.137794 0.013783 0.990347
1341846316.370006 0.012183 -0.043503 -0.030749 -0.004131 0.136249 0.014551 0.990559
1341846316.401994 0.005437 -0.040850 -0.032740 -0.001916 0.135546 0.016318 0.990635
1341846316.438069 0.003101 -0.046442 -0.030526 -0.000117 0.134774 0.019220 0.990690
1341846316.470076 -0.009258 -0.047032 -0.032143 0.004838 0.134893 0.021317 0.990619
1341846316.502034 -0.030875 -0.038376 -0.051360 0.007273 0.133664 0.021563 0.990765
1341846316.537975 -0.030593 -0.037167 -0.048419 0.004689 0.130236 0.020472 0.991261
1341846316.570121 -0.033109 -0.047278 -0.037527 0.003285 0.129671 0.018732 0.991375
1341846316.601885 -0.042145 -0.048031 -0.034297 0.005345 0.129493 0.016760 0.991424
1341846316.638009 -0.054139 -0.050648 -0.037839 0.007495 0.128608 0.017720 0.991509
1341846316.669925 -0.058516 -0.056216 -0.041549 0.009372 0.127596 0.018123 0.991616
1341846316.705941 -0.063036 -0.060434 -0.044639 0.013481 0.127349 0.019229 0.991580
1341846316.738062 -0.075937 -0.049000 -0.048142 0.017262 0.127168 0.021097 0.991507
1341846316.770433 -0.082585 -0.047510 -0.045815 0.016189 0.126511 0.022131 0.991586
1341846316.805932 -0.087379 -0.058245 -0.043090 0.015633 0.126491 0.021067 0.991621
1341846316.838029 -0.104761 -0.053872 -0.053898 0.017581 0.125945 0.021730 0.991643
1341846316.870034 -0.111276 -0.056592 -0.046338 0.017937 0.122696 0.023620 0.992001
1341846316.906344 -0.114062 -0.058370 -0.049903 0.018654 0.118927 0.023128 0.992458
1341846316.937940 -0.118555 -0.056966 -0.054879 0.018543 0.117374 0.020769 0.992697
1341846316.973994 -0.132999 -0.055609 -0.052449 0.017886 0.116369 0.019881 0.992846
1341846317.005913 -0.140955 -0.056547 -0.046268 0.016793 0.113930 0.020636 0.993132
1341846317.037936 -0.145641 -0.062104 -0.040100 0.016726 0.111451 0.020259 0.993423
1341846317.073972 -0.148106 -0.060960 -0.038976 0.018231 0.109258 0.021214 0.993620
1341846317.106113 -0.162537 -0.064277 -0.030120 0.020702 0.108610 0.024657 0.993563
1341846317.137887 -0.177354 -0.061950 -0.032458 0.024167 0.102810 0.027959 0.994014
1341846317.173970 -0.182810 -0.059589 -0.042141 0.025435 0.096045 0.030305 0.994590
1341846317.205887 -0.174123 -0.058944 -0.037869 0.025676 0.090771 0.031824 0.995032
1341846317.248131 -0.184634 -0.061230 -0.029520 0.026722 0.089373 0.033252 0.995084
1341846317.306289 -0.187894 -0.058090 -0.036196 0.028887 0.082221 0.038419 0.995454
1341846317.348137 -0.184827 -0.061297 -0.033748 0.029910 0.082629 0.040248 0.995318
1341846317.410120 -0.208511 -0.055752 -0.027503 0.032173 0.083780 0.044762 0.994958
1341846317.442569 -0.208596 -0.072226 -0.024094 0.033417 0.083619 0.047719 0.994793
1341846317.474010 -0.220057 -0.065759 -0.024667 0.040042 0.084261 0.050167 0.994374
1341846317.509927 -0.237681 -0.056351 -0.029889 0.043547 0.083155 0.052652 0.994191
1341846317.542282 -0.237801 -0.051596 -0.022028 0.043105 0.079844 0.053690 0.994427
1341846317.573943 -0.236356 -0.061514 -0.021475 0.042014 0.080165 0.052960 0.994487
1341846317.610159 -0.246413 -0.065774 -0.014293 0.044494 0.082456 0.053646 0.994155
1341846317.643553 -0.266728 -0.056810 -0.014216 0.047850 0.083097 0.055296 0.993855
1341846317.677993 -0.274095 -0.060600 -0.001379 0.048267 0.080364 0.057287 0.993947
1341846317.709996 -0.281165 -0.062077 -0.007321 0.050712 0.077579 0.056597 0.994086
1341846317.741834 -0.294184 -0.055387 -0.014815 0.051052 0.076991 0.056077 0.994144
1341846317.777923 -0.301982 -0.055313 -0.007331 0.049256 0.076044 0.055242 0.994354
1341846317.810021 -0.310069 -0.057983 -0.005167 0.048732 0.074407 0.053500 0.994599
1341846317.841886 -0.318256 -0.052580 -0.008989 0.048314 0.073347 0.051603 0.994798
1341846317.878017 -0.322209 -0.053591 -0.003696 0.045541 0.072911 0.047998 0.995141
1341846317.909910 -0.322535 -0.058374 -0.002762 0.044303 0.073555 0.045099 0.995285
1341846317.946031 -0.339576 -0.059567 0.001332 0.045774 0.075480 0.046137 0.995027
1341846317.978041 -0.345209 -0.062930 0.005550 0.047607 0.074019 0.046523 0.995033
1341846318.009897 -0.349444 -0.061850 0.002541 0.049752 0.074211 0.044075 0.995025
1341846318.045949 -0.361845 -0.055763 0.001182 0.050459 0.075508 0.042814 0.994947
1341846318.078074 -0.378350 -0.059253 0.003432 0.049103 0.075050 0.040806 0.995134
1341846318.109894 -0.388745 -0.059536 0.001770 0.048713 0.071192 0.038956 0.995510
1341846318.145957 -0.388315 -0.058756 0.003356 0.047872 0.068491 0.036594 0.995830
1341846318.178001 -0.396641 -0.062929 0.003775 0.046684 0.068922 0.033605 0.995962
1341846318.214074 -0.415954 -0.065163 0.014956 0.047557 0.068539 0.032514 0.995984
1341846318.245970 -0.425428 -0.072547 0.022640 0.049910 0.063714 0.033396 0.996160
1341846318.278018 -0.434240 -0.070496 0.015917 0.054001 0.058524 0.033118 0.996274
1341846318.313937 -0.449488 -0.067732 0.014847 0.055857 0.052389 0.032224 0.996542
1341846318.345989 -0.453897 -0.070417 0.019282 0.057096 0.043494 0.031195 0.996933
1341846318.382046 -0.466276 -0.071528 0.017908 0.058868 0.037398 0.030398 0.997102
1341846318.414072 -0.478524 -0.071793 0.019662 0.060531 0.030995 0.030930 0.997205
1341846318.446035 -0.478085 -0.075427 0.017705 0.062162 0.024913 0.031460 0.997259
1341846318.482196 -0.481724 -0.070915 0.008036 0.063946 0.021906 0.031320 0.997221
1341846318.514144 -0.491194 -0.072347 0.008491 0.063986 0.020803 0.032169 0.997215
1341846318.546259 -0.494764 -0.077978 0.010444 0.065081 0.019367 0.032267 0.997170
1341846318.582042 -0.503540 -0.070497 0.010202 0.067148 0.019633 0.031904 0.997039
1341846318.614115 -0.513274 -0.072044 0.006521 0.066383 0.019368 0.031517 0.997108
1341846318.650038 -0.520077 -0.071701 0.006863 0.065986 0.018666 0.028429 0.997241
1341846318.682350 -0.531438 -0.070700 0.005952 0.065485 0.018530 0.026312 0.997334
1341846318.714063 -0.540870 -0.071060 0.005925 0.065085 0.017698 0.025861 0.997388
1341846318.749905 -0.544079 -0.074158 0.011197 0.066043 0.017125 0.027715 0.997285
1341846318.782036 -0.561414 -0.072114 0.006695 0.068058 0.017260 0.029367 0.997100
1341846318.814121 -0.574822 -0.073206 0.007139 0.067698 0.012290 0.027179 0.997260
1341846318.850072 -0.580464 -0.075631 0.014913 0.067926 0.006042 0.024660 0.997367
1341846318.883516 -0.593778 -0.080654 0.023508 0.070637 -0.001009 0.022600 0.997246
1341846318.918047 -0.612727 -0.075965 0.014475 0.073682 -0.011797 0.021718 0.996975
1341846318.950044 -0.602310 -0.076282 0.019155 0.075687 -0.023161 0.018763 0.996686
1341846318.982028 -0.623806 -0.077458 0.006004 0.076676 -0.024587 0.016180 0.996621
1341846319.018123 -0.644690 -0.077854 0.007176 0.076181 -0.029959 0.016014 0.996515
1341846319.050745 -0.649286 -0.077931 0.042350 0.078715 -0.035877 0.013197 0.996164
1341846319.081905 -0.651005 -0.078939 0.046185 0.083476 -0.035759 0.010816 0.995809
1341846319.117976 -0.653902 -0.079227 0.058786 0.084923 -0.036006 0.018274 0.995569
1341846319.150093 -0.665673 -0.070498 0.064723 0.089402 -0.040523 0.022837 0.994909
1341846319.186069 -0.653881 -0.062154 0.064600 0.091028 -0.042655 0.025595 0.994605
1341846319.218149 -0.650656 -0.068133 0.051915 0.084732 -0.037463 0.028519 0.995291
1341846319.250034 -0.659340 -0.066479 0.069466 0.079466 -0.031480 0.026848 0.995979
1341846319.286594 -0.670908 -0.070655 0.080602 0.078095 -0.028915 0.029526 0.996089
1341846319.318034 -0.675814 -0.069690 0.080142 0.079174 -0.028450 0.033468 0.995893
1341846319.350268 -0.681526 -0.072455 0.091183 0.079839 -0.028203 0.038695 0.995657
1341846319.386163 -0.700094 -0.076522 0.078453 0.081474 -0.031062 0.045768 0.995139
1341846319.418386 -0.697237 -0.075557 0.070449 0.082477 -0.037941 0.049200 0.994654
1341846319.453961 -0.705711 -0.068808 0.078313 0.083602 -0.039732 0.044996 0.994690
1341846319.486271 -0.717048 -0.070833 0.066142 0.082032 -0.039459 0.044822 0.994839
1341846319.554083 -0.733083 -0.072388 0.078858 0.076982 -0.045773 0.043724 0.995021
1341846319.586296 -0.743264 -0.073826 0.073168 0.077067 -0.045021 0.040027 0.995204
1341846319.622031 -0.754619 -0.075061 0.065834 0.074927 -0.048314 0.037194 0.995323
1341846319.653962 -0.755566 -0.076915 0.081783 0.074690 -0.054331 0.036464 0.995058
1341846319.686352 -0.757782 -0.079315 0.082491 0.076200 -0.059178 0.037866 0.994614
1341846319.721992 -0.769866 -0.075920 0.066099 0.076824 -0.062257 0.038851 0.994340
1341846319.754063 -0.768685 -0.071962 0.057768 0.073052 -0.064775 0.040351 0.994404
1341846319.786397 -0.773819 -0.074984 0.063767 0.068854 -0.064770 0.045114 0.994499
1341846319.822008 -0.790416 -0.070708 0.068937 0.066266 -0.064808 0.048224 0.994527
1341846319.853917 -0.792579 -0.069953 0.073126 0.061598 -0.065911 0.052434 0.994541
1341846319.889942 -0.799268 -0.082455 0.071048 0.058074 -0.066138 0.056376 0.994523
1341846319.922039 -0.811278 -0.079806 0.071027 0.058481 -0.070246 0.056809 0.994192
1341846319.953946 -0.805082 -0.078519 0.077484 0.059735 -0.077285 0.052490 0.993833
1341846319.990054 -0.804686 -0.079098 0.074907 0.061894 -0.080204 0.046145 0.993784
1341846320.028122 -0.808661 -0.077529 0.097985 0.064029 -0.084293 0.044564 0.993383
1341846320.090047 -0.785553 -0.070930 0.096349 0.069340 -0.092917 0.046776 0.992154
1341846320.122011 -0.780355 -0.067516 0.107081 0.070449 -0.090733 0.047864 0.992226
1341846320.157952 -0.771460 -0.069808 0.110887 0.070497 -0.088315 0.048302 0.992420
1341846320.190003 -0.758404 -0.075440 0.117417 0.073078 -0.085492 0.046419 0.992570
1341846320.221941 -0.755169 -0.075344 0.112908 0.077159 -0.081780 0.046928 0.992550
1341846320.258015 -0.745647 -0.082249 0.105397 0.080763 -0.080790 0.048888 0.992250
1341846320.289887 -0.734817 -0.093074 0.100803 0.085838 -0.081896 0.048552 0.991750
1341846320.321954 -0.721643 -0.092677 0.100985 0.094209 -0.083405 0.047614 0.990909
1341846320.357890 -0.709754 -0.076613 0.104171 0.100872 -0.083077 0.049744 0.990176
1341846320.390064 -0.691509 -0.078577 0.102304 0.102082 -0.079318 0.050722 0.990311
1341846320.426544 -0.675291 -0.079110 0.098303 0.104706 -0.071475 0.046736 0.990830
1341846320.458122 -0.672416 -0.079058 0.103857 0.105710 -0.064000 0.044321 0.991345
1341846320.490186 -0.665712 -0.080754 0.114645 0.109696 -0.056934 0.042605 0.991418
1341846320.525911 -0.638590 -0.079442 0.098794 0.112626 -0.051064 0.041540 0.991455
1341846320.558091 -0.617656 -0.078312 0.079443 0.113409 -0.048218 0.038360 0.991636
1341846320.594093 -0.608701 -0.078323 0.104503 0.115216 -0.042390 0.033129 0.991883
1341846320.631955 -0.606721 -0.075657 0.095893 0.117683 -0.034292 0.032121 0.991939
1341846320.664916 -0.595702 -0.075922 0.075695 0.117439 -0.030498 0.030648 0.992138
1341846320.699927 -0.583630 -0.078025 0.092889 0.117598 -0.027059 0.028698 0.992278
1341846320.731822 -0.575361 -0.075842 0.078359 0.119538 -0.019784 0.027431 0.992253
1341846320.763877 -0.563525 -0.065085 0.065533 0.116541 -0.019657 0.030106 0.992535
1341846320.799999 -0.541175 -0.082921 0.071089 0.109016 -0.022004 0.025431 0.993471
1341846320.831871 -0.484978 -0.075883 0.098994 0.110048 -0.016637 0.023123 0.993518
1341846320.863887 -0.445937 -0.056055 0.024912 0.109423 -0.011479 0.025857 0.993593
1341846320.900014 -0.433296 -0.077120 0.029216 0.102153 -0.017160 0.029748 0.994176
1341846320.931889 -0.401907 -0.083339 0.059398 0.102177 -0.018335 0.029549 0.994158
1341846320.967866 -0.415213 -0.060772 0.019967 0.103140 -0.011161 0.026757 0.994244
1341846321.000017 -0.408698 -0.072327 0.018954 0.096238 -0.011410 0.026001 0.994953
1341846321.031860 -0.385767 -0.070504 0.035680 0.094426 -0.011284 0.022856 0.995205
1341846321.068047 -0.386122 -0.066858 0.018930 0.094644 -0.006925 0.020495 0.995276
1341846321.099840 -0.379526 -0.069324 0.018044 0.091944 -0.005942 0.021255 0.995520
1341846321.131821 -0.356392 -0.075193 0.035125 0.092392 -0.005179 0.022481 0.995455
1341846321.167887 -0.352463 -0.071203 0.028710 0.095425 -0.000731 0.023169 0.995167
1341846321.200042 -0.348318 -0.067668 0.022928 0.095901 0.001746 0.023040 0.995123
1341846321.231950 -0.333545 -0.071884 0.028869 0.095146 0.001944 0.021646 0.995226
1341846321.267939 -0.317858 -0.066411 0.024178 0.095826 0.003817 0.017120 0.995244
1341846321.299948 -0.310050 -0.068313 0.033091 0.094391 0.008323 0.011136 0.995438
1341846321.331858 -0.305324 -0.072105 0.035262 0.094298 0.011127 0.006885 0.995458
1341846321.367913 -0.286864 -0.077925 0.037601 0.095239 0.012882 0.003553 0.995365
1341846321.399897 -0.283838 -0.075115 0.034998 0.097105 0.018381 0.002234 0.995102
1341846321.435994 -0.278416 -0.077918 0.039826 0.098546 0.021822 0.001807 0.994892
1341846321.467946 -0.271702 -0.074242 0.039186 0.100875 0.024672 0.002084 0.994591
1341846321.499882 -0.259827 -0.073057 0.038359 0.102351 0.027460 0.001773 0.994368
1341846321.536109 -0.244046 -0.064165 0.027783 0.102461 0.032833 -0.001197 0.994194
1341846321.568960 -0.259057 -0.064536 0.024265 0.098623 0.040560 -0.003312 0.994292
1341846321.603938 -0.251436 -0.064645 0.036160 0.095748 0.043663 -0.003519 0.994441
1341846321.637163 -0.215638 -0.058111 0.028237 0.093567 0.046358 -0.003609 0.994527
1341846321.668306 -0.225632 -0.060245 0.028173 0.088926 0.055353 -0.000576 0.994499
1341846321.704411 -0.242140 -0.061438 0.029128 0.086232 0.058928 0.008741 0.994492
1341846321.736861 -0.240135 -0.061370 0.033495 0.085270 0.056990 0.015419 0.994607
1341846321.771881 -0.221333 -0.052016 0.023342 0.082696 0.055708 0.020144 0.994813
1341846321.804114 -0.213556 -0.050614 0.036525 0.079198 0.057967 0.023431 0.994896
1341846321.836152 -0.212125 -0.045227 0.037505 0.076408 0.060230 0.022982 0.994990
1341846321.871882 -0.209595 -0.040987 0.041634 0.070652 0.061564 0.019555 0.995407
1341846321.904074 -0.201078 -0.042368 0.041851 0.064151 0.062518 0.017130 0.995833
1341846321.939847 -0.198487 -0.045469 0.044207 0.060333 0.065812 0.015054 0.995893
1341846322.004094 -0.200669 -0.049211 0.050191 0.053462 0.063647 0.015032 0.996426
1341846322.066178 -0.185543 -0.056815 0.045945 0.048273 0.068208 0.012451 0.996425
1341846322.107979 -0.187502 -0.070875 0.049437 0.045629 0.070083 0.011289 0.996433
1341846322.166164 -0.189339 -0.090031 0.048757 0.049120 0.070068 0.011632 0.996264
1341846322.202932 -0.184341 -0.094331 0.044631 0.050368 0.067240 0.011520 0.996398
1341846322.234093 -0.184975 -0.098961 0.042083 0.049127 0.065848 0.009644 0.996573
1341846322.265941 -0.187636 -0.109036 0.047011 0.046586 0.063331 0.010443 0.996850
1341846322.301996 -0.177426 -0.122204 0.047240 0.044721 0.060842 0.011775 0.997076
1341846322.333949 -0.188272 -0.135683 0.047854 0.043768 0.059494 0.010749 0.997211
1341846322.369871 -0.172888 -0.150017 0.047918 0.044399 0.052906 0.008054 0.997579
1341846322.402292 -0.158574 -0.163505 0.046176 0.045888 0.053786 0.002407 0.997495
1341846322.433955 -0.166630 -0.180298 0.049534 0.051446 0.055334 0.000565 0.997141
1341846322.470030 -0.166418 -0.192217 0.046271 0.059437 0.050964 0.002819 0.996926
1341846322.502433 -0.156774 -0.202447 0.052305 0.066168 0.047635 0.006005 0.996653
1341846322.534002 -0.154346 -0.216587 0.053203 0.074828 0.047566 0.006119 0.996043
1341846322.570196 -0.153333 -0.223221 0.054474 0.084268 0.047142 0.008784 0.995289
1341846322.601920 -0.160344 -0.222391 0.067600 0.091467 0.044414 0.012144 0.994743
