# timestamp tx ty tz qx qy qz qw
1341845820.887882 0.000000 0.000000 0.000000 0.000000 0.000000 0.000000 1.000000
1341845820.920082 -0.002074 0.002225 -0.002783 -0.000551 0.000027 -0.001106 0.999999
1341845820.955790 -0.002880 0.001058 -0.003422 -0.002054 -0.000871 -0.001215 0.999997
1341845820.987817 -0.000878 -0.000553 -0.003584 -0.002985 -0.001305 -0.001453 0.999994
1341845821.019783 -0.001749 -0.000996 -0.001317 -0.003086 -0.001380 -0.001681 0.999993
1341845821.055706 -0.002494 -0.001692 0.002401 -0.002604 -0.001633 -0.001168 0.999995
1341845821.087831 -0.002519 -0.003894 0.001233 -0.001880 -0.003216 0.001562 0.999992
1341845821.119871 0.001789 -0.001373 0.006813 0.000440 -0.002933 0.004024 0.999988
1341845821.155881 0.005389 0.001221 0.000254 0.000737 -0.000402 0.005031 0.999987
1341845821.188556 0.000236 -0.002628 0.007219 0.000156 0.002190 0.006660 0.999975
1341845821.223751 0.004349 -0.008722 0.001676 0.002470 0.002040 0.009580 0.999949
1341845821.256005 0.005797 0.002251 -0.001289 0.004652 0.003263 0.009201 0.999942
1341845821.287883 0.007210 -0.000174 -0.001966 0.002564 0.005704 0.008135 0.999947
1341845821.323879 0.010260 -0.003138 0.002138 0.002509 0.007556 0.006816 0.999945
1341845821.355690 0.006101 -0.001558 0.004134 0.003487 0.010264 0.006244 0.999922
1341845821.388161 0.003482 -0.003510 0.004728 0.003205 0.011175 0.007710 0.999903
1341845821.424470 0.009595 -0.006619 0.007912 0.004643 0.011780 0.008799 0.999881
1341845821.455778 0.007632 -0.001358 0.004951 0.005626 0.014500 0.007948 0.999847
1341845821.488014 0.005278 -0.005402 0.007892 0.004977 0.015799 0.007967 0.999831
1341845821.524370 0.006786 -0.008159 0.008329 0.006446 0.016261 0.008688 0.999809
1341845821.555644 0.006209 -0.005869 0.007380 0.008444 0.017716 0.008529 0.999771
1341845821.587677 0.002853 -0.002144 0.001045 0.008801 0.017810 0.007816 0.999772
1341845821.623761 0.001963 -0.002772 0.003778 0.008176 0.017056 0.007169 0.999795
1341845821.655725 0.003122 -0.001744 0.003062 0.008189 0.016916 0.005968 0.999806
1341845821.691884 0.001384 -0.001507 0.002264 0.007147 0.017145 0.004810 0.999816
1341845821.724228 0.001017 -0.006281 0.002051 0.006489 0.016437 0.004988 0.999831
1341845821.755681 0.000650 -0.005449 0.002125 0.007526 0.015319 0.005752 0.999838
1341845821.791636 0.001778 -0.006516 0.004253 0.008374 0.014551 0.006562 0.999838
1341845821.823697 0.002771 -0.003654 0.002659 0.009421 0.015039 0.005450 0.999828
1341845821.855574 0.001517 -0.004071 0.002148 0.008344 0.015960 0.003503 0.999832
1341845821.891741 -0.000926 -0.009166 0.004249 0.008303 0.016031 0.003156 0.999832
1341845821.923730 0.000637 -0.010120 0.005262 0.009807 0.015860 0.003648 0.999819
1341845821.955750 -0.000504 -0.006982 0.001297 0.010823 0.016327 0.003847 0.999801
1341845821.991786 -0.000014 -0.006252 -0.000782 0.010300 0.016608 0.003093 0.999804
1341845822.023863 -0.002473 -0.009237 -0.000120 0.009914 0.017435 0.002905 0.999795
1341845822.059759 -0.004244 -0.006998 -0.001903 0.010126 0.017521 0.002737 0.999791
1341845822.091719 -0.004242 -0.012614 0.003561 0.009460 0.017718 0.003053 0.999794
1341845822.123689 -0.004688 -0.012546 0.003808 0.011311 0.018667 0.002640 0.999758
1341845822.185916 -0.015919 -0.013324 0.000286 0.010342 0.019620 0.002903 0.999750
1341845822.221838 -0.016039 -0.013413 0.000263 0.012023 0.017847 0.003886 0.999761
1341845822.254004 -0.017292 -0.008358 -0.004213 0.012136 0.017137 0.003756 0.999772
1341845822.289876 -0.021403 -0.013831 0.000905 0.010717 0.016765 0.003008 0.999798
1341845822.321804 -0.023449 -0.013625 0.001812 0.011720 0.016315 0.002007 0.999796
1341845822.353784 -0.026270 -0.013721 0.002924 0.012372 0.016561 0.001300 0.999785
1341845822.391662 -0.029772 -0.015406 0.004604 0.013075 0.017213 0.001240 0.999766
1341845822.428074 -0.035160 -0.014110 -0.001595 0.013725 0.017341 0.001239 0.999755
1341845822.459970 -0.038602 -0.014082 -0.002789 0.013038 0.016881 0.001190 0.999772
1341845822.495728 -0.044163 -0.015944 0.003674 0.012937 0.016674 0.001292 0.999776
1341845822.527724 -0.047561 -0.014849 -0.003399 0.013142 0.016162 0.001286 0.999782
1341845822.559648 -0.050910 -0.014146 -0.001885 0.012181 0.015335 0.002158 0.999806
1341845822.595852 -0.052350 -0.016368 0.000762 0.011739 0.015030 0.002587 0.999815
1341845822.627724 -0.059332 -0.015145 -0.004272 0.011090 0.015887 0.002168 0.999810
1341845822.663716 -0.068624 -0.021221 0.007844 0.010380 0.015477 0.005268 0.999812
1341845822.695601 -0.067227 -0.028703 -0.003718 0.013744 0.012281 0.009383 0.999786
1341845822.731816 -0.070316 -0.022121 -0.002316 0.016694 0.011940 0.009977 0.999740
1341845822.789911 -0.075312 -0.021967 -0.004476 0.017704 0.012780 0.010306 0.999708
1341845822.825897 -0.084652 -0.022629 -0.001445 0.016763 0.014540 0.009710 0.999707
1341845822.859721 -0.091116 -0.031423 -0.005152 0.016902 0.014228 0.011852 0.999686
1341845822.889712 -0.093204 -0.031463 -0.007915 0.019278 0.012527 0.013768 0.999641
1341845822.925900 -0.093539 -0.030039 -0.009766 0.020396 0.011397 0.013646 0.999634
1341845822.957708 -0.092060 -0.031583 -0.010766 0.020427 0.011749 0.012019 0.999650
1341845822.989939 -0.100726 -0.035013 -0.010102 0.021280 0.012726 0.011150 0.999630
1341845823.025889 -0.101817 -0.035753 -0.011287 0.023255 0.012378 0.011509 0.999587
1341845823.057775 -0.096789 -0.035820 -0.013674 0.024687 0.013263 0.011645 0.999539
1341845823.093671 -0.105099 -0.036376 -0.011310 0.025957 0.016381 0.011029 0.999468
1341845823.125951 -0.110114 -0.033997 -0.013078 0.026911 0.017396 0.011819 0.999417
1341845823.157773 -0.113007 -0.037856 -0.011578 0.027236 0.018871 0.012198 0.999376
1341845823.193885 -0.120754 -0.033176 -0.018888 0.028044 0.019597 0.011488 0.999349
1341845823.225800 -0.125216 -0.034264 -0.020101 0.026021 0.018295 0.011291 0.999430
1341845823.261842 -0.126556 -0.036498 -0.016509 0.025417 0.017038 0.010487 0.999477
1341845823.293622 -0.127363 -0.033785 -0.032237 0.024435 0.017012 0.009319 0.999513
1341845823.325746 -0.125984 -0.035257 -0.023084 0.020638 0.018881 0.008688 0.999571
1341845823.361852 -0.131533 -0.041318 -0.004910 0.020501 0.022799 0.009533 0.999484
1341845823.394013 -0.139469 -0.041282 -0.007985 0.022840 0.026138 0.011784 0.999328
1341845823.426028 -0.150105 -0.040902 -0.011409 0.024294 0.028195 0.015226 0.999191
1341845823.461869 -0.152306 -0.041934 -0.012404 0.025053 0.027403 0.016885 0.999168
1341845823.493758 -0.150606 -0.041272 -0.011918 0.025423 0.028010 0.017102 0.999138
1341845823.529780 -0.159775 -0.044656 -0.018198 0.025194 0.030348 0.017456 0.999069
1341845823.561916 -0.175062 -0.046873 -0.016251 0.025272 0.030502 0.018015 0.999053
1341845823.593678 -0.176696 -0.047272 -0.017290 0.025680 0.027181 0.019533 0.999110
1341845823.629815 -0.170864 -0.047065 -0.017792 0.025411 0.026394 0.020302 0.999122
1341845823.661750 -0.182588 -0.050102 -0.015111 0.024591 0.028266 0.019430 0.999109
1341845823.695523 -0.194516 -0.061022 -0.006654 0.025380 0.027054 0.020818 0.999095
1341845823.729635 -0.194413 -0.062865 -0.014058 0.029235 0.023672 0.022817 0.999032
1341845823.761810 -0.198770 -0.059594 -0.018328 0.031938 0.021934 0.023464 0.998974
1341845823.797871 -0.209429 -0.058950 -0.024038 0.032218 0.019714 0.023028 0.999021
1341845823.829660 -0.209661 -0.059455 -0.012791 0.031677 0.015550 0.020496 0.999167
1341845823.861808 -0.215779 -0.063880 -0.017923 0.032074 0.012612 0.018120 0.999242
1341845823.929826 -0.220318 -0.065763 -0.021864 0.032102 0.005302 0.014849 0.999360
1341845823.961797 -0.227771 -0.064545 -0.025986 0.030869 0.004785 0.011127 0.999450
1341845823.998070 -0.233426 -0.069773 -0.015953 0.029247 0.004759 0.008983 0.999521
1341845824.029656 -0.238888 -0.070203 -0.020310 0.029996 0.004649 0.009443 0.999495
1341845824.065768 -0.234194 -0.068530 -0.019718 0.030158 0.005610 0.011899 0.999459
1341845824.097956 -0.214918 -0.061540 -0.029999 0.029231 0.008622 0.011645 0.999468
1341845824.130299 -0.213512 -0.059702 -0.036315 0.024407 0.024508 0.011157 0.999339
1341845824.165751 -0.233963 -0.040213 0.015612 0.020947 0.038712 0.009767 0.998983
1341845824.197930 -0.241078 -0.056497 0.018822 0.018317 0.041822 0.012076 0.998884
1341845824.229907 -0.248754 -0.065688 0.006268 0.021654 0.042089 0.011985 0.998807
1341845824.265800 -0.263142 -0.063318 -0.003412 0.024356 0.039780 0.013045 0.998826
1341845824.298080 -0.267617 -0.064716 -0.006345 0.025808 0.030861 0.013192 0.999103
1341845824.333783 -0.259628 -0.071093 0.000221 0.027974 0.026233 0.012724 0.999183
1341845824.365821 -0.263380 -0.066471 -0.011911 0.030674 0.027322 0.011728 0.999087
1341845824.398039 -0.273787 -0.066209 -0.020263 0.029870 0.027129 0.010697 0.999128
1341845824.433843 -0.283896 -0.068232 -0.011601 0.029539 0.024305 0.010592 0.999212
1341845824.465921 -0.285638 -0.070424 -0.015311 0.030722 0.019877 0.014604 0.999224
1341845824.501802 -0.289510 -0.068613 -0.028583 0.030622 0.017807 0.019724 0.999178
1341845824.533723 -0.297338 -0.069145 -0.027998 0.028575 0.015813 0.023777 0.999184
1341845824.565735 -0.303175 -0.068817 -0.020531 0.026666 0.013291 0.027101 0.999189
1341845824.601758 -0.308530 -0.073627 -0.022886 0.025832 0.011313 0.030528 0.999136
1341845824.633861 -0.317158 -0.072727 -0.028901 0.025341 0.009819 0.034096 0.999049
1341845824.665789 -0.321213 -0.074899 -0.024462 0.024854 0.007858 0.037733 0.998948
1341845824.701769 -0.327194 -0.076247 -0.019756 0.025339 0.005255 0.040053 0.998862
1341845824.733585 -0.329896 -0.075660 -0.021203 0.026777 0.002691 0.041922 0.998758
1341845824.769643 -0.343316 -0.068741 -0.044046 0.025813 0.002343 0.041593 0.998798
1341845824.801632 -0.347013 -0.072295 -0.032419 0.021800 -0.001291 0.042266 0.998868
1341845824.833654 -0.343189 -0.087757 -0.028848 0.021952 -0.004282 0.042482 0.998847
1341845824.869926 -0.352730 -0.077377 -0.033744 0.026489 -0.003726 0.042700 0.998730
1341845824.902071 -0.360159 -0.073955 -0.037445 0.025863 -0.004203 0.042416 0.998756
1341845824.933752 -0.359537 -0.082947 -0.034582 0.025204 -0.004815 0.039552 0.998888
1341845824.969855 -0.362517 -0.072718 -0.030399 0.026562 -0.003121 0.037323 0.998945
1341845825.001907 -0.365512 -0.074939 -0.034072 0.024675 -0.000340 0.037423 0.998995
1341845825.037975 -0.376359 -0.080513 -0.032912 0.024026 0.003506 0.036084 0.999054
1341845825.075793 -0.386361 -0.090611 -0.038538 0.025980 0.002982 0.038021 0.998935
1341845825.107881 -0.381436 -0.090231 -0.030519 0.031592 0.002115 0.040532 0.998676
1341845825.143675 -0.386085 -0.085282 -0.036774 0.034969 0.004342 0.038271 0.998646
1341845825.175707 -0.393931 -0.090252 -0.039503 0.034976 0.006095 0.035076 0.998754
1341845825.211865 -0.398693 -0.087499 -0.038228 0.036608 0.006569 0.034457 0.998714
1341845825.243814 -0.396732 -0.096344 -0.036822 0.037760 0.007796 0.036293 0.998597
1341845825.275795 -0.410029 -0.092235 -0.043674 0.040812 0.010229 0.036111 0.998462
1341845825.311665 -0.419653 -0.093440 -0.045421 0.041218 0.009230 0.037015 0.998422
1341845825.343650 -0.422132 -0.088246 -0.054202 0.041629 0.007297 0.038268 0.998373
1341845825.379771 -0.425622 -0.092195 -0.042998 0.038797 0.007360 0.039154 0.998453
1341845825.411924 -0.432865 -0.092110 -0.048873 0.039860 0.006194 0.040762 0.998354
1341845825.443786 -0.443975 -0.079400 -0.057822 0.037720 0.004464 0.040088 0.998474
1341845825.480278 -0.448685 -0.087757 -0.054440 0.033834 0.000560 0.044429 0.998439
1341845825.511636 -0.450239 -0.082722 -0.058835 0.033232 -0.003227 0.044693 0.998443
1341845825.547911 -0.451974 -0.090811 -0.059366 0.029553 -0.005765 0.047526 0.998416
1341845825.579744 -0.447645 -0.093786 -0.047102 0.028421 -0.007668 0.052767 0.998173
1341845825.611784 -0.452171 -0.100748 -0.055165 0.029434 -0.008751 0.056464 0.997932
1341845825.648004 -0.448715 -0.086575 -0.051058 0.032628 -0.009224 0.051654 0.998089
1341845825.679708 -0.460259 -0.087947 -0.046541 0.033833 -0.006189 0.052018 0.998054
1341845825.711937 -0.476518 -0.089614 -0.065844 0.034290 -0.007625 0.050794 0.998091
1341845825.747617 -0.474245 -0.086801 -0.072958 0.032979 -0.010749 0.048647 0.998214
1341845825.779688 -0.487617 -0.088996 -0.070025 0.029932 -0.011675 0.046129 0.998419
1341845825.815954 -0.483664 -0.088292 -0.066778 0.027474 -0.014838 0.043181 0.998579
1341845825.847829 -0.493541 -0.088422 -0.066763 0.025947 -0.015218 0.041071 0.998703
1341845825.879767 -0.497165 -0.088046 -0.059316 0.025668 -0.018008 0.042154 0.998619
1341845825.915646 -0.494038 -0.085624 -0.061840 0.025851 -0.019710 0.043107 0.998541
1341845825.947881 -0.505097 -0.087153 -0.068250 0.024907 -0.018866 0.044090 0.998539
1341845825.979700 -0.505851 -0.088217 -0.068214 0.024484 -0.020600 0.047223 0.998372
1341845826.015845 -0.507728 -0.088162 -0.070805 0.024204 -0.021862 0.048485 0.998291
1341845826.047945 -0.505671 -0.091279 -0.065372 0.023579 -0.022376 0.048326 0.998303
1341845826.079731 -0.518523 -0.089684 -0.073705 0.025023 -0.022360 0.050028 0.998184
1341845826.115655 -0.508632 -0.091535 -0.062613 0.024613 -0.025571 0.051222 0.998056
1341845826.147949 -0.507267 -0.091039 -0.067623 0.025136 -0.024971 0.046725 0.998279
1341845826.183767 -0.517539 -0.090098 -0.072871 0.023849 -0.024082 0.041528 0.998562
1341845826.215780 -0.520904 -0.088432 -0.075777 0.022769 -0.025072 0.040665 0.998599
1341845826.247732 -0.527186 -0.088570 -0.084133 0.022604 -0.025430 0.045343 0.998392
1341845826.283763 -0.529803 -0.088187 -0.072832 0.021652 -0.027928 0.050045 0.998122
1341845826.315658 -0.523960 -0.091406 -0.074375 0.021226 -0.031869 0.052261 0.997899
1341845826.347773 -0.530523 -0.089111 -0.077308 0.020373 -0.033051 0.051760 0.997905
1341845826.383718 -0.531231 -0.092988 -0.077416 0.018888 -0.035825 0.053080 0.997769
1341845826.415712 -0.532728 -0.099348 -0.077811 0.018451 -0.038286 0.055058 0.997578
1341845826.447806 -0.528112 -0.098660 -0.073534 0.019478 -0.040975 0.054704 0.997471
1341845826.483677 -0.534465 -0.093712 -0.079604 0.019675 -0.040985 0.054369 0.997485
1341845826.515677 -0.536292 -0.096725 -0.078935 0.019150 -0.042258 0.057738 0.997253
1341845826.551684 -0.527573 -0.092691 -0.077091 0.018170 -0.043412 0.056368 0.997300
1341845826.583716 -0.539652 -0.095920 -0.082477 0.016377 -0.041732 0.054007 0.997534
1341845826.615875 -0.544357 -0.096628 -0.083869 0.015089 -0.044380 0.057594 0.997239
1341845826.651722 -0.535309 -0.091396 -0.077850 0.015618 -0.045499 0.060701 0.996996
1341845826.683753 -0.537922 -0.090927 -0.082550 0.012567 -0.045908 0.058754 0.997137
1341845826.715643 -0.537785 -0.084364 -0.075378 0.009165 -0.046905 0.054635 0.997362
1341845826.751884 -0.544897 -0.081348 -0.080479 0.005975 -0.045767 0.056959 0.997309
1341845826.783713 -0.539658 -0.083404 -0.074152 0.002606 -0.047695 0.058733 0.997130
1341845826.819713 -0.518161 -0.064722 -0.053880 0.000636 -0.047794 0.055678 0.997304
1341845826.851701 -0.542469 -0.068119 -0.062056 -0.004564 -0.042493 0.054155 0.997618
1341845826.884460 -0.540953 -0.079245 -0.068205 -0.006841 -0.044574 0.061084 0.997113
1341845826.945792 -0.531248 -0.062100 -0.058884 -0.016808 -0.037858 0.052949 0.997738
1341845826.981873 -0.547901 -0.068260 -0.063035 -0.020597 -0.038115 0.056173 0.997481
1341845827.013745 -0.528983 -0.049222 -0.042786 -0.020175 -0.040363 0.063421 0.996966
1341845827.045694 -0.516804 -0.041482 -0.045220 -0.025514 -0.037022 0.064475 0.996906
1341845827.082458 -0.546608 -0.065240 -0.072384 -0.036281 -0.030911 0.058232 0.997165
1341845827.113645 -0.544380 -0.069926 -0.069399 -0.036287 -0.034233 0.063255 0.996750
1341845827.145773 -0.535496 -0.054768 -0.059815 -0.036530 -0.033658 0.062941 0.996780
1341845827.182474 -0.536152 -0.060447 -0.055394 -0.041904 -0.029771 0.056815 0.997061
1341845827.213974 -0.536661 -0.068743 -0.054852 -0.041563 -0.029996 0.057377 0.997036
1341845827.251751 -0.530149 -0.057485 -0.047612 -0.036962 -0.030146 0.061601 0.996961
1341845827.313888 -0.528356 -0.060663 -0.042119 -0.046978 -0.023531 0.058251 0.996918
1341845827.349700 -0.528944 -0.064948 -0.046270 -0.042176 -0.026323 0.065253 0.996629
1341845827.381963 -0.523269 -0.055688 -0.043988 -0.041093 -0.026480 0.064751 0.996703
1341845827.413850 -0.519359 -0.058988 -0.036040 -0.042824 -0.024426 0.060288 0.996963
1341845827.449725 -0.522002 -0.063835 -0.037529 -0.041976 -0.024033 0.057949 0.997147
1341845827.488394 -0.519242 -0.063549 -0.034835 -0.038836 -0.026281 0.060446 0.997069
1341845827.555964 -0.518870 -0.059480 -0.036825 -0.036530 -0.024223 0.057208 0.997400
1341845827.623688 -0.511693 -0.058948 -0.029521 -0.032704 -0.025172 0.061381 0.997261
1341845827.656212 -0.509941 -0.055777 -0.039942 -0.033160 -0.024360 0.059246 0.997395
1341845827.687624 -0.504794 -0.055312 -0.030912 -0.037410 -0.022081 0.050940 0.997756
1341845827.723697 -0.501006 -0.060192 -0.024374 -0.036603 -0.019945 0.053277 0.997709
1341845827.755778 -0.501764 -0.058174 -0.032189 -0.034533 -0.019123 0.057462 0.997567
1341845827.791657 -0.490661 -0.056591 -0.024967 -0.034591 -0.016903 0.056479 0.997661
1341845827.823845 -0.491144 -0.058045 -0.022236 -0.034975 -0.012853 0.055043 0.997788
1341845827.855606 -0.487644 -0.061969 -0.018515 -0.033326 -0.011996 0.057263 0.997731
1341845827.891685 -0.480640 -0.061350 -0.018721 -0.030776 -0.009456 0.058984 0.997740
1341845827.923824 -0.480780 -0.058637 -0.022340 -0.029717 -0.004739 0.057866 0.997871
1341845827.959777 -0.475738 -0.060174 -0.018290 -0.029711 -0.002198 0.058149 0.997863
1341845827.991672 -0.474435 -0.059700 -0.021343 -0.028074 -0.000051 0.060009 0.997803
1341845828.023726 -0.475867 -0.059468 -0.021252 -0.029625 0.004106 0.059755 0.997765
1341845828.059622 -0.467388 -0.059431 -0.016817 -0.030441 0.007336 0.059670 0.997727
1341845828.091720 -0.470891 -0.058871 -0.013696 -0.030188 0.009593 0.059871 0.997703
1341845828.127612 -0.462421 -0.056934 -0.019537 -0.030331 0.010862 0.060712 0.997635
1341845828.159638 -0.462663 -0.056666 -0.010823 -0.031418 0.012952 0.061041 0.997557
1341845828.191711 -0.443978 -0.059154 -0.015009 -0.031762 0.014539 0.058626 0.997669
1341845828.227644 -0.440159 -0.056264 -0.015243 -0.030130 0.016038 0.058700 0.997692
1341845828.259785 -0.438639 -0.054326 -0.015999 -0.029756 0.018733 0.061675 0.997477
1341845828.291687 -0.432318 -0.056786 -0.013289 -0.028569 0.019990 0.064220 0.997326
1341845828.327803 -0.428854 -0.053409 -0.012777 -0.027437 0.021741 0.063742 0.997352
1341845828.359694 -0.428098 -0.051994 -0.016526 -0.028600 0.023574 0.063449 0.997297
1341845828.395928 -0.417769 -0.051706 -0.011585 -0.028249 0.025704 0.064989 0.997155
1341845828.427803 -0.414483 -0.050292 -0.008454 -0.028134 0.027142 0.064756 0.997135
1341845828.459660 -0.411199 -0.049589 -0.003189 -0.027845 0.028263 0.064776 0.997111
1341845828.495761 -0.406062 -0.050133 0.003501 -0.026662 0.030326 0.066248 0.996986
1341845828.527686 -0.412353 -0.051048 -0.005316 -0.028715 0.032310 0.066223 0.996868
1341845828.595750 -0.408594 -0.048754 0.002229 -0.028954 0.034805 0.065074 0.996853
1341845828.654055 -0.404115 -0.047815 0.010283 -0.030937 0.038153 0.065702 0.996630
1341845828.689681 -0.376396 0.044964 0.017801 -0.023857 0.037971 0.065645 0.996835
1341845828.721870 -0.362629 0.112498 0.030512 -0.019773 0.037180 0.065808 0.996943
1341845828.757706 -0.361316 0.163038 0.048796 -0.016925 0.037735 0.067624 0.996853
1341845828.789650 -0.388138 0.317977 0.081778 -0.006037 0.039569 0.070444 0.996712
1341845828.821914 -0.387277 0.467855 0.111869 0.004401 0.037466 0.073138 0.996608
1341845828.857781 -0.394778 0.465864 0.112567 0.003312 0.037567 0.074076 0.996539
1341845828.889770 -0.371427 0.465296 0.114126 0.003210 0.036175 0.074817 0.996536
1341845828.931671 -0.342639 0.467758 0.114476 0.003336 0.033655 0.074071 0.996679
1341845828.989696 -0.343400 0.468084 0.113310 0.005305 0.030905 0.073331 0.996815
1341845829.025626 -0.345147 0.469483 0.112435 0.005677 0.030109 0.072033 0.996932
1341845829.063840 -0.343311 0.468995 0.118126 0.004741 0.029998 0.070056 0.997081
1341845829.089737 -0.342902 0.469398 0.119935 0.004910 0.031070 0.070415 0.997022
1341845829.125754 -0.344735 0.469524 0.121878 0.004412 0.030873 0.070745 0.997007
1341845829.158048 -0.333947 0.467775 0.132286 0.005064 0.031553 0.070534 0.996997
1341845829.193669 -0.335551 0.467371 0.137284 0.006956 0.033475 0.072454 0.996786
1341845829.225742 -0.330647 0.434163 0.115442 0.007980 0.033344 0.074951 0.996598
1341845829.257763 -0.329604 0.436017 0.114393 0.010822 0.032770 0.075167 0.996574
1341845829.293851 -0.328228 0.436143 0.116041 0.013271 0.032224 0.074187 0.996635
1341845829.325861 -0.329051 0.435288 0.118799 0.015429 0.031858 0.072716 0.996724
1341845829.357901 -0.328501 0.433960 0.118871 0.018614 0.029058 0.072390 0.996779
1341845829.393704 -0.327829 0.434602 0.121667 0.020575 0.028027 0.070613 0.996898
1341845829.425831 -0.344814 0.435188 0.107863 0.020598 0.028211 0.068760 0.997022
1341845829.461720 -0.330078 0.432703 0.125621 0.020365 0.025869 0.068723 0.997092
1341845829.493662 -0.326022 0.430155 0.123052 0.025922 0.023323 0.072661 0.996747
1341845829.525846 -0.334850 0.437398 0.115467 0.027712 0.021807 0.070932 0.996858
1341845829.561864 -0.325346 0.433521 0.127595 0.024843 0.021803 0.068287 0.997118
1341845829.593763 -0.323407 0.430931 0.128692 0.023032 0.023143 0.067378 0.997193
1341845829.625785 -0.325517 0.428424 0.118293 0.027900 0.021750 0.070470 0.996886
1341845829.661787 -0.324644 0.434192 0.112812 0.031142 0.019409 0.070017 0.996871
1341845829.693835 -0.325090 0.432557 0.125400 0.028661 0.020941 0.068333 0.997031
1341845829.729747 -0.324308 0.431108 0.130677 0.025110 0.023548 0.062305 0.997463
1341845829.761817 -0.313068 0.440791 0.106984 0.029642 0.017232 0.061318 0.997529
1341845829.793840 -0.326463 0.432054 0.124443 0.032312 0.013413 0.061431 0.997498
1341845829.829803 -0.325966 0.430458 0.130832 0.032841 0.014670 0.058042 0.997666
1341845829.861640 -0.306259 0.455357 0.076828 0.032286 0.010640 0.053735 0.997976
1341845829.897840 -0.287200 0.442496 0.094183 0.032880 0.003730 0.056210 0.997870
1341845829.929703 -0.268011 0.456857 0.081342 0.037474 0.002396 0.057137 0.997660
1341845829.962023 -0.274682 0.457592 0.076293 0.035603 0.004526 0.057459 0.997703
1341845829.997954 -0.271988 0.441420 0.082931 0.036636 0.000351 0.060519 0.997494
1341845830.029819 -0.255555 0.449753 0.085468 0.043749 -0.001273 0.059254 0.997283
1341845830.061836 -0.262623 0.465077 0.085394 0.045508 0.001510 0.058662 0.997239
1341845830.097885 -0.249176 0.452328 0.088823 0.042119 0.001088 0.059845 0.997318
1341845830.129668 -0.238891 0.439676 0.077130 0.046952 0.000769 0.063517 0.996875
1341845830.165590 -0.243281 0.462354 0.058039 0.052937 -0.000932 0.067063 0.996343
1341845830.197779 -0.240153 0.457806 0.077777 0.051110 -0.005995 0.068484 0.996324
1341845830.229883 -0.222615 0.458265 0.066554 0.052521 -0.006329 0.068587 0.996242
1341845830.265730 -0.233490 0.460457 0.051002 0.050938 -0.004235 0.069180 0.996294
1341845830.297873 -0.225183 0.451175 0.072468 0.050260 -0.007876 0.073008 0.996033
1341845830.329863 -0.210224 0.456451 0.069519 0.053361 -0.010043 0.074371 0.995751
1341845830.365740 -0.212468 0.462391 0.062162 0.053358 -0.009548 0.073866 0.995794
1341845830.397779 -0.202683 0.459902 0.068856 0.052057 -0.012441 0.072692 0.995917
1341845830.433725 -0.184446 0.458254 0.070980 0.052549 -0.012684 0.070448 0.996050
1341845830.465762 -0.191305 0.459876 0.066223 0.053496 -0.010345 0.068875 0.996136
1341845830.507859 -0.179867 0.455750 0.067545 0.054517 -0.013707 0.071239 0.995874
1341845830.565943 -0.159014 0.466622 0.052275 0.056636 -0.008868 0.069978 0.995900
1341845830.597841 -0.159733 0.462410 0.062386 0.055684 -0.009552 0.071577 0.995834
1341845830.633627 -0.136813 0.461337 0.060172 0.057438 -0.011681 0.073143 0.995598
1341845830.665700 -0.135715 0.467088 0.052667 0.058129 -0.009078 0.071761 0.995685
1341845830.701788 -0.126873 0.467019 0.051090 0.056984 -0.008900 0.071127 0.995798
1341845830.733901 -0.112706 0.471280 0.047240 0.055913 -0.007417 0.067068 0.996153
1341845830.765759 -0.111828 0.470967 0.052268 0.053616 -0.004717 0.062884 0.996568
1341845830.801839 -0.099726 0.465781 0.058114 0.052509 -0.002742 0.061505 0.996721
1341845830.833774 -0.101620 0.463536 0.054218 0.054023 0.000195 0.060746 0.996690
1341845830.865751 -0.092706 0.470426 0.047190 0.055038 0.000551 0.059168 0.996729
1341845830.901883 -0.083793 0.469427 0.050654 0.053123 0.002964 0.055929 0.997016
1341845830.933811 -0.089907 0.464220 0.054646 0.053693 0.005500 0.055271 0.997012
1341845830.969705 -0.085524 0.468948 0.044304 0.055187 0.004828 0.054405 0.996981
1341845831.001855 -0.073527 0.472043 0.043190 0.053741 0.003885 0.051405 0.997223
1341845831.033886 -0.066757 0.469931 0.051369 0.052653 0.005092 0.048714 0.997411
1341845831.069727 -0.064424 0.468069 0.050950 0.053129 0.006268 0.047861 0.997420
1341845831.101853 -0.059633 0.471261 0.048697 0.053912 0.006160 0.047973 0.997374
1341845831.137817 -0.046564 0.474049 0.044352 0.052727 0.007149 0.046486 0.997501
1341845831.169942 -0.049562 0.471799 0.050449 0.051721 0.009700 0.045219 0.997590
1341845831.201715 -0.045477 0.465583 0.055493 0.053110 0.008855 0.047483 0.997420
1341845831.237723 -0.039515 0.473463 0.059404 0.056153 0.008531 0.047468 0.997257
1341845831.269903 -0.034978 0.472340 0.033379 0.055002 0.008411 0.047511 0.997320
1341845831.301755 -0.038797 0.469445 0.033389 0.054291 0.006315 0.047045 0.997396
1341845831.337779 -0.027553 0.468574 0.039916 0.055344 0.001549 0.047318 0.997344
1341845831.369742 -0.017311 0.470465 0.030314 0.056321 -0.002250 0.046313 0.997335
1341845831.405710 -0.005081 0.477788 0.035611 0.055585 -0.003353 0.043879 0.997484
1341845831.437646 0.002941 0.472164 0.034081 0.053441 -0.001228 0.042109 0.997682
1341845831.469752 -0.000981 0.465981 0.038346 0.053916 -0.000529 0.042196 0.997653
1341845831.505745 0.017216 0.471373 0.017076 0.055004 -0.003064 0.042678 0.997569
1341845831.537844 0.029123 0.478617 0.017884 0.052410 -0.000664 0.039668 0.997837
1341845831.569610 0.026659 0.470981 0.018110 0.048625 0.002922 0.037201 0.998120
1341845831.605848 0.030674 0.466925 0.023770 0.048224 0.002745 0.038287 0.998099
1341845831.637789 0.040631 0.477325 0.018502 0.047700 0.003230 0.038044 0.998132
1341845831.673597 0.054755 0.488122 0.027097 0.043152 0.005354 0.037785 0.998339
1341845831.705652 0.060095 0.484695 0.047290 0.040697 0.009833 0.039009 0.998361
1341845831.737705 0.062672 0.482331 0.040037 0.040797 0.012293 0.043290 0.998154
1341845831.773629 0.069210 0.492461 0.042610 0.041155 0.012961 0.046683 0.997977
1341845831.805810 0.076230 0.494867 0.040474 0.038396 0.015268 0.046920 0.998044
1341845831.837719 0.076313 0.488324 0.028958 0.034700 0.016692 0.048217 0.998094
1341845831.873791 0.086952 0.491951 0.035304 0.034340 0.015321 0.050018 0.998040
1341845831.905728 0.096280 0.502416 0.038726 0.032543 0.016779 0.049152 0.998120
1341845831.941628 0.100830 0.496204 0.042064 0.030039 0.018489 0.047718 0.998238
1341845831.973784 0.107158 0.496953 0.048359 0.029747 0.020181 0.047302 0.998234
1341845832.005729 0.117382 0.497679 0.042912 0.029948 0.021851 0.046449 0.998233
1341845832.041627 0.125270 0.501961 0.041613 0.029168 0.024383 0.044602 0.998281
1341845832.073865 0.125775 0.501023 0.047143 0.027502 0.027695 0.042874 0.998318
1341845832.109730 0.121234 0.496340 0.053246 0.027813 0.028078 0.043495 0.998272
1341845832.141683 0.140413 0.501177 0.044126 0.029899 0.025953 0.044427 0.998228
1341845832.173988 0.143752 0.505406 0.038224 0.028955 0.028366 0.041995 0.998295
1341845832.209956 0.135660 0.500775 0.046546 0.027975 0.027796 0.042198 0.998331
1341845832.241796 0.151942 0.505318 0.038955 0.029096 0.024261 0.043524 0.998334
1341845832.273776 0.168026 0.515418 0.036489 0.028619 0.023793 0.042170 0.998417
1341845832.309916 0.161549 0.516554 0.039860 0.025598 0.026227 0.041089 0.998483
1341845832.341687 0.165122 0.509475 0.038172 0.023118 0.024677 0.042379 0.998529
1341845832.377708 0.175861 0.517161 0.034988 0.022830 0.023074 0.043643 0.998520
1341845832.409802 0.177003 0.518728 0.035919 0.020730 0.022808 0.044215 0.998546
1341845832.442187 0.183493 0.517530 0.036381 0.019270 0.021638 0.044743 0.998578
1341845832.477743 0.187087 0.519603 0.037175 0.018580 0.021562 0.044587 0.998600
1341845832.509635 0.193621 0.520362 0.037531 0.017405 0.021188 0.045557 0.998585
1341845832.541586 0.198946 0.521482 0.038474 0.016510 0.021963 0.046246 0.998552
1341845832.577871 0.198440 0.520728 0.037233 0.015861 0.022676 0.047180 0.998503
1341845832.609738 0.206732 0.522812 0.034287 0.015797 0.021508 0.048282 0.998477
1341845832.645699 0.213374 0.528187 0.032508 0.015532 0.022078 0.048108 0.998477
1341845832.677817 0.217132 0.530660 0.029993 0.013403 0.022159 0.047337 0.998543
1341845832.710177 0.218005 0.526845 0.037620 0.011672 0.023057 0.048042 0.998511
1341845832.745710 0.221668 0.528702 0.037956 0.011851 0.024202 0.049354 0.998418
1341845832.777849 0.227580 0.531914 0.035524 0.011132 0.025459 0.051757 0.998273
1341845832.810110 0.233563 0.533588 0.034275 0.009985 0.026481 0.053100 0.998188
1341845832.845797 0.240487 0.537426 0.034443 0.008777 0.028004 0.053227 0.998151
1341845832.877696 0.235193 0.530931 0.041526 0.007578 0.030239 0.053964 0.998056
1341845832.913787 0.245910 0.537290 0.032328 0.008373 0.029777 0.055459 0.997982
1341845832.945664 0.254599 0.543130 0.035144 0.007360 0.030689 0.054496 0.998015
1341845832.978015 0.247383 0.536349 0.039798 0.006146 0.032503 0.054045 0.997990
1341845833.045857 0.274401 0.546458 0.027869 0.005401 0.031332 0.055326 0.997962
1341845833.077785 0.277829 0.545953 0.030506 0.003703 0.033120 0.054792 0.997941
1341845833.113636 0.275843 0.542608 0.042223 0.003567 0.034916 0.055058 0.997866
1341845833.145767 0.297342 0.551185 0.019912 0.003898 0.035727 0.054879 0.997846
1341845833.181891 0.301263 0.556959 0.029756 0.000629 0.037845 0.053488 0.997851
1341845833.213878 0.294743 0.545946 0.030168 -0.001686 0.040791 0.052717 0.997775
1341845833.245714 0.298621 0.535993 0.026916 -0.001075 0.038870 0.053473 0.997812
1341845833.281847 0.307998 0.545377 0.040400 0.003272 0.038076 0.057833 0.997595
1341845833.313771 0.310380 0.550820 0.035859 0.005945 0.041312 0.057405 0.997478
1341845833.349756 0.311517 0.551271 0.032900 0.004610 0.042424 0.057574 0.997429
1341845833.381840 0.307927 0.551674 0.022604 0.003828 0.044829 0.058332 0.997283
1341845833.414644 0.307050 0.554279 0.012243 0.003333 0.048554 0.057477 0.997160
1341845833.449819 0.305934 0.548441 0.010836 0.001858 0.048286 0.058746 0.997103
1341845833.488616 0.306336 0.549247 0.007526 0.003038 0.047843 0.059718 0.997063
1341845833.549835 0.268669 0.545992 0.011405 -0.000782 0.051756 0.058401 0.996950
1341845833.581733 0.191669 0.515436 -0.021995 -0.005577 0.056429 0.067452 0.996110
1341845833.617817 0.188332 0.523979 -0.031673 -0.004121 0.056515 0.067384 0.996117
1341845833.649899 0.188566 0.526364 -0.027893 -0.006527 0.055151 0.066919 0.996212
1341845833.681671 0.193516 0.516396 -0.014994 -0.007069 0.054872 0.066742 0.996235
1341845833.717606 0.181735 0.519751 -0.037298 -0.005477 0.054772 0.068548 0.996128
1341845833.752940 0.211793 0.530300 -0.043811 -0.006913 0.049745 0.068857 0.996362
1341845833.817827 0.202991 0.520874 -0.037406 -0.010846 0.051940 0.066257 0.996391
1341845833.849860 0.213424 0.521965 -0.033100 -0.010455 0.048996 0.068024 0.996425
1341845833.885667 0.221059 0.526766 -0.036443 -0.009536 0.049979 0.067083 0.996449
1341845833.917724 0.216074 0.529989 -0.040958 -0.011250 0.051823 0.065818 0.996422
1341845833.949675 0.213418 0.515918 -0.034288 -0.012443 0.050948 0.066310 0.996420
1341845833.985662 0.220938 0.523129 -0.034998 -0.009705 0.051657 0.065789 0.996448
1341845834.018158 0.211770 0.533660 -0.040180 -0.011006 0.053830 0.064126 0.996428
1341845834.049769 0.213134 0.521930 -0.043171 -0.013511 0.052177 0.063322 0.996537
1341845834.085753 0.215738 0.524359 -0.041899 -0.012886 0.051822 0.061416 0.996683
1341845834.153871 0.208287 0.518124 -0.043899 -0.015475 0.054246 0.059727 0.996620
1341845834.185736 0.204621 0.508481 -0.043398 -0.017398 0.055368 0.056912 0.996691
1341845834.217802 0.194400 0.515899 -0.043215 -0.017422 0.056757 0.055935 0.996668
1341845834.253824 0.183635 0.543513 -0.033317 -0.017844 0.054747 0.056526 0.996739
1341845834.285756 0.181723 0.532712 -0.020613 -0.021602 0.052159 0.056626 0.996798
1341845834.321783 0.174290 0.517221 -0.016095 -0.020725 0.052728 0.054900 0.996883
1341845834.355135 0.175163 0.515337 -0.023445 -0.015626 0.053010 0.058151 0.996777
1341845834.385801 0.169441 0.520025 -0.027085 -0.011658 0.053787 0.058644 0.996761
1341845834.421748 0.146555 0.524938 -0.011586 -0.011447 0.056156 0.057470 0.996701
1341845834.453840 0.144783 0.522416 -0.025697 -0.012421 0.055088 0.055833 0.996842
1341845834.485639 0.142335 0.517790 -0.019679 -0.012928 0.052917 0.053664 0.997072
1341845834.521785 0.139151 0.517377 -0.021675 -0.012163 0.052978 0.052798 0.997125
1341845834.553727 0.132106 0.518046 -0.026115 -0.012680 0.053573 0.052368 0.997109
1341845834.589787 0.100326 0.510848 -0.008475 -0.013016 0.053648 0.052378 0.997100
1341845834.621791 0.106044 0.513229 -0.013905 -0.011013 0.049999 0.052939 0.997284
1341845834.653808 0.118460 0.525404 -0.051901 -0.012624 0.049068 0.051300 0.997397
1341845834.689847 0.091923 0.510622 -0.038984 -0.016844 0.050574 0.047578 0.997444
1341845834.721856 0.064604 0.501903 -0.018112 -0.017489 0.048965 0.047734 0.997506
1341845834.753919 0.066419 0.498731 -0.020115 -0.014817 0.045992 0.048772 0.997640
1341845834.789834 0.072817 0.505392 -0.032769 -0.013177 0.045878 0.047907 0.997711
1341845834.821826 0.051757 0.502730 -0.028949 -0.014620 0.046803 0.047151 0.997684
1341845834.857804 0.044720 0.500070 -0.029309 -0.015272 0.043876 0.047248 0.997802
1341845834.889796 0.039354 0.497927 -0.028846 -0.015554 0.042364 0.045863 0.997928
1341845834.921771 0.023121 0.491850 -0.026398 -0.015218 0.042090 0.045609 0.997956
1341845834.957942 0.019208 0.492643 -0.033797 -0.014182 0.039067 0.045238 0.998111
1341845834.989806 0.008667 0.490179 -0.032893 -0.013502 0.036827 0.044534 0.998238
1341845835.021804 -0.003650 0.487932 -0.028692 -0.012346 0.034754 0.044762 0.998317
1341845835.058003 -0.014236 0.485138 -0.030444 -0.010691 0.033218 0.045352 0.998361
1341845835.089820 -0.017115 0.485707 -0.033575 -0.009092 0.031163 0.045451 0.998439
1341845835.125663 -0.019172 0.487150 -0.041822 -0.009272 0.027529 0.045876 0.998525
1341845835.157750 -0.014354 0.485663 -0.036714 -0.010639 0.024201 0.044823 0.998645
1341845835.189830 -0.016631 0.487581 -0.051956 -0.009169 0.021677 0.045065 0.998707
1341845835.225912 -0.016881 0.483600 -0.045716 -0.005331 0.018443 0.046705 0.998724
1341845835.258001 -0.065081 0.477743 -0.038742 -0.004463 0.019326 0.045966 0.998746
1341845835.290164 -0.064444 0.476377 -0.042238 -0.005953 0.017529 0.043775 0.998870
1341845835.325788 -0.064580 0.476108 -0.044288 -0.004459 0.013978 0.044175 0.998916
1341845835.363902 -0.063037 0.475750 -0.054071 -0.002932 0.011510 0.043083 0.999001
1341845835.431742 -0.062667 0.477477 -0.048418 -0.002192 0.006105 0.039730 0.999189
1341845835.493790 -0.068129 0.476865 -0.054909 0.000580 0.000379 0.040970 0.999160
1341845835.527633 -0.067180 0.475626 -0.056412 0.001605 -0.001491 0.040240 0.999188
1341845835.561788 -0.082149 0.478887 -0.074976 0.000731 -0.006255 0.040623 0.999155
1341845835.594173 -0.075930 0.477212 -0.075901 -0.000862 -0.008041 0.039989 0.999167
1341845835.625859 -0.084497 0.469824 -0.069134 0.001127 -0.007510 0.040717 0.999142
1341845835.661923 -0.102798 0.471736 -0.068959 0.005619 -0.009516 0.043255 0.999003
1341845835.693994 -0.103633 0.472693 -0.080431 0.008384 -0.012084 0.045658 0.998849
1341845835.725724 -0.063224 0.476496 -0.081562 0.010169 -0.011926 0.044512 0.998886
1341845835.761816 -0.077026 0.475495 -0.087951 0.013264 -0.012666 0.047244 0.998715
1341845835.793927 -0.137853 0.472179 -0.090749 0.015451 -0.011993 0.049674 0.998574
1341845835.829809 -0.137448 0.471289 -0.089002 0.014622 -0.011787 0.048578 0.998643
1341845835.868224 -0.137226 0.469220 -0.088307 0.014759 -0.011306 0.048774 0.998637
1341845835.903857 -0.138920 0.470750 -0.094445 0.017634 -0.015047 0.051650 0.998396
1341845835.935727 -0.136784 0.472235 -0.098417 0.018418 -0.016753 0.052461 0.998313
1341845835.967812 -0.135254 0.469820 -0.094577 0.018404 -0.014999 0.051232 0.998405
1341845836.003789 -0.140978 0.467308 -0.107908 0.021187 -0.015291 0.053939 0.998202
1341845836.035920 -0.137300 0.471461 -0.104501 0.024464 -0.016783 0.054771 0.998058
1341845836.067671 -0.136899 0.470909 -0.108028 0.024360 -0.015217 0.053502 0.998155
1341845836.104034 -0.141996 0.466121 -0.105998 0.025340 -0.015117 0.053075 0.998154
1341845836.135769 -0.144427 0.471346 -0.111523 0.027978 -0.019161 0.053447 0.997995
1341845836.172097 -0.145651 0.473499 -0.123194 0.027757 -0.022146 0.052801 0.997974
1341845836.203642 -0.147480 0.467454 -0.115755 0.025837 -0.021204 0.051518 0.998113
1341845836.235687 -0.148676 0.461540 -0.114688 0.027192 -0.021001 0.052070 0.998052
1341845836.271774 -0.177436 0.462017 -0.114266 0.030460 -0.023147 0.054305 0.997791
1341845836.303797 -0.173009 0.465460 -0.121695 0.031389 -0.025912 0.055650 0.997620
1341845836.335742 -0.171421 0.467734 -0.118388 0.030233 -0.024733 0.055458 0.997697
1341845836.372549 -0.184628 0.453070 -0.102297 0.030530 -0.021466 0.057950 0.997622
1341845836.403992 -0.186446 0.462902 -0.117220 0.034777 -0.021568 0.061483 0.997269
1341845836.435705 -0.181058 0.464914 -0.122709 0.035730 -0.020203 0.063681 0.997126
1341845836.471817 -0.191203 0.467742 -0.127214 0.036357 -0.016195 0.063050 0.997216
1341845836.503945 -0.210686 0.465536 -0.124965 0.036359 -0.015077 0.064167 0.997163
1341845836.539832 -0.208981 0.467540 -0.131848 0.036836 -0.017538 0.065207 0.997037
1341845836.571973 -0.209115 0.468355 -0.132431 0.035920 -0.017718 0.064902 0.997088
1341845836.604373 -0.215597 0.467872 -0.138398 0.034032 -0.016987 0.063555 0.997253
1341845836.639724 -0.219985 0.459833 -0.124076 0.031983 -0.017297 0.062506 0.997382
1341845836.672049 -0.215903 0.450759 -0.125929 0.033285 -0.018173 0.061812 0.997367
1341845836.704020 -0.220630 0.445932 -0.123745 0.035359 -0.017414 0.060971 0.997361
1341845836.739779 -0.218691 0.422030 -0.123589 0.038281 -0.018310 0.063122 0.997103
1341845836.771652 -0.212370 0.417433 -0.115972 0.046931 -0.018298 0.065100 0.996607
1341845836.803601 -0.217692 0.423295 -0.119796 0.054417 -0.016453 0.067534 0.996096
1341845836.839643 -0.224953 0.411253 -0.136040 0.056500 -0.017328 0.067667 0.995956
1341845836.871771 -0.218720 0.414035 -0.118669 0.060179 -0.019032 0.068376 0.995661
1341845836.907663 -0.211394 0.419315 -0.125681 0.062356 -0.018158 0.070729 0.995379
1341845836.939824 -0.223460 0.398781 -0.123031 0.061610 -0.015033 0.073021 0.995312
1341845836.971802 -0.216440 0.400682 -0.118064 0.064744 -0.016918 0.074161 0.994999
1341845837.007714 -0.206105 0.406653 -0.136229 0.061589 -0.014509 0.072943 0.995327
1341845837.039752 -0.212579 0.397989 -0.104287 0.056966 -0.008319 0.075205 0.995505
1341845837.071715 -0.216289 0.376804 -0.110790 0.059435 -0.007351 0.073855 0.995469
1341845837.107691 -0.213005 0.383837 -0.104387 0.062370 -0.006519 0.075543 0.995169
1341845837.139763 -0.199983 0.360292 -0.108621 0.060353 -0.004077 0.076571 0.995227
1341845837.171636 -0.210580 0.349882 -0.117328 0.064031 -0.000639 0.071947 0.995351
1341845837.207675 -0.217906 0.354712 -0.130919 0.065081 -0.002094 0.068351 0.995534
1341845837.239749 -0.205449 0.340760 -0.115139 0.062340 -0.004251 0.063997 0.995992
1341845837.275755 -0.204535 0.321730 -0.118619 0.062603 -0.002016 0.059902 0.996237
1341845837.307686 -0.210847 0.302912 -0.124472 0.065872 -0.001701 0.063608 0.995797
1341845837.339628 -0.206319 0.295868 -0.125353 0.070788 -0.004364 0.064832 0.995373
1341845837.375710 -0.198099 0.296221 -0.122953 0.075422 -0.003736 0.063145 0.995143
1341845837.407709 -0.200189 0.308934 -0.126004 0.076384 -0.000195 0.059251 0.995316
1341845837.439656 -0.203834 0.297417 -0.129504 0.069291 0.002562 0.056515 0.995991
1341845837.475671 -0.193403 0.274694 -0.127525 0.065402 0.003027 0.055892 0.996288
1341845837.507973 -0.185284 0.271153 -0.148743 0.065137 0.006447 0.055728 0.996298
1341845837.543708 -0.190600 0.262927 -0.142356 0.060685 0.010966 0.053048 0.996686
1341845837.575706 -0.190147 0.249427 -0.129978 0.059140 0.012764 0.050486 0.996891
1341845837.607609 -0.185456 0.240783 -0.130107 0.059676 0.014976 0.048705 0.996916
1341845837.643704 -0.187508 0.231405 -0.128761 0.060884 0.018037 0.046347 0.996905
1341845837.675706 -0.186558 0.221509 -0.133771 0.062941 0.019683 0.044373 0.996836
1341845837.711803 -0.182927 0.222302 -0.140473 0.064897 0.021432 0.043003 0.996735
1341845837.743935 -0.181015 0.215987 -0.133911 0.064685 0.024016 0.041702 0.996745
1341845837.775698 -0.179638 0.204132 -0.141213 0.066384 0.026490 0.041007 0.996599
1341845837.811909 -0.172675 0.214292 -0.163236 0.067975 0.028777 0.040812 0.996437
1341845837.843915 -0.177835 0.205275 -0.147389 0.064678 0.031998 0.039105 0.996626
1341845837.879790 -0.176816 0.191376 -0.141214 0.065154 0.034182 0.038761 0.996536
1341845837.911946 -0.181400 0.186951 -0.138815 0.069270 0.035262 0.041190 0.996123
1341845837.946188 -0.176850 0.191689 -0.150802 0.071902 0.034443 0.042503 0.995910
1341845837.979709 -0.160813 0.190087 -0.161627 0.070648 0.035776 0.041237 0.996006
1341845838.041927 -0.179379 0.179672 -0.163665 0.063516 0.041744 0.035677 0.996469
1341845838.073905 -0.177098 0.166096 -0.153457 0.062577 0.041026 0.034993 0.996582
1341845838.105792 -0.177883 0.164197 -0.154978 0.065105 0.042304 0.036067 0.996329
1341845838.141667 -0.174742 0.165982 -0.167939 0.065148 0.042202 0.035683 0.996344
1341845838.173678 -0.167597 0.163133 -0.175349 0.061921 0.042417 0.030611 0.996709
1341845838.205767 -0.174138 0.163266 -0.160053 0.057208 0.045376 0.024044 0.997041
1341845838.241893 -0.176764 0.159191 -0.155893 0.050903 0.048006 0.022589 0.997293
1341845838.273791 -0.182648 0.141299 -0.150543 0.048083 0.047622 0.020948 0.997488
1341845838.309852 -0.183621 0.139811 -0.152417 0.048967 0.045170 0.020378 0.997570
1341845838.341805 -0.178391 0.135732 -0.144826 0.048698 0.043156 0.024212 0.997587
1341845838.373872 -0.174052 0.128834 -0.146042 0.050035 0.042924 0.025428 0.997501
1341845838.409713 -0.177149 0.133329 -0.149199 0.051197 0.042985 0.026849 0.997402
1341845838.441818 -0.173245 0.135179 -0.153826 0.049193 0.041994 0.028864 0.997489
1341845838.473754 -0.167815 0.122994 -0.153065 0.045897 0.041916 0.026907 0.997704
1341845838.509713 -0.168191 0.115949 -0.148430 0.044721 0.043324 0.024637 0.997756
1341845838.541649 -0.172809 0.108803 -0.144795 0.045106 0.043524 0.024579 0.997731
1341845838.577804 -0.165807 0.102245 -0.147470 0.047433 0.042708 0.022245 0.997713
1341845838.609807 -0.161645 0.101524 -0.148297 0.049776 0.044374 0.019610 0.997581
1341845838.641690 -0.164256 0.097705 -0.150809 0.051017 0.046715 0.019096 0.997422
1341845838.677850 -0.165558 0.096184 -0.152999 0.051809 0.047144 0.018784 0.997367
1341845838.709635 -0.153737 0.099905 -0.165825 0.051830 0.046561 0.017181 0.997422
1341845838.745913 -0.134546 0.123151 -0.168034 0.049161 0.047527 0.015384 0.997541
1341845838.777723 -0.141456 0.112041 -0.170102 0.043227 0.050368 0.016080 0.997665
1341845838.809656 -0.153459 0.088297 -0.163460 0.038658 0.050420 0.012988 0.997895
1341845838.845874 -0.138355 0.086720 -0.170777 0.039105 0.048483 0.014067 0.997959
1341845838.877695 -0.129009 0.099602 -0.170641 0.035875 0.051170 0.012301 0.997970
1341845838.909636 -0.137157 0.079557 -0.168015 0.029985 0.055236 0.008769 0.997984
1341845838.945837 -0.142473 0.071663 -0.160682 0.029678 0.055717 0.007384 0.997978
1341845838.977758 -0.134620 0.070937 -0.163962 0.031322 0.055037 0.009304 0.997950
1341845839.013907 -0.121719 0.068918 -0.169271 0.031529 0.056044 0.008781 0.997892
1341845839.046225 -0.127155 0.070230 -0.184833 0.030482 0.059109 0.005948 0.997768
1341845839.077750 -0.135675 0.067689 -0.173271 0.027581 0.058240 0.004092 0.997913
1341845839.113934 -0.126240 0.055015 -0.157051 0.027414 0.055131 0.005273 0.998089
1341845839.145852 -0.121451 0.057549 -0.169937 0.030894 0.054747 0.008629 0.997985
1341845839.177741 -0.116362 0.061306 -0.170101 0.030777 0.054745 0.009518 0.997981
1341845839.214000 -0.113781 0.051963 -0.159468 0.030384 0.056440 0.008509 0.997907
1341845839.246198 -0.113014 0.049720 -0.167096 0.032827 0.058702 0.010049 0.997685
1341845839.281774 -0.107094 0.052419 -0.175310 0.033425 0.059740 0.011804 0.997584
1341845839.314004 -0.099240 0.047766 -0.172842 0.032733 0.061998 0.009733 0.997492
1341845839.345945 -0.108213 0.043535 -0.169018 0.033342 0.064807 0.008801 0.997302
1341845839.381741 -0.105765 0.044887 -0.168460 0.035581 0.063969 0.013577 0.997225
1341845839.413801 -0.094524 0.038838 -0.171285 0.037157 0.063985 0.015486 0.997139
1341845839.445714 -0.095080 0.044069 -0.181001 0.038956 0.066245 0.014726 0.996934
1341845839.481741 -0.091082 0.044986 -0.190424 0.037616 0.066833 0.014449 0.996950
1341845839.514001 -0.089423 0.040828 -0.172330 0.035817 0.068506 0.013653 0.996914
1341845839.549791 -0.093697 0.035941 -0.174455 0.037298 0.070564 0.014134 0.996710
1341845839.587666 -0.091472 0.043466 -0.183671 0.038934 0.070132 0.015312 0.996660
1341845839.681817 -0.092904 0.045007 -0.185453 0.038474 0.072999 0.014581 0.996483
1341845839.713876 -0.086670 0.044316 -0.179055 0.037511 0.071284 0.014411 0.996646
1341845839.749808 -0.081741 0.046698 -0.179693 0.037655 0.072198 0.014759 0.996570
1341845839.781785 -0.090879 0.046332 -0.192867 0.036311 0.073238 0.015036 0.996540
1341845839.817825 -0.092723 0.046854 -0.184271 0.034616 0.071992 0.015012 0.996691
1341845839.849994 -0.086211 0.050059 -0.188950 0.033785 0.070990 0.015011 0.996792
1341845839.881829 -0.094859 0.051979 -0.190754 0.031472 0.071396 0.014489 0.996846
1341845839.917855 -0.102640 0.052270 -0.187473 0.029179 0.070342 0.013982 0.996998
1341845839.950283 -0.105944 0.055036 -0.185021 0.027582 0.068145 0.014155 0.997194
1341845839.985757 -0.106450 0.062768 -0.177209 0.025975 0.066280 0.014348 0.997360
1341845840.017660 -0.107341 0.084192 -0.160167 0.023854 0.064723 0.013793 0.997523
1341845840.049741 -0.112290 0.084711 -0.156437 0.019469 0.063769 0.013226 0.997687
1341845840.085650 -0.118757 0.080073 -0.154195 0.016146 0.061691 0.014331 0.997862
1341845840.117698 -0.116835 0.084755 -0.151869 0.014872 0.059605 0.015825 0.997986
1341845840.149796 -0.120712 0.101853 -0.151274 0.012907 0.058906 0.017229 0.998031
1341845840.186069 -0.120067 0.104282 -0.148344 0.008090 0.057897 0.016531 0.998153
1341845840.217657 -0.122320 0.105098 -0.144712 0.003532 0.058778 0.015448 0.998145
1341845840.253694 -0.134083 0.100855 -0.144798 -0.000511 0.059231 0.016463 0.998108
1341845840.285914 -0.137961 0.109729 -0.137867 -0.001984 0.056149 0.017188 0.998272
1341845840.317753 -0.130350 0.123288 -0.135269 -0.003289 0.053261 0.020444 0.998366
1341845840.353861 -0.131540 0.122374 -0.137431 -0.006581 0.053152 0.020310 0.998358
1341845840.385775 -0.134540 0.133835 -0.133836 -0.008758 0.053908 0.019086 0.998325
1341845840.417676 -0.142300 0.135761 -0.135998 -0.012477 0.053235 0.017413 0.998352
1341845840.453598 -0.140705 0.135935 -0.135723 -0.014611 0.051783 0.018538 0.998379
1341845840.485943 -0.142707 0.138545 -0.135973 -0.015454 0.052163 0.017758 0.998361
1341845840.521810 -0.149540 0.148730 -0.134524 -0.016013 0.052222 0.018773 0.998331
1341845840.553677 -0.150007 0.157893 -0.128823 -0.017577 0.049865 0.021295 0.998374
1341845840.585765 -0.148854 0.153505 -0.132341 -0.019645 0.048462 0.019597 0.998440
1341845840.621850 -0.154940 0.166510 -0.126278 -0.019876 0.048832 0.017248 0.998460
1341845840.653789 -0.161232 0.171188 -0.123648 -0.024160 0.048106 0.016224 0.998418
1341845840.685850 -0.161074 0.161965 -0.118738 -0.026632 0.046926 0.013250 0.998455
1341845840.721832 -0.165369 0.159455 -0.117154 -0.024436 0.046735 0.013469 0.998518
1341845840.753824 -0.189918 0.169019 -0.098306 -0.020632 0.045651 0.013752 0.998650
1341845840.789783 -0.175068 0.172291 -0.101796 -0.017959 0.041482 0.015809 0.998853
1341845840.821733 -0.172928 0.179468 -0.110840 -0.016092 0.042779 0.013909 0.998858
1341845840.853661 -0.185268 0.183429 -0.108989 -0.015907 0.044778 0.013807 0.998775
1341845840.889737 -0.186916 0.187564 -0.109026 -0.015795 0.042948 0.015706 0.998829
1341845840.921786 -0.179336 0.193733 -0.113694 -0.015869 0.042555 0.016201 0.998837
1341845840.957782 -0.184542 0.200344 -0.116632 -0.017844 0.045940 0.014806 0.998675
1341845840.989777 -0.188632 0.201287 -0.111705 -0.020712 0.047350 0.015007 0.998551
1341845841.021755 -0.189944 0.200207 -0.101644 -0.020206 0.047951 0.015711 0.998522
1341845841.057797 -0.189580 0.200665 -0.092783 -0.016580 0.049131 0.016457 0.998519
1341845841.089861 -0.188832 0.214403 -0.099338 -0.011728 0.051184 0.015574 0.998499
1341845841.127763 -0.196869 0.219365 -0.103359 -0.010739 0.052278 0.013021 0.998490
1341845841.189794 -0.196857 0.224836 -0.098076 -0.007671 0.051192 0.004821 0.998648
1341845841.225871 -0.197691 0.230586 -0.098871 -0.004027 0.050838 0.002650 0.998695
1341845841.257769 -0.200139 0.239431 -0.100124 -0.000493 0.050813 0.001097 0.998707
1341845841.289834 -0.203131 0.249364 -0.103480 0.001142 0.049935 0.001997 0.998750
1341845841.325856 -0.200394 0.261285 -0.107231 0.000239 0.049262 0.003286 0.998780
1341845841.357778 -0.206741 0.261546 -0.097423 -0.002183 0.049090 0.003148 0.998787
1341845841.389747 -0.210644 0.261969 -0.083918 0.000102 0.046235 0.005250 0.998917
1341845841.425648 -0.202791 0.262349 -0.090290 0.005605 0.042544 0.010200 0.999027
1341845841.457784 -0.200089 0.270669 -0.088720 0.014576 0.041369 0.015626 0.998915
1341845841.493636 -0.201770 0.285681 -0.097602 0.019277 0.040783 0.018253 0.998815
1341845841.525800 -0.201001 0.301700 -0.096348 0.017828 0.040739 0.018359 0.998842
1341845841.557776 -0.202948 0.301562 -0.098481 0.014276 0.041295 0.018860 0.998867
1341845841.593697 -0.207963 0.299676 -0.092909 0.011965 0.040339 0.020913 0.998896
1341845841.625800 -0.201127 0.292089 -0.097024 0.013036 0.037915 0.023273 0.998925
1341845841.657778 -0.200361 0.306162 -0.089592 0.016814 0.038102 0.024539 0.998831
1341845841.693890 -0.204926 0.315635 -0.088589 0.018445 0.038211 0.026192 0.998756
1341845841.725831 -0.201026 0.318431 -0.084980 0.017947 0.036989 0.027231 0.998783
1341845841.761977 -0.202464 0.323229 -0.088300 0.018725 0.036780 0.025226 0.998829
1341845841.793705 -0.208364 0.331986 -0.094392 0.017361 0.036282 0.025310 0.998870
1341845841.825907 -0.207676 0.332456 -0.083427 0.015033 0.034232 0.025262 0.998981
1341845841.862456 -0.207275 0.329064 -0.078777 0.015394 0.032482 0.025948 0.999017
1341845841.893840 -0.210004 0.325991 -0.070878 0.019987 0.030331 0.030102 0.998887
1341845841.925729 -0.209191 0.340214 -0.080790 0.023902 0.028345 0.031313 0.998822
1341845841.961799 -0.204664 0.342997 -0.076888 0.023651 0.027351 0.031110 0.998862
1341845841.994063 -0.201995 0.348508 -0.088874 0.023655 0.028448 0.029195 0.998889
1341845842.030345 -0.217029 0.352186 -0.099718 0.020753 0.029652 0.027372 0.998970
1341845842.061842 -0.210460 0.349158 -0.090015 0.019681 0.026703 0.029828 0.999004
1341845842.095648 -0.208077 0.358195 -0.087741 0.020758 0.026370 0.030302 0.998977
1341845842.130144 -0.209816 0.360958 -0.094213 0.020059 0.026899 0.032223 0.998917
1341845842.168651 -0.210147 0.368436 -0.091969 0.019966 0.026806 0.034392 0.998849
1341845842.204415 -0.210523 0.368413 -0.088542 0.019789 0.026922 0.035620 0.998807
1341845842.236995 -0.219845 0.371158 -0.086072 0.021504 0.026408 0.036487 0.998754
1341845842.298056 -0.207421 0.383628 -0.076950 0.025767 0.020235 0.041351 0.998607
1341845842.330531 -0.214606 0.387914 -0.093758 0.026921 0.022219 0.040576 0.998567
1341845842.362365 -0.218169 0.403042 -0.093492 0.025869 0.020611 0.042017 0.998569
1341845842.399606 -0.213603 0.402201 -0.088429 0.022268 0.019575 0.042309 0.998665
1341845842.439754 -0.213854 0.404443 -0.076813 0.021799 0.020295 0.041935 0.998676
1341845842.472222 -0.219686 0.406787 -0.082230 0.021513 0.020710 0.042750 0.998639
1341845842.506051 -0.219081 0.404718 -0.081261 0.021247 0.018377 0.043513 0.998658
1341845842.539739 -0.210308 0.408679 -0.079051 0.021873 0.017793 0.042430 0.998701
1341845842.597810 -0.220399 0.407263 -0.076591 0.023232 0.018926 0.041019 0.998709
1341845842.671782 -0.217457 0.422572 -0.083118 0.027437 0.018547 0.041406 0.998593
1341845842.733828 -0.223114 0.422661 -0.079196 0.028702 0.017268 0.048211 0.998275
1341845842.772554 -0.223263 0.435892 -0.084093 0.030787 0.016765 0.049785 0.998145
1341845842.803667 -0.225533 0.441684 -0.084228 0.028325 0.016800 0.051622 0.998124
1341845842.839779 -0.218901 0.443645 -0.078671 0.027124 0.016759 0.051823 0.998147
1341845842.871951 -0.227148 0.447308 -0.082544 0.027047 0.018458 0.050605 0.998182
1341845842.903766 -0.227588 0.459157 -0.081255 0.026259 0.017381 0.050621 0.998221
1341845842.939694 -0.223514 0.458524 -0.074531 0.023545 0.017522 0.049888 0.998324
1341845842.971703 -0.227632 0.459823 -0.075910 0.024110 0.018553 0.049455 0.998313
1341845843.003637 -0.236664 0.466475 -0.079878 0.024889 0.017370 0.051130 0.998231
1341845843.039687 -0.224932 0.466829 -0.074932 0.024433 0.015113 0.053606 0.998149
1341845843.071786 -0.226392 0.473298 -0.076669 0.024988 0.017376 0.053623 0.998097
1341845843.103725 -0.236565 0.469315 -0.084611 0.024616 0.017821 0.055416 0.998001
1341845843.139742 -0.236889 0.480555 -0.071868 0.027447 0.014573 0.057603 0.997856
1341845843.171825 -0.229674 0.492255 -0.076352 0.026836 0.013595 0.055668 0.997996
1341845843.207907 -0.233957 0.497513 -0.080976 0.023829 0.014804 0.051537 0.998277
1341845843.240014 -0.236860 0.501030 -0.079974 0.020474 0.014045 0.048309 0.998524
1341845843.281910 -0.235780 0.501008 -0.075749 0.019552 0.012007 0.047530 0.998606
1341845843.307930 -0.236891 0.507767 -0.072537 0.020198 0.010619 0.047065 0.998631
1341845843.339844 -0.236124 0.506364 -0.069887 0.020318 0.010093 0.048377 0.998571
1341845843.407961 -0.236803 0.527532 -0.066777 0.025375 0.013814 0.050191 0.998322
1341845843.469698 -0.255544 0.550827 -0.012501 0.025623 0.017342 0.051896 0.998173
1341845843.501755 -0.268922 0.555744 -0.021272 0.023823 0.021020 0.049501 0.998269
1341845843.537749 -0.276297 0.555906 -0.010131 0.022777 0.019651 0.053019 0.998140
1341845843.601912 -0.271189 0.580554 -0.016160 0.019259 0.019957 0.050176 0.998355
1341845843.637854 -0.271189 0.580554 -0.016160 0.019259 0.019957 0.050176 0.998355
1341845843.669935 -0.268954 0.524499 0.069435 0.016269 0.023878 0.050635 0.998299
1341845843.705705 -0.286955 0.359165 0.313170 0.010618 0.032013 0.057183 0.997794
1341845843.738087 -0.328535 0.322953 0.303627 0.005808 0.036605 0.059380 0.997547
1341845843.769868 -0.328535 0.322953 0.303627 0.005808 0.036605 0.059380 0.997547
1341845843.805741 -0.328535 0.322953 0.303627 0.005808 0.036605 0.059380 0.997547
1341845843.837731 -0.328535 0.322953 0.303627 0.005808 0.036605 0.059380 0.997547
1341845843.869723 -0.328535 0.322953 0.303627 0.005808 0.036605 0.059380 0.997547
1341845843.905817 -0.328535 0.322953 0.303627 0.005808 0.036605 0.059380 0.997547
1341845843.937846 -0.328535 0.322953 0.303627 0.005808 0.036605 0.059380 0.997547
1341845843.973843 -0.328535 0.322953 0.303627 0.005808 0.036605 0.059380 0.997547
1341845844.005877 -0.328535 0.322953 0.303627 0.005808 0.036605 0.059380 0.997547
1341845844.037839 -0.142393 -0.015368 0.335409 -0.011631 0.025645 0.076609 0.996663
1341845844.073843 -0.142393 -0.015368 0.335409 -0.011631 0.025645 0.076609 0.996663
1341845844.105844 -0.142393 -0.015368 0.335409 -0.011631 0.025645 0.076609 0.996663
1341845844.137727 -0.142393 -0.015368 0.335409 -0.011631 0.025645 0.076609 0.996663
1341845844.173729 -0.142393 -0.015368 0.335409 -0.011631 0.025645 0.076609 0.996663
1341845844.205772 -0.142393 -0.015368 0.335409 -0.011631 0.025645 0.076609 0.996663
1341845844.241826 -0.142393 -0.015368 0.335409 -0.011631 0.025645 0.076609 0.996663
1341845844.273743 0.054562 -0.308867 0.342505 -0.019269 0.013897 0.087813 0.995854
1341845844.305737 0.054562 -0.308867 0.342505 -0.019269 0.013897 0.087813 0.995854
1341845844.341702 -0.285188 -1.599979 0.185799 -0.084857 0.036755 0.100935 0.990586
1341845844.373700 -0.569102 -2.919691 0.264915 -0.154491 0.058352 0.105816 0.980577
1341845844.409780 -0.590114 -4.476693 0.612970 -0.239091 0.069478 0.113890 0.961789
1341845844.441868 -0.590114 -4.476693 0.612970 -0.239091 0.069478 0.113890 0.961789
1341845844.473633 -0.590114 -4.476693 0.612970 -0.239091 0.069478 0.113890 0.961789
1341845844.509732 -0.590114 -4.476693 0.612970 -0.239091 0.069478 0.113890 0.961789
1341845844.541734 -0.590114 -4.476693 0.612970 -0.239091 0.069478 0.113890 0.961789
1341845844.573798 -0.590114 -4.476693 0.612970 -0.239091 0.069478 0.113890 0.961789
1341845844.609774 -0.590114 -4.476693 0.612970 -0.239091 0.069478 0.113890 0.961789
1341845844.641742 -0.590114 -4.476693 0.612970 -0.239091 0.069478 0.113890 0.961789
1341845844.677619 -0.590114 -4.476693 0.612970 -0.239091 0.069478 0.113890 0.961789
1341845844.709820 -0.590114 -4.476693 0.612970 -0.239091 0.069478 0.113890 0.961789
1341845844.741764 -0.590114 -4.476693 0.612970 -0.239091 0.069478 0.113890 0.961789
1341845844.778110 -0.590114 -4.476693 0.612970 -0.239091 0.069478 0.113890 0.961789
1341845844.811162 -0.590114 -4.476693 0.612970 -0.239091 0.069478 0.113890 0.961789
1341845844.842336 -0.590114 -4.476693 0.612970 -0.239091 0.069478 0.113890 0.961789
1341845844.883762 -0.590114 -4.476693 0.612970 -0.239091 0.069478 0.113890 0.961789
1341845844.947016 -0.590114 -4.476693 0.612970 -0.239091 0.069478 0.113890 0.961789
1341845844.977793 -0.590114 -4.476693 0.612970 -0.239091 0.069478 0.113890 0.961789
1341845845.009670 -0.590114 -4.476693 0.612970 -0.239091 0.069478 0.113890 0.961789
1341845845.045698 -0.590114 -4.476693 0.612970 -0.239091 0.069478 0.113890 0.961789
1341845845.077748 -0.590114 -4.476693 0.612970 -0.239091 0.069478 0.113890 0.961789
1341845845.109679 -0.590114 -4.476693 0.612970 -0.239091 0.069478 0.113890 0.961789
1341845845.145640 -0.590114 -4.476693 0.612970 -0.239091 0.069478 0.113890 0.961789
1341845845.177719 -0.590114 -4.476693 0.612970 -0.239091 0.069478 0.113890 0.961789
1341845845.213604 -0.590114 -4.476693 0.612970 -0.239091 0.069478 0.113890 0.961789
1341845845.245741 -0.590114 -4.476693 0.612970 -0.239091 0.069478 0.113890 0.961789
1341845845.277905 -0.590114 -4.476693 0.612970 -0.239091 0.069478 0.113890 0.961789
1341845845.314159 -0.590114 -4.476693 0.612970 -0.239091 0.069478 0.113890 0.961789
1341845845.345748 -0.590114 -4.476693 0.612970 -0.239091 0.069478 0.113890 0.961789
1341845845.381704 -0.590114 -4.476693 0.612970 -0.239091 0.069478 0.113890 0.961789
1341845845.413648 -0.590114 -4.476693 0.612970 -0.239091 0.069478 0.113890 0.961789
1341845845.445777 -0.590114 -4.476693 0.612970 -0.239091 0.069478 0.113890 0.961789
1341845845.481809 -0.590114 -4.476693 0.612970 -0.239091 0.069478 0.113890 0.961789
1341845845.514332 -0.590114 -4.476693 0.612970 -0.239091 0.069478 0.113890 0.961789
1341845845.545717 -0.590114 -4.476693 0.612970 -0.239091 0.069478 0.113890 0.961789
1341845845.581658 -0.590114 -4.476693 0.612970 -0.239091 0.069478 0.113890 0.961789
1341845845.613959 -0.590114 -4.476693 0.612970 -0.239091 0.069478 0.113890 0.961789
1341845845.649696 -0.590114 -4.476693 0.612970 -0.239091 0.069478 0.113890 0.961789
1341845845.682034 -0.590114 -4.476693 0.612970 -0.239091 0.069478 0.113890 0.961789
1341845845.714232 -0.590114 -4.476693 0.612970 -0.239091 0.069478 0.113890 0.961789
1341845845.751971 -0.590114 -4.476693 0.612970 -0.239091 0.069478 0.113890 0.961789
1341845845.787747 -0.590114 -4.476693 0.612970 -0.239091 0.069478 0.113890 0.961789
1341845845.820616 -0.590114 -4.476693 0.612970 -0.239091 0.069478 0.113890 0.961789
1341845845.887653 -0.590114 -4.476693 0.612970 -0.239091 0.069478 0.113890 0.961789
1341845845.949895 -0.590114 -4.476693 0.612970 -0.239091 0.069478 0.113890 0.961789
1341845845.981855 -0.590114 -4.476693 0.612970 -0.239091 0.069478 0.113890 0.961789
1341845846.017822 -0.590114 -4.476693 0.612970 -0.239091 0.069478 0.113890 0.961789
1341845846.049788 -0.590114 -4.476693 0.612970 -0.239091 0.069478 0.113890 0.961789
1341845846.081697 -0.590114 -4.476693 0.612970 -0.239091 0.069478 0.113890 0.961789
1341845846.117753 -0.590114 -4.476693 0.612970 -0.239091 0.069478 0.113890 0.961789
1341845846.149729 -0.590114 -4.476693 0.612970 -0.239091 0.069478 0.113890 0.961789
1341845846.185551 -0.590114 -4.476693 0.612970 -0.239091 0.069478 0.113890 0.961789
1341845846.217670 -0.590114 -4.476693 0.612970 -0.239091 0.069478 0.113890 0.961789
1341845846.249670 -0.590114 -4.476693 0.612970 -0.239091 0.069478 0.113890 0.961789
1341845846.285621 -0.590114 -4.476693 0.612970 -0.239091 0.069478 0.113890 0.961789
1341845846.318706 -0.590114 -4.476693 0.612970 -0.239091 0.069478 0.113890 0.961789
1341845846.349746 -0.590114 -4.476693 0.612970 -0.239091 0.069478 0.113890 0.961789
1341845846.385823 -0.590114 -4.476693 0.612970 -0.239091 0.069478 0.113890 0.961789
1341845846.417804 -0.590114 -4.476693 0.612970 -0.239091 0.069478 0.113890 0.961789
1341845846.453757 -0.590114 -4.476693 0.612970 -0.239091 0.069478 0.113890 0.961789
1341845846.485915 -0.590114 -4.476693 0.612970 -0.239091 0.069478 0.113890 0.961789
1341845846.517804 -0.590114 -4.476693 0.612970 -0.239091 0.069478 0.113890 0.961789
1341845846.553866 -0.590114 -4.476693 0.612970 -0.239091 0.069478 0.113890 0.961789
1341845846.585802 -0.590114 -4.476693 0.612970 -0.239091 0.069478 0.113890 0.961789
1341845846.621952 -0.590114 -4.476693 0.612970 -0.239091 0.069478 0.113890 0.961789
1341845846.653735 -0.590114 -4.476693 0.612970 -0.239091 0.069478 0.113890 0.961789
1341845846.687048 -0.590114 -4.476693 0.612970 -0.239091 0.069478 0.113890 0.961789
1341845846.721930 -0.590114 -4.476693 0.612970 -0.239091 0.069478 0.113890 0.961789
1341845846.755684 -0.590114 -4.476693 0.612970 -0.239091 0.069478 0.113890 0.961789
1341845846.785987 -0.590114 -4.476693 0.612970 -0.239091 0.069478 0.113890 0.961789
1341845846.821760 -0.590114 -4.476693 0.612970 -0.239091 0.069478 0.113890 0.961789
1341845846.853756 -0.590114 -4.476693 0.612970 -0.239091 0.069478 0.113890 0.961789
1341845846.889724 -0.590114 -4.476693 0.612970 -0.239091 0.069478 0.113890 0.961789
1341845846.921756 -0.590114 -4.476693 0.612970 -0.239091 0.069478 0.113890 0.961789
1341845846.953776 -0.590114 -4.476693 0.612970 -0.239091 0.069478 0.113890 0.961789
1341845846.989607 -0.590114 -4.476693 0.612970 -0.239091 0.069478 0.113890 0.961789
1341845847.021791 -0.590114 -4.476693 0.612970 -0.239091 0.069478 0.113890 0.961789
1341845847.053671 -0.590114 -4.476693 0.612970 -0.239091 0.069478 0.113890 0.961789
1341845847.089677 -0.590114 -4.476693 0.612970 -0.239091 0.069478 0.113890 0.961789
1341845847.121825 -0.590114 -4.476693 0.612970 -0.239091 0.069478 0.113890 0.961789
1341845847.157737 -0.590114 -4.476693 0.612970 -0.239091 0.069478 0.113890 0.961789
1341845847.189613 -0.590114 -4.476693 0.612970 -0.239091 0.069478 0.113890 0.961789
1341845847.221790 -0.590114 -4.476693 0.612970 -0.239091 0.069478 0.113890 0.961789
1341845847.257718 -0.590114 -4.476693 0.612970 -0.239091 0.069478 0.113890 0.961789
1341845847.289652 -0.590114 -4.476693 0.612970 -0.239091 0.069478 0.113890 0.961789
1341845847.321777 -0.590114 -4.476693 0.612970 -0.239091 0.069478 0.113890 0.961789
1341845847.357899 -0.590114 -4.476693 0.612970 -0.239091 0.069478 0.113890 0.961789
1341845847.390176 -0.590114 -4.476693 0.612970 -0.239091 0.069478 0.113890 0.961789
1341845847.425786 -0.590114 -4.476693 0.612970 -0.239091 0.069478 0.113890 0.961789
1341845847.489945 -0.590114 -4.476693 0.612970 -0.239091 0.069478 0.113890 0.961789
1341845847.525805 -0.590114 -4.476693 0.612970 -0.239091 0.069478 0.113890 0.961789
1341845847.557741 -0.590114 -4.476693 0.612970 -0.239091 0.069478 0.113890 0.961789
1341845847.593782 -0.590114 -4.476693 0.612970 -0.239091 0.069478 0.113890 0.961789
1341845847.625656 -0.590114 -4.476693 0.612970 -0.239091 0.069478 0.113890 0.961789
1341845847.657670 -0.590114 -4.476693 0.612970 -0.239091 0.069478 0.113890 0.961789
1341845847.693751 -0.590114 -4.476693 0.612970 -0.239091 0.069478 0.113890 0.961789
1341845847.725684 -0.590114 -4.476693 0.612970 -0.239091 0.069478 0.113890 0.961789
1341845847.757787 -0.590114 -4.476693 0.612970 -0.239091 0.069478 0.113890 0.961789
1341845847.793826 -0.590114 -4.476693 0.612970 -0.239091 0.069478 0.113890 0.961789
1341845847.825684 -0.590114 -4.476693 0.612970 -0.239091 0.069478 0.113890 0.961789
1341845847.861928 -0.590114 -4.476693 0.612970 -0.239091 0.069478 0.113890 0.961789
1341845847.893697 -0.590114 -4.476693 0.612970 -0.239091 0.069478 0.113890 0.961789
1341845847.925644 -0.590114 -4.476693 0.612970 -0.239091 0.069478 0.113890 0.961789
1341845847.961946 -0.590114 -4.476693 0.612970 -0.239091 0.069478 0.113890 0.961789
1341845847.993685 -0.590114 -4.476693 0.612970 -0.239091 0.069478 0.113890 0.961789
1341845848.025620 -0.590114 -4.476693 0.612970 -0.239091 0.069478 0.113890 0.961789
1341845848.061715 -0.590114 -4.476693 0.612970 -0.239091 0.069478 0.113890 0.961789
1341845848.093689 -0.590114 -4.476693 0.612970 -0.239091 0.069478 0.113890 0.961789
1341845848.132119 -0.590114 -4.476693 0.612970 -0.239091 0.069478 0.113890 0.961789
1341845848.167711 -0.590114 -4.476693 0.612970 -0.239091 0.069478 0.113890 0.961789
1341845848.200502 -0.590114 -4.476693 0.612970 -0.239091 0.069478 0.113890 0.961789
1341845848.232265 -0.590114 -4.476693 0.612970 -0.239091 0.069478 0.113890 0.961789
1341845848.267873 -0.590114 -4.476693 0.612970 -0.239091 0.069478 0.113890 0.961789
1341845848.301135 -0.590114 -4.476693 0.612970 -0.239091 0.069478 0.113890 0.961789
1341845848.335735 -0.590114 -4.476693 0.612970 -0.239091 0.069478 0.113890 0.961789
1341845848.367757 -0.590114 -4.476693 0.612970 -0.239091 0.069478 0.113890 0.961789
1341845848.399644 -0.590114 -4.476693 0.612970 -0.239091 0.069478 0.113890 0.961789
1341845848.435802 -0.590114 -4.476693 0.612970 -0.239091 0.069478 0.113890 0.961789
1341845848.467705 -0.590114 -4.476693 0.612970 -0.239091 0.069478 0.113890 0.961789
1341845848.503759 -0.590114 -4.476693 0.612970 -0.239091 0.069478 0.113890 0.961789
1341845848.536036 -0.590114 -4.476693 0.612970 -0.239091 0.069478 0.113890 0.961789
1341845848.567958 -0.590114 -4.476693 0.612970 -0.239091 0.069478 0.113890 0.961789
1341845848.603657 -0.254140 -5.897094 1.221460 -0.321165 0.064022 0.118574 0.937387
1341845848.635797 0.698188 -7.082125 2.110388 -0.402159 0.028727 0.127663 0.906171
1341845848.671815 1.271022 -8.500431 3.534861 -0.508818 0.020064 0.147102 0.847976
1341845848.703677 1.271022 -8.500431 3.534861 -0.508818 0.020064 0.147102 0.847976
1341845848.735781 2.081328 -9.575520 5.778663 -0.629683 0.009327 0.170484 0.757857
1341845848.771647 2.462199 -10.071949 7.950757 -0.723808 0.019411 0.181505 0.665418
1341845848.803783 2.646413 -10.073351 10.323032 -0.808712 0.034820 0.179460 0.559076
1341845848.839757 2.855937 -9.510223 12.265058 0.867832 -0.051545 -0.180946 -0.459858
1341845848.871829 2.953559 -8.711271 13.829531 0.909617 -0.073411 -0.180942 -0.366697
1341845848.903622 2.897078 -8.738948 13.766081 0.907857 -0.078481 -0.177880 -0.371477
1341845848.940608 2.947757 -8.616463 14.004617 0.911770 -0.084491 -0.174115 -0.362244
1341845848.972843 2.999462 -8.530258 14.134401 0.915014 -0.084473 -0.170823 -0.355575
1341845849.008613 2.980639 -8.528429 14.141428 0.914997 -0.085293 -0.167755 -0.356882
1341845849.072005 2.970557 -8.523329 14.141486 0.914893 -0.085750 -0.161804 -0.359773
1341845849.133777 2.959120 -8.494759 14.122986 0.916539 -0.084392 -0.155910 -0.358505
1341845849.165908 2.939442 -8.514248 14.061432 0.916073 -0.085030 -0.150083 -0.362014
1341845849.201651 2.914700 -8.527753 14.028939 0.914489 -0.087340 -0.149448 -0.365715
1341845849.233648 2.886359 -8.550400 13.989272 0.913016 -0.088674 -0.148313 -0.369515
1341845849.265690 2.908219 -8.596552 13.915469 0.912010 -0.085904 -0.146785 -0.373245
1341845849.301701 2.895871 -8.597362 13.910442 0.912888 -0.085143 -0.145741 -0.371679
1341845849.333730 2.900957 -8.574778 13.931256 0.913702 -0.084203 -0.147516 -0.369185
1341845849.369727 2.910374 -8.567454 13.915804 0.913910 -0.082340 -0.148393 -0.368740
1341845849.401811 2.885453 -8.558788 13.929938 0.914499 -0.082938 -0.147872 -0.367350
1341845849.433692 2.885453 -8.558788 13.929938 0.914499 -0.082938 -0.147872 -0.367350
1341845849.469648 2.885453 -8.558788 13.929938 0.914499 -0.082938 -0.147872 -0.367350
1341845849.501641 2.887503 -8.520959 13.957925 0.915647 -0.083150 -0.148968 -0.363985
1341845849.533689 2.887503 -8.520959 13.957925 0.915647 -0.083150 -0.148968 -0.363985
1341845849.569780 2.887503 -8.520959 13.957925 0.915647 -0.083150 -0.148968 -0.363985
1341845849.601759 2.887503 -8.520959 13.957925 0.915647 -0.083150 -0.148968 -0.363985
1341845849.637837 2.879192 -8.480577 13.980473 0.916519 -0.084793 -0.146128 -0.362560
1341845849.669719 2.836692 -8.487412 13.947363 0.915843 -0.086857 -0.142663 -0.365151
1341845849.701927 2.825274 -8.472813 13.966503 0.916909 -0.087258 -0.140347 -0.363273
1341845849.737804 2.810313 -8.448036 13.984996 0.918188 -0.088092 -0.136451 -0.361319
1341845849.769688 2.764812 -8.464660 13.942515 0.917356 -0.089540 -0.133044 -0.364334
1341845849.805874 2.805298 -8.476608 13.939580 0.916901 -0.088707 -0.137769 -0.363928
1341845849.838002 2.805298 -8.476608 13.939580 0.916901 -0.088707 -0.137769 -0.363928
1341845849.873756 2.827411 -8.497157 13.902229 0.917527 -0.084607 -0.135924 -0.364019
1341845849.905773 2.827411 -8.497157 13.902229 0.917527 -0.084607 -0.135924 -0.364019
1341845849.942380 3.270520 -8.341993 13.920107 0.922966 -0.057002 -0.147639 -0.350837
1341845849.969808 3.270520 -8.341993 13.920107 0.922966 -0.057002 -0.147639 -0.350837
1341845850.006040 3.270520 -8.341993 13.920107 0.922966 -0.057002 -0.147639 -0.350837
1341845850.038041 3.270520 -8.341993 13.920107 0.922966 -0.057002 -0.147639 -0.350837
1341845850.073843 3.090769 -8.237558 13.940383 0.927375 -0.053709 -0.130424 -0.346527
1341845850.137727 2.887344 -8.188255 13.974074 0.929706 -0.056763 -0.119030 -0.343886
1341845850.173748 2.887344 -8.188255 13.974074 0.929706 -0.056763 -0.119030 -0.343886
1341845850.205888 2.858460 -8.103376 13.923614 0.930137 -0.056793 -0.116944 -0.343430
1341845850.242190 2.861077 -8.111046 13.926671 0.930103 -0.056332 -0.118578 -0.343036
1341845850.276369 2.855822 -8.098700 13.918127 0.930297 -0.055206 -0.119897 -0.342235
1341845850.311979 2.887290 -8.112935 13.916404 0.930221 -0.052114 -0.121939 -0.342205
1341845850.343827 2.887290 -8.112935 13.916404 0.930221 -0.052114 -0.121939 -0.342205
1341845850.380151 2.887290 -8.112935 13.916404 0.930221 -0.052114 -0.121939 -0.342205
1341845850.412359 2.886959 -8.106447 13.910299 0.929951 -0.052383 -0.121146 -0.343178
1341845850.447279 2.891932 -8.105335 13.906446 0.929823 -0.054211 -0.120834 -0.343352
1341845850.511722 2.888387 -8.090970 13.898568 0.928661 -0.061142 -0.120301 -0.345511
1341845850.573894 2.880120 -8.076599 13.889251 0.928345 -0.063068 -0.118096 -0.346773
1341845850.609794 2.883016 -8.079673 13.888175 0.927579 -0.063550 -0.118151 -0.348710
1341845850.641744 2.879272 -8.074183 13.883863 0.927636 -0.062783 -0.118290 -0.348651
1341845850.673755 2.884566 -8.068444 13.883008 0.927304 -0.061156 -0.118561 -0.349730
1341845850.709784 2.885219 -8.069315 13.877363 0.927154 -0.060663 -0.116531 -0.350892
1341845850.741802 2.876204 -8.060088 13.873930 0.926922 -0.061898 -0.116718 -0.351229
1341845850.777740 2.881554 -8.058558 13.870228 0.926615 -0.061331 -0.118553 -0.351522
1341845850.841900 2.879564 -8.057175 13.863317 0.926445 -0.061108 -0.118075 -0.352171
1341845850.877766 2.877979 -8.046311 13.857057 0.927037 -0.059802 -0.118462 -0.350703
1341845850.909781 2.880265 -8.045290 13.854930 0.927310 -0.059122 -0.117630 -0.350376
1341845850.941758 2.876387 -8.042824 13.846010 0.927474 -0.060610 -0.117310 -0.349797
1341845850.977762 2.872799 -8.037312 13.842574 0.927462 -0.062438 -0.118560 -0.349082
1341845851.009834 2.875485 -8.037692 13.839413 0.927169 -0.063520 -0.120357 -0.349052
1341845851.045751 2.875017 -8.032548 13.835712 0.927870 -0.064357 -0.120150 -0.347101
1341845851.077894 2.869454 -8.019318 13.827000 0.927622 -0.067138 -0.120334 -0.347175
1341845851.109747 2.870104 -8.028201 13.825215 0.926850 -0.068176 -0.121150 -0.348747
1341845851.145889 2.868319 -8.025776 13.822992 0.928126 -0.064813 -0.121233 -0.345953
1341845851.177904 2.874943 -8.019859 13.826159 0.929466 -0.061019 -0.119918 -0.343497
1341845851.209882 2.865779 -8.022146 13.809389 0.929189 -0.061592 -0.118972 -0.344470
1341845851.251733 2.858147 -8.013409 13.799950 0.929480 -0.061089 -0.122118 -0.342668
1341845851.313813 2.861114 -8.006657 13.788699 0.928567 -0.061361 -0.120156 -0.345776
1341845851.345834 2.836550 -7.995404 13.770537 0.927411 -0.062638 -0.119436 -0.348884
1341845851.377718 2.841771 -7.996542 13.766530 0.926005 -0.063465 -0.123142 -0.351173
1341845851.413805 2.845106 -8.004544 13.778922 0.926756 -0.061542 -0.122553 -0.349739
1341845851.445896 2.834208 -7.999499 13.762329 0.926912 -0.061823 -0.124756 -0.348493
1341845851.478163 2.835777 -7.996467 13.753406 0.926141 -0.060909 -0.128649 -0.349288
1341845851.514640 2.841315 -7.997861 13.762092 0.927548 -0.057815 -0.127635 -0.346442
1341845851.546201 2.835067 -7.995266 13.749944 0.927941 -0.060633 -0.127619 -0.344911
1341845851.581975 2.831032 -7.979655 13.740559 0.928142 -0.062582 -0.128322 -0.343759
1341845851.616214 2.832287 -7.981346 13.738342 0.926790 -0.067783 -0.129279 -0.346053
1341845851.681977 2.833520 -7.975832 13.732318 0.926920 -0.068793 -0.132570 -0.344257
1341845851.714139 2.829936 -7.976047 13.730981 0.926488 -0.069221 -0.130876 -0.345975
1341845851.745927 2.826911 -7.981865 13.732915 0.926312 -0.069304 -0.132812 -0.345695
1341845851.781911 2.833531 -7.973935 13.720653 0.926023 -0.067478 -0.135856 -0.345646
1341845851.813848 2.841643 -7.973497 13.717979 0.925906 -0.065161 -0.134909 -0.346774
1341845851.849910 2.833053 -7.972963 13.722680 0.926417 -0.064644 -0.132587 -0.346399
1341845851.881832 2.832998 -7.959226 13.723328 0.925867 -0.064398 -0.132640 -0.347893
1341845851.913735 2.842642 -7.970426 13.715327 0.924304 -0.061676 -0.130639 -0.353258
1341845851.949904 2.839013 -7.963815 13.721353 0.926008 -0.059296 -0.127431 -0.350364
1341845851.982005 2.837801 -7.969935 13.712713 0.924203 -0.058268 -0.125554 -0.355936
1341845852.017909 2.837871 -7.974566 13.711194 0.924074 -0.058119 -0.122537 -0.357343
1341845852.050012 2.842095 -7.975354 13.713074 0.924712 -0.057005 -0.120381 -0.356603
1341845852.082035 2.844731 -7.975430 13.717043 0.925287 -0.057420 -0.116816 -0.356233
1341845852.121076 2.848059 -7.981889 13.718181 0.924964 -0.058807 -0.114680 -0.357536
1341845852.163838 2.852474 -7.981131 13.718758 0.925665 -0.061148 -0.112620 -0.355981
1341845852.190660 2.849073 -7.985346 13.722151 0.925363 -0.063861 -0.109945 -0.357123
1341845852.223981 2.847961 -7.985675 13.725920 0.925622 -0.065218 -0.109988 -0.356192
1341845852.286726 2.846908 -7.995312 13.732946 0.925013 -0.064977 -0.109923 -0.357834
1341845852.349834 2.851266 -7.993317 13.734585 0.925188 -0.064878 -0.115009 -0.355796
1341845852.385657 2.839669 -7.994245 13.737691 0.924832 -0.068372 -0.115948 -0.355762
1341845852.417731 2.849349 -8.006539 13.753790 0.925371 -0.066530 -0.119039 -0.353682
1341845852.449741 2.856534 -8.001583 13.747950 0.925572 -0.064228 -0.120475 -0.353098
1341845852.485861 2.846411 -8.013529 13.767485 0.926323 -0.063518 -0.117827 -0.352148
1341845852.517876 2.820748 -8.013941 13.769950 0.927309 -0.060700 -0.113912 -0.351336
1341845852.553887 2.812637 -8.011517 13.760975 0.925827 -0.063966 -0.115935 -0.353993
1341845852.617891 2.802181 -8.030016 13.786281 0.926326 -0.059329 -0.114891 -0.353836
1341845852.653840 2.805133 -8.037463 13.788533 0.926067 -0.057943 -0.115902 -0.354414
1341845852.685926 2.800206 -8.041976 13.795069 0.926668 -0.057477 -0.114261 -0.353452
1341845852.717821 2.797683 -8.046807 13.803907 0.926550 -0.059251 -0.116260 -0.352815
1341845852.753958 2.806019 -8.054445 13.818746 0.926763 -0.060379 -0.117294 -0.351721
1341845852.785766 2.806935 -8.062996 13.820778 0.927372 -0.060857 -0.114873 -0.350830
1341845852.822784 2.801021 -8.063821 13.827674 0.927429 -0.063112 -0.115120 -0.350200
1341845852.885924 2.804977 -8.074718 13.833173 0.927707 -0.062806 -0.113571 -0.350024
1341845852.921581 2.801383 -8.083601 13.842595 0.927675 -0.063164 -0.112300 -0.350454
1341845852.953977 2.803903 -8.074492 13.853479 0.928395 -0.061709 -0.110235 -0.349462
1341845852.989721 2.804514 -8.097643 13.862092 0.927155 -0.061996 -0.107753 -0.353454
1341845853.021716 2.800107 -8.110955 13.878761 0.928810 -0.057262 -0.107733 -0.349896
1341845853.053750 2.800107 -8.110955 13.878761 0.928810 -0.057262 -0.107733 -0.349896
1341845853.089814 2.800107 -8.110955 13.878761 0.928810 -0.057262 -0.107733 -0.349896
1341845853.121864 2.800107 -8.110955 13.878761 0.928810 -0.057262 -0.107733 -0.349896
1341845853.159690 2.800107 -8.110955 13.878761 0.928810 -0.057262 -0.107733 -0.349896
1341845853.195824 2.800107 -8.110955 13.878761 0.928810 -0.057262 -0.107733 -0.349896
1341845853.227731 2.800107 -8.110955 13.878761 0.928810 -0.057262 -0.107733 -0.349896
1341845853.263703 2.800107 -8.110955 13.878761 0.928810 -0.057262 -0.107733 -0.349896
1341845853.296490 2.800107 -8.110955 13.878761 0.928810 -0.057262 -0.107733 -0.349896
1341845853.327753 2.800107 -8.110955 13.878761 0.928810 -0.057262 -0.107733 -0.349896
1341845853.363891 2.800107 -8.110955 13.878761 0.928810 -0.057262 -0.107733 -0.349896
1341845853.395726 2.800107 -8.110955 13.878761 0.928810 -0.057262 -0.107733 -0.349896
1341845853.463774 2.800107 -8.110955 13.878761 0.928810 -0.057262 -0.107733 -0.349896
1341845853.525799 2.800107 -8.110955 13.878761 0.928810 -0.057262 -0.107733 -0.349896
1341845853.557770 2.800107 -8.110955 13.878761 0.928810 -0.057262 -0.107733 -0.349896
1341845853.589705 2.800107 -8.110955 13.878761 0.928810 -0.057262 -0.107733 -0.349896
1341845853.625908 2.800107 -8.110955 13.878761 0.928810 -0.057262 -0.107733 -0.349896
1341845853.657783 2.800107 -8.110955 13.878761 0.928810 -0.057262 -0.107733 -0.349896
1341845853.689930 2.800107 -8.110955 13.878761 0.928810 -0.057262 -0.107733 -0.349896
1341845853.725779 2.800107 -8.110955 13.878761 0.928810 -0.057262 -0.107733 -0.349896
1341845853.757962 2.800107 -8.110955 13.878761 0.928810 -0.057262 -0.107733 -0.349896
1341845853.793750 2.800107 -8.110955 13.878761 0.928810 -0.057262 -0.107733 -0.349896
1341845853.825783 2.800107 -8.110955 13.878761 0.928810 -0.057262 -0.107733 -0.349896
1341845853.857700 2.800107 -8.110955 13.878761 0.928810 -0.057262 -0.107733 -0.349896
1341845853.893805 2.800107 -8.110955 13.878761 0.928810 -0.057262 -0.107733 -0.349896
1341845853.925836 2.800107 -8.110955 13.878761 0.928810 -0.057262 -0.107733 -0.349896
1341845853.957735 2.800107 -8.110955 13.878761 0.928810 -0.057262 -0.107733 -0.349896
1341845853.993852 2.800107 -8.110955 13.878761 0.928810 -0.057262 -0.107733 -0.349896
1341845854.025830 2.800107 -8.110955 13.878761 0.928810 -0.057262 -0.107733 -0.349896
1341845854.061903 2.983035 -8.493460 13.844457 0.923764 -0.044384 -0.123062 -0.359924
1341845854.093760 2.983035 -8.493460 13.844457 0.923764 -0.044384 -0.123062 -0.359924
1341845854.125736 3.099207 -8.969203 13.583534 0.915511 -0.021068 -0.125345 -0.381685
1341845854.161837 3.099207 -8.969203 13.583534 0.915511 -0.021068 -0.125345 -0.381685
1341845854.193844 3.102953 -8.933389 13.615667 0.918033 -0.018746 -0.122184 -0.376744
1341845854.229884 3.022601 -8.903285 13.650802 0.920194 -0.022181 -0.116511 -0.373062
1341845854.261692 3.022601 -8.903285 13.650802 0.920194 -0.022181 -0.116511 -0.373062
1341845854.293781 3.022601 -8.903285 13.650802 0.920194 -0.022181 -0.116511 -0.373062
1341845854.330249 3.022601 -8.903285 13.650802 0.920194 -0.022181 -0.116511 -0.373062
1341845854.361687 3.022601 -8.903285 13.650802 0.920194 -0.022181 -0.116511 -0.373062
1341845854.393726 3.022601 -8.903285 13.650802 0.920194 -0.022181 -0.116511 -0.373062
1341845854.429762 3.022601 -8.903285 13.650802 0.920194 -0.022181 -0.116511 -0.373062
1341845854.462072 3.022601 -8.903285 13.650802 0.920194 -0.022181 -0.116511 -0.373062
1341845854.497796 3.022601 -8.903285 13.650802 0.920194 -0.022181 -0.116511 -0.373062
1341845854.529719 3.022601 -8.903285 13.650802 0.920194 -0.022181 -0.116511 -0.373062
1341845854.561884 3.022601 -8.903285 13.650802 0.920194 -0.022181 -0.116511 -0.373062
1341845854.597860 3.022601 -8.903285 13.650802 0.920194 -0.022181 -0.116511 -0.373062
1341845854.629736 3.022601 -8.903285 13.650802 0.920194 -0.022181 -0.116511 -0.373062
1341845854.662835 3.022601 -8.903285 13.650802 0.920194 -0.022181 -0.116511 -0.373062
1341845854.697815 3.022601 -8.903285 13.650802 0.920194 -0.022181 -0.116511 -0.373062
1341845854.729806 3.022601 -8.903285 13.650802 0.920194 -0.022181 -0.116511 -0.373062
1341845854.765688 3.078608 -8.923368 13.651016 0.918988 -0.019171 -0.120098 -0.375060
1341845854.797997 3.078608 -8.923368 13.651016 0.918988 -0.019171 -0.120098 -0.375060
1341845854.829779 3.086046 -8.911182 13.653896 0.919216 -0.016809 -0.119245 -0.374886
1341845854.865670 3.086046 -8.911182 13.653896 0.919216 -0.016809 -0.119245 -0.374886
1341845854.897712 3.168538 -8.960382 13.610403 0.917934 -0.010558 -0.121655 -0.377472
1341845854.930302 3.145042 -8.985525 13.561013 0.917684 -0.011390 -0.118032 -0.379202
1341845854.965801 3.058603 -9.014660 13.490563 0.915600 -0.016980 -0.115454 -0.384785
1341845854.997629 3.165142 -9.074978 13.422173 0.913086 -0.013893 -0.122224 -0.388771
1341845855.033841 3.103166 -9.068231 13.352298 0.912472 -0.017539 -0.117425 -0.391534
1341845855.065777 3.103166 -9.068231 13.352298 0.912472 -0.017539 -0.117425 -0.391534
1341845855.097795 3.103166 -9.068231 13.352298 0.912472 -0.017539 -0.117425 -0.391534
1341845855.133841 3.077407 -9.072707 13.201871 0.910034 -0.015737 -0.111914 -0.398831
1341845855.165831 2.982022 -9.065494 13.210289 0.911024 -0.017245 -0.106506 -0.397989
1341845855.201780 2.922225 -8.984126 13.215512 0.912247 -0.017445 -0.105590 -0.395414
1341845855.233747 2.922225 -8.984126 13.215512 0.912247 -0.017445 -0.105590 -0.395414
1341845855.265823 2.902475 -8.978091 13.238295 0.912973 -0.018272 -0.104538 -0.393977
1341845855.301716 2.917690 -8.968783 13.262146 0.912769 -0.019261 -0.105191 -0.394230
1341845855.333726 2.910539 -8.974297 13.276027 0.911669 -0.023246 -0.108262 -0.395726
1341845855.365773 2.909124 -8.981901 13.272277 0.910913 -0.025006 -0.110690 -0.396687
1341845855.401892 2.913710 -8.962992 13.292458 0.911711 -0.026298 -0.111169 -0.394631
1341845855.433652 2.924032 -8.947216 13.345977 0.912267 -0.028675 -0.112155 -0.392897
1341845855.469817 2.937272 -8.949954 13.355298 0.911520 -0.029357 -0.115401 -0.393640
1341845855.502750 2.932524 -8.959682 13.344893 0.910827 -0.029548 -0.117355 -0.394649
1341845855.533846 2.941285 -8.931478 13.371052 0.911723 -0.027439 -0.115973 -0.393139
1341845855.569986 2.938782 -8.917207 13.422688 0.913225 -0.025327 -0.113874 -0.390400
1341845855.601707 2.945047 -8.936233 13.400123 0.911761 -0.024610 -0.115955 -0.393244
1341845855.633953 2.944615 -8.926557 13.411945 0.910907 -0.023537 -0.116811 -0.395032
1341845855.669628 2.937046 -8.939678 13.400607 0.910916 -0.020334 -0.114815 -0.395772
1341845855.701786 2.961360 -8.944729 13.386051 0.911122 -0.016174 -0.116151 -0.395101
1341845855.737762 2.946750 -8.947965 13.385383 0.910010 -0.017648 -0.118427 -0.396921
1341845855.769674 2.951188 -8.942090 13.413581 0.910081 -0.017099 -0.119831 -0.396358
1341845855.802152 2.926982 -8.941149 13.422089 0.910515 -0.016737 -0.120548 -0.395158
1341845855.837801 2.939259 -8.937153 13.414981 0.910666 -0.014960 -0.120574 -0.394874
1341845855.869788 2.925035 -8.940364 13.423538 0.910183 -0.015441 -0.119642 -0.396250
1341845855.901958 2.922128 -8.941512 13.436853 0.910389 -0.015921 -0.119411 -0.395827
1341845855.937711 2.924735 -8.941887 13.435974 0.910314 -0.016489 -0.120090 -0.395771
1341845855.969840 2.922767 -8.938968 13.436238 0.910086 -0.017140 -0.118804 -0.396655
1341845856.038077 2.920544 -8.961919 13.420433 0.909479 -0.020656 -0.118664 -0.397919
1341845856.069815 2.923229 -8.941477 13.467305 0.910221 -0.023807 -0.119040 -0.395930
1341845856.105773 2.923229 -8.941477 13.467305 0.910221 -0.023807 -0.119040 -0.395930
1341845856.137725 2.924604 -8.943788 13.477099 0.911257 -0.025203 -0.120904 -0.392885
1341845856.169966 2.928033 -8.946888 13.456829 0.911508 -0.024205 -0.120496 -0.392490
1341845856.205833 2.913205 -8.963907 13.456907 0.912999 -0.025068 -0.118458 -0.389580
1341845856.237587 2.906631 -8.978109 13.463734 0.913167 -0.027249 -0.119798 -0.388629
1341845856.273683 2.901819 -8.994896 13.433110 0.912474 -0.027479 -0.120070 -0.390153
1341845856.305723 2.903083 -8.989494 13.442412 0.913201 -0.028553 -0.118951 -0.388716
1341845856.337653 2.908141 -9.009084 13.432999 0.913029 -0.029136 -0.119068 -0.389039
1341845856.373714 2.902997 -9.014373 13.437203 0.912532 -0.030637 -0.120768 -0.389565
1341845856.405678 2.920781 -8.996854 13.458662 0.912584 -0.030512 -0.122402 -0.388944
1341845856.441799 2.924431 -9.003585 13.441261 0.912718 -0.028474 -0.121821 -0.388966
1341845856.473680 2.937276 -9.002606 13.445268 0.913066 -0.025757 -0.121923 -0.388307
1341845856.505768 2.922615 -9.011761 13.447150 0.912613 -0.025468 -0.122884 -0.389087
1341845856.541718 2.932442 -9.005246 13.423203 0.912939 -0.023611 -0.121797 -0.388780
1341845856.573678 2.925795 -9.010174 13.437034 0.913844 -0.024583 -0.120089 -0.387122
1341845856.605758 2.933912 -9.009667 13.448823 0.913283 -0.026289 -0.122580 -0.387553
1341845856.641782 2.932991 -9.021892 13.396042 0.911700 -0.027470 -0.123584 -0.390866
1341845856.673977 2.955554 -9.043718 13.343167 0.910205 -0.026108 -0.121629 -0.395035
1341845856.709876 2.958294 -9.031228 13.393454 0.912376 -0.025731 -0.120746 -0.390292
1341845856.741736 2.966630 -9.070303 13.304658 0.908834 -0.027972 -0.125561 -0.396828
1341845856.773960 3.001614 -9.028823 13.297189 0.908209 -0.025620 -0.124972 -0.398601
1341845856.809797 3.027269 -9.028225 13.305309 0.910087 -0.022275 -0.122715 -0.395204
1341845856.841746 3.029489 -9.025640 13.317365 0.910538 -0.022092 -0.125108 -0.393422
1341845856.873762 3.039059 -9.025410 13.292987 0.910156 -0.021012 -0.125299 -0.394302
1341845856.915904 3.024469 -9.032724 13.295440 0.911144 -0.020929 -0.123390 -0.392624
1341845856.977900 3.031839 -9.037714 13.290009 0.912184 -0.021710 -0.123296 -0.390189
1341845857.009735 3.025956 -9.041446 13.281467 0.911626 -0.024357 -0.124385 -0.390990
1341845857.041737 3.034624 -9.041505 13.282749 0.911203 -0.026918 -0.125474 -0.391460
1341845857.077896 3.033073 -9.050749 13.280878 0.910797 -0.027737 -0.124474 -0.392665
1341845857.109633 3.032878 -9.056802 13.283104 0.911230 -0.025831 -0.123709 -0.392031
1341845857.141583 3.047408 -9.039872 13.297779 0.912396 -0.023673 -0.123607 -0.389480
1341845857.178255 3.061274 -9.011577 13.325920 0.913545 -0.021319 -0.121113 -0.387702
1341845857.209846 3.059601 -9.013445 13.347705 0.914527 -0.019451 -0.117815 -0.386498
1341845857.245767 3.062314 -9.014681 13.355044 0.914816 -0.019133 -0.118510 -0.385617
1341845857.277737 3.062204 -9.013914 13.344335 0.914069 -0.018592 -0.118057 -0.387550
1341845857.309994 3.062721 -9.019066 13.352634 0.913884 -0.018661 -0.116722 -0.388385
1341845857.345862 3.065004 -9.022132 13.361591 0.914199 -0.017450 -0.115977 -0.387924
1341845857.377787 3.068231 -9.014888 13.370071 0.914506 -0.017350 -0.116338 -0.387097
1341845857.413693 3.064119 -9.027504 13.365987 0.913639 -0.017358 -0.116198 -0.389178
1341845857.445790 3.064173 -9.028138 13.372609 0.914543 -0.016526 -0.116935 -0.386865
1341845857.477853 3.074959 -9.020457 13.380183 0.914806 -0.016846 -0.119090 -0.385569
1341845857.513902 3.071944 -9.024457 13.363269 0.914053 -0.015893 -0.117754 -0.387800
1341845857.545992 3.069177 -9.022311 13.374856 0.914851 -0.015678 -0.116709 -0.386239
1341845857.613882 3.077057 -9.013579 13.365056 0.913572 -0.018524 -0.116483 -0.389199
1341845857.646056 3.074668 -9.016981 13.367510 0.913134 -0.020637 -0.114348 -0.390750
1341845857.681834 3.084311 -9.014466 13.368815 0.912945 -0.023040 -0.114012 -0.391154
1341845857.713765 3.084293 -9.010599 13.355584 0.912326 -0.024050 -0.110994 -0.393399
1341845857.745825 3.102059 -8.993409 13.381259 0.912418 -0.026188 -0.108422 -0.393766
1341845857.781799 3.105504 -9.003404 13.384890 0.911905 -0.026851 -0.108146 -0.394984
1341845857.813817 3.108979 -9.000039 13.381076 0.912236 -0.026072 -0.106640 -0.394681
1341845857.846046 3.108278 -9.002257 13.384280 0.912448 -0.026997 -0.104734 -0.394640
1341845857.881939 3.107591 -9.020220 13.387541 0.912646 -0.026451 -0.103535 -0.394535
1341845857.913666 3.109320 -9.025169 13.388279 0.914277 -0.023549 -0.103077 -0.391047
1341845857.949845 3.146009 -9.038313 13.381463 0.915165 -0.019159 -0.104924 -0.388712
1341845857.982166 3.146210 -9.046741 13.384838 0.915684 -0.018120 -0.107039 -0.386959
1341845858.013803 3.154648 -9.056542 13.358309 0.915381 -0.017433 -0.110113 -0.386844
1341845858.050247 3.163277 -9.063392 13.352119 0.915142 -0.017956 -0.112672 -0.386650
1341845858.081715 3.157266 -9.073618 13.346375 0.916099 -0.016681 -0.112204 -0.384571
1341845858.113782 3.159636 -9.070263 13.356142 0.917807 -0.015494 -0.113684 -0.380088
1341845858.149725 3.161123 -9.075681 13.349666 0.918325 -0.015042 -0.115137 -0.378412
1341845858.181831 3.164440 -9.071131 13.368151 0.919871 -0.015864 -0.116193 -0.374279
1341845858.217730 3.166226 -9.074695 13.362673 0.919449 -0.016783 -0.119464 -0.374246
1341845858.281842 3.169863 -9.074360 13.360885 0.920828 -0.012428 -0.117318 -0.371697
1341845858.317768 3.168148 -9.076970 13.374153 0.920637 -0.011500 -0.118983 -0.371670
1341845858.349904 3.176425 -9.079710 13.366391 0.919949 -0.010197 -0.121880 -0.372472
1341845858.381855 3.179941 -9.075003 13.357463 0.920094 -0.008708 -0.120951 -0.372454
1341845858.417827 3.172863 -9.075484 13.367157 0.920414 -0.009103 -0.118476 -0.372449
1341845858.449872 3.178196 -9.083828 13.374571 0.919439 -0.009662 -0.120230 -0.374278
1341845858.485842 3.179131 -9.086418 13.369424 0.919243 -0.007430 -0.120367 -0.374766
1341845858.517682 3.180275 -9.081457 13.376602 0.919546 -0.005755 -0.119991 -0.374172
1341845858.549803 3.177955 -9.084040 13.379145 0.919133 -0.004714 -0.120157 -0.375147
1341845858.585823 3.179792 -9.086307 13.372499 0.918557 -0.004193 -0.121486 -0.376134
1341845858.618138 3.182677 -9.086977 13.364802 0.918844 -0.002287 -0.120389 -0.375801
1341845858.654134 3.179112 -9.087637 13.382456 0.919939 -0.002101 -0.118377 -0.373758
1341845858.685756 3.178258 -9.090040 13.379508 0.919573 -0.003489 -0.120628 -0.373929
1341845858.717690 3.185085 -9.085585 13.364656 0.919266 -0.003827 -0.121557 -0.374380
1341845858.753674 3.180693 -9.091210 13.365822 0.920071 -0.002518 -0.117724 -0.373637
1341845858.785618 3.177553 -9.094083 13.380789 0.921715 -0.002852 -0.116334 -0.370000
1341845858.817756 3.189332 -9.085588 13.392198 0.921619 -0.004544 -0.118936 -0.369394
1341845858.853864 3.188132 -9.092044 13.368254 0.920471 -0.004900 -0.118619 -0.372341
1341845858.885702 3.188872 -9.101036 13.375937 0.921471 -0.003200 -0.115819 -0.370766
1341845858.922000 3.192516 -9.092231 13.393284 0.922368 -0.001980 -0.115570 -0.368615
1341845858.954158 3.193851 -9.088461 13.392465 0.921871 -0.001892 -0.115849 -0.369769
1341845858.985944 3.193934 -9.090072 13.393688 0.921976 -0.001800 -0.113700 -0.370174
1341845859.021830 3.195822 -9.101254 13.401352 0.923302 -0.000215 -0.111416 -0.367559
1341845859.053720 3.191812 -9.096788 13.400181 0.924260 0.000220 -0.111216 -0.365205
1341845859.085862 3.193402 -9.095269 13.398492 0.924437 -0.000298 -0.110889 -0.364856
1341845859.121873 3.194386 -9.102192 13.399105 0.925085 -0.000116 -0.109811 -0.363538
1341845859.153800 3.195765 -9.098482 13.400322 0.926125 0.000401 -0.108655 -0.361228
1341845859.189853 3.198388 -9.099997 13.401149 0.926020 0.000494 -0.108304 -0.361603
1341845859.221654 3.198422 -9.101178 13.405979 0.926269 0.001091 -0.107508 -0.361201
1341845859.253689 3.203763 -9.101479 13.407013 0.926991 0.003873 -0.104891 -0.360098
1341845859.289745 3.203913 -9.102157 13.406282 0.927865 0.007244 -0.101709 -0.358706
1341845859.321911 3.204945 -9.101609 13.409532 0.928244 0.008376 -0.100934 -0.357918
1341845859.353758 3.210653 -9.097415 13.405130 0.928072 0.009072 -0.099998 -0.358608
1341845859.389950 3.210703 -9.095635 13.404234 0.928155 0.008718 -0.097684 -0.359041
1341845859.421715 3.214070 -9.099144 13.404036 0.928139 0.009166 -0.096075 -0.359506
1341845859.457807 3.216760 -9.094577 13.401896 0.928384 0.010537 -0.093017 -0.359638
1341845859.489859 3.216934 -9.093766 13.401366 0.928635 0.010516 -0.091100 -0.359483
1341845859.521735 3.219383 -9.093072 13.399796 0.928787 0.010151 -0.090131 -0.359345
1341845859.557712 3.218691 -9.098241 13.402056 0.928149 0.009443 -0.088840 -0.361327
1341845859.589783 3.219059 -9.099891 13.402970 0.928338 0.009670 -0.086670 -0.361363
1341845859.625646 3.218012 -9.099695 13.399621 0.928483 0.009370 -0.084515 -0.361508
1341845859.657759 3.217496 -9.093236 13.415259 0.928755 0.008112 -0.081536 -0.361525
1341845859.689869 3.220996 -9.083233 13.408377 0.928955 0.006657 -0.079289 -0.361540
1341845859.725812 3.211898 -9.083144 13.417161 0.928430 0.002777 -0.080216 -0.362733
1341845859.757824 3.219763 -9.089499 13.415927 0.927377 0.001068 -0.079534 -0.365574
1341845859.789818 3.216942 -9.083411 13.413168 0.927167 0.000621 -0.076561 -0.366743
1341845859.825831 3.213821 -9.081241 13.414708 0.926126 -0.000820 -0.077241 -0.369222
1341845859.857647 3.214047 -9.086340 13.416117 0.924667 -0.002480 -0.078158 -0.372660
1341845859.893646 3.219569 -9.089480 13.416109 0.924316 -0.003409 -0.077691 -0.373620
1341845859.925740 3.212939 -9.078676 13.409800 0.924577 -0.001967 -0.076046 -0.373325
1341845859.957775 3.210711 -9.074818 13.410958 0.924520 0.000500 -0.075776 -0.373524
1341845859.993847 3.213074 -9.079871 13.417672 0.923280 0.001457 -0.077773 -0.376169
1341845860.025774 3.215720 -9.084559 13.415201 0.922377 0.003474 -0.078093 -0.378299
1341845860.057745 3.212774 -9.094472 13.423023 0.921742 0.005855 -0.080447 -0.379323
1341845860.093794 3.208229 -9.077229 13.411479 0.921011 0.007997 -0.083795 -0.380334
1341845860.125763 3.211746 -9.080806 13.416902 0.920161 0.009846 -0.085772 -0.381903
1341845860.161703 3.206982 -9.071219 13.404569 0.919100 0.011012 -0.087359 -0.384061
1341845860.193724 3.212967 -9.082880 13.412472 0.918288 0.014435 -0.091870 -0.384837
1341845860.225730 3.214703 -9.085026 13.419061 0.916809 0.017700 -0.094625 -0.387549
1341845860.261716 3.211668 -9.077193 13.408071 0.915579 0.021856 -0.094791 -0.390196
1341845860.294553 3.202286 -9.084807 13.416318 0.914458 0.025103 -0.097266 -0.392016
1341845860.325872 3.208316 -9.080008 13.415955 0.912249 0.027144 -0.102332 -0.395718
1341845860.361673 3.212450 -9.087852 13.418053 0.911350 0.029397 -0.104155 -0.397151
1341845860.393714 3.213337 -9.081737 13.416159 0.910066 0.030973 -0.106506 -0.399345
1341845860.429768 3.211176 -9.097407 13.418731 0.909052 0.032362 -0.109432 -0.400752
1341845860.461780 3.207869 -9.093684 13.419742 0.908906 0.034346 -0.112400 -0.400096
1341845860.493718 3.213845 -9.092915 13.424075 0.908576 0.034789 -0.114910 -0.400093
1341845860.529831 3.227473 -9.101400 13.423288 0.908084 0.035037 -0.117788 -0.400351
1341845860.567950 3.214249 -9.101954 13.423653 0.908485 0.035230 -0.118828 -0.399117
1341845860.604131 3.218345 -9.097543 13.420327 0.909030 0.037339 -0.119210 -0.397567
1341845860.638227 3.219493 -9.101184 13.425567 0.909580 0.038813 -0.118974 -0.396236
1341845860.668441 3.219419 -9.096429 13.420334 0.909449 0.038460 -0.121112 -0.395923
1341845860.706028 3.217037 -9.087576 13.415667 0.908922 0.037672 -0.123441 -0.396490
1341845860.736338 3.223054 -9.110561 13.431005 0.909017 0.037152 -0.125088 -0.395803
1341845860.772400 3.214221 -9.103393 13.422168 0.909262 0.036674 -0.128534 -0.394179
1341845860.803824 3.228696 -9.124555 13.438302 0.909115 0.038491 -0.132345 -0.393081
