# timestamp tx ty tz qx qy qz qw
1341845820.887882 0.000000 0.000000 0.000000 0.000000 0.000000 0.000000 1.000000
1341845820.920082 -0.001945 0.003640 -0.001402 -0.000428 0.000015 -0.000702 1.000000
1341845820.955790 -0.002025 0.002278 -0.001765 -0.001913 -0.000937 -0.000864 0.999997
1341845820.987817 -0.000796 0.001050 -0.001677 -0.002799 -0.001320 -0.001032 0.999995
1341845821.019783 -0.001898 0.000111 -0.001383 -0.002949 -0.001405 -0.001242 0.999994
1341845821.055706 -0.003446 0.000003 -0.001588 -0.002314 -0.001711 0.000044 0.999996
1341845821.087831 -0.002375 -0.001952 -0.001120 -0.001525 -0.003389 0.002695 0.999989
1341845821.119871 0.005097 -0.000850 -0.001043 0.000589 -0.003229 0.004892 0.999983
1341845821.155881 0.003727 0.002154 -0.001686 0.000807 -0.000076 0.005752 0.999983
1341845821.188556 0.001457 -0.001502 0.000557 0.000372 0.001977 0.007829 0.999967
1341845821.223751 0.002971 -0.004971 0.000777 0.003141 0.002167 0.010036 0.999942
1341845821.256005 0.006389 0.002456 -0.004059 0.004645 0.003266 0.009538 0.999938
1341845821.287883 0.007351 -0.000067 -0.001958 0.002600 0.005722 0.008215 0.999946
1341845821.323879 0.010037 -0.003743 -0.001530 0.002507 0.007593 0.006897 0.999944
1341845821.355690 0.007404 -0.001024 -0.001026 0.003580 0.010185 0.007021 0.999917
1341845821.388161 0.006384 -0.003245 -0.000804 0.003363 0.010834 0.008694 0.999898
1341845821.424470 0.012686 -0.006037 -0.000823 0.004835 0.011450 0.009441 0.999878
1341845821.455778 0.009114 -0.001724 -0.000975 0.005555 0.014447 0.008333 0.999845
1341845821.488014 0.006420 -0.005410 0.000948 0.005014 0.015674 0.008507 0.999828
1341845821.524370 0.009425 -0.007987 0.001025 0.006584 0.016018 0.009310 0.999807
1341845821.555644 0.006782 -0.005932 0.000536 0.008397 0.017691 0.008830 0.999769
1341845821.587677 0.003092 -0.002853 -0.001405 0.008652 0.017845 0.007915 0.999772
1341845821.623761 0.004509 -0.004927 -0.001447 0.007906 0.016918 0.007225 0.999800
1341845821.655725 0.005741 -0.003486 -0.002788 0.007948 0.016756 0.006160 0.999809
1341845821.691884 0.003994 -0.003052 -0.003326 0.006920 0.016955 0.005192 0.999819
1341845821.724228 0.002134 -0.006976 -0.002187 0.006458 0.016297 0.005464 0.999831
1341845821.755681 0.001618 -0.006383 -0.002014 0.007441 0.015195 0.006415 0.999836
1341845821.791636 0.003801 -0.007918 -0.001010 0.008248 0.014363 0.006769 0.999840
1341845821.823697 0.004422 -0.004981 -0.002680 0.009172 0.014941 0.005349 0.999832
1341845821.855574 0.002264 -0.005898 -0.002381 0.008098 0.015966 0.003705 0.999833
1341845821.891741 0.000913 -0.010147 -0.001567 0.008230 0.015812 0.003616 0.999835
1341845821.923730 0.003179 -0.009453 -0.002180 0.009861 0.015583 0.004371 0.999820
1341845821.955750 0.001392 -0.007252 -0.003722 0.010769 0.016171 0.004265 0.999802
1341845821.991786 0.001942 -0.006373 -0.003407 0.010257 0.016472 0.003508 0.999806
1341845822.023863 -0.001721 -0.009406 -0.002027 0.009897 0.017386 0.003179 0.999795
1341845822.059759 -0.003639 -0.006624 -0.002466 0.010131 0.017505 0.003221 0.999790
1341845822.091719 -0.002616 -0.012480 -0.001056 0.009471 0.017566 0.003334 0.999795
1341845822.123689 -0.002969 -0.012462 -0.001800 0.011328 0.018502 0.002978 0.999760
1341845822.185916 -0.013599 -0.012893 -0.002024 0.010407 0.019388 0.003506 0.999752
1341845822.221838 -0.014225 -0.012726 -0.002362 0.012170 0.017660 0.004500 0.999760
1341845822.254004 -0.016766 -0.007828 -0.002906 0.012130 0.017130 0.004132 0.999771
1341845822.289876 -0.020347 -0.013463 -0.000386 0.010743 0.016679 0.003091 0.999798
1341845822.321804 -0.021623 -0.013890 0.000628 0.011723 0.016204 0.002047 0.999798
1341845822.353784 -0.024598 -0.013863 0.000883 0.012398 0.016408 0.001671 0.999787
1341845822.391662 -0.028389 -0.015138 0.001516 0.013162 0.017077 0.001621 0.999766
1341845822.428074 -0.034745 -0.013302 0.000577 0.013821 0.017338 0.001552 0.999753
1341845822.459970 -0.037931 -0.012962 0.001099 0.013260 0.016762 0.001711 0.999770
1341845822.495728 -0.042422 -0.015615 0.002420 0.013027 0.016474 0.001674 0.999778
1341845822.527724 -0.047668 -0.013499 0.001526 0.013334 0.016168 0.001673 0.999779
1341845822.559648 -0.051055 -0.012912 0.002584 0.012292 0.015301 0.002692 0.999804
1341845822.595852 -0.052521 -0.015185 0.003783 0.011941 0.015002 0.002895 0.999812
1341845822.627724 -0.059018 -0.012027 0.003774 0.011480 0.015880 0.002900 0.999804
1341845822.663716 -0.069219 -0.020403 0.008386 0.010636 0.015365 0.006249 0.999806
1341845822.695601 -0.067573 -0.022950 0.007106 0.014710 0.012188 0.009913 0.999768
1341845822.731816 -0.069385 -0.018326 0.006194 0.017302 0.011869 0.010733 0.999722
1341845822.789911 -0.076263 -0.018544 0.005929 0.018188 0.012836 0.010497 0.999697
1341845822.825897 -0.083611 -0.019295 0.006880 0.017253 0.014434 0.010384 0.999693
1341845822.859721 -0.091197 -0.025405 0.008845 0.017694 0.014200 0.012348 0.999666
1341845822.889712 -0.094502 -0.025749 0.007755 0.019995 0.012621 0.013955 0.999623
1341845822.925900 -0.094439 -0.024173 0.007180 0.021045 0.011427 0.013469 0.999622
1341845822.957708 -0.095203 -0.025634 0.007906 0.021141 0.011934 0.011869 0.999635
1341845822.989939 -0.101412 -0.027866 0.008602 0.022167 0.012739 0.011282 0.999609
1341845823.025889 -0.102287 -0.028255 0.008982 0.024200 0.012300 0.011647 0.999564
1341845823.057775 -0.100396 -0.027791 0.008888 0.025652 0.013482 0.011527 0.999514
1341845823.093671 -0.106920 -0.027596 0.008984 0.026975 0.016420 0.011286 0.999438
1341845823.125951 -0.110760 -0.026452 0.008129 0.027861 0.017411 0.012284 0.999385
1341845823.157773 -0.113796 -0.028786 0.008804 0.028305 0.018806 0.012427 0.999345
1341845823.193885 -0.122156 -0.023195 0.006951 0.029134 0.019699 0.011642 0.999314
1341845823.225800 -0.126355 -0.023856 0.007972 0.027174 0.018336 0.011393 0.999398
1341845823.261842 -0.126733 -0.025941 0.008607 0.026696 0.016884 0.010896 0.999442
1341845823.293622 -0.129437 -0.018959 0.006293 0.026062 0.017124 0.009720 0.999466
1341845823.325746 -0.128418 -0.022091 0.007327 0.022259 0.018923 0.009720 0.999526
1341845823.361852 -0.130929 -0.028736 0.010231 0.022198 0.022450 0.010840 0.999443
1341845823.394013 -0.137341 -0.028433 0.010081 0.024629 0.025639 0.013793 0.999273
1341845823.426028 -0.148404 -0.029773 0.009904 0.025728 0.027844 0.016482 0.999145
1341845823.461869 -0.152101 -0.031697 0.008158 0.026295 0.027093 0.017642 0.999131
1341845823.493758 -0.150826 -0.032257 0.007275 0.026512 0.027626 0.017887 0.999107
1341845823.529780 -0.160053 -0.034102 0.007397 0.026439 0.030145 0.018149 0.999031
1341845823.561916 -0.170759 -0.036593 0.006881 0.026534 0.029613 0.018788 0.999033
1341845823.593678 -0.173811 -0.036666 0.007615 0.026936 0.026485 0.020452 0.999077
1341845823.629815 -0.170757 -0.036279 0.008048 0.026699 0.026079 0.020798 0.999087
1341845823.661750 -0.181502 -0.039101 0.009541 0.025925 0.027977 0.020115 0.999070
1341845823.695523 -0.192335 -0.048347 0.013502 0.026938 0.026557 0.021604 0.999051
1341845823.729635 -0.193032 -0.047686 0.012277 0.031122 0.023279 0.023280 0.998973
1341845823.761810 -0.197981 -0.045934 0.010833 0.033549 0.021656 0.023687 0.998922
1341845823.797871 -0.204264 -0.045006 0.009368 0.033792 0.018690 0.022560 0.998999
1341845823.829660 -0.206328 -0.048349 0.011324 0.032999 0.014889 0.020537 0.999133
1341845823.861808 -0.214330 -0.050706 0.012610 0.033697 0.012237 0.018388 0.999188
1341845823.929826 -0.220077 -0.052120 0.010398 0.033769 0.005045 0.015109 0.999303
1341845823.961797 -0.226529 -0.050019 0.008421 0.032590 0.004547 0.011450 0.999393
1341845823.998070 -0.232095 -0.055524 0.014414 0.031009 0.004437 0.009618 0.999463
1341845824.029656 -0.237044 -0.055008 0.011788 0.031971 0.004411 0.010834 0.999420
1341845824.065768 -0.234777 -0.054880 0.009989 0.031929 0.005775 0.013427 0.999383
1341845824.097956 -0.216421 -0.046816 0.001970 0.031191 0.008815 0.013138 0.999388
1341845824.130299 -0.240153 -0.047768 0.007722 0.025483 0.030020 0.012482 0.999146
1341845824.165751 -0.237189 -0.047028 0.002546 0.020221 0.039470 0.014352 0.998913
1341845824.197930 -0.253839 -0.061879 0.017388 0.017071 0.044296 0.013229 0.998785
1341845824.229907 -0.261945 -0.064692 0.013992 0.021398 0.044904 0.013715 0.998668
1341845824.265800 -0.283690 -0.064830 0.010185 0.024047 0.043090 0.013969 0.998684
1341845824.298080 -0.282984 -0.066091 0.011186 0.025100 0.034713 0.014085 0.998983
1341845824.333783 -0.279603 -0.071791 0.018462 0.027219 0.030560 0.013751 0.999068
1341845824.365821 -0.284600 -0.068680 0.003554 0.029881 0.031045 0.012972 0.998987
1341845824.398039 -0.293545 -0.068276 -0.000285 0.029145 0.030793 0.011403 0.999036
1341845824.433843 -0.305384 -0.071775 0.005684 0.028609 0.028650 0.011826 0.999110
1341845824.465921 -0.314129 -0.074112 0.003565 0.029859 0.025733 0.016355 0.999089
1341845824.501802 -0.318951 -0.068697 0.000894 0.030123 0.023866 0.021302 0.999034
1341845824.533723 -0.325484 -0.069523 -0.000304 0.028061 0.021666 0.025375 0.999049
1341845824.565735 -0.330288 -0.071892 0.002508 0.025828 0.018881 0.028604 0.999079
1341845824.601758 -0.335502 -0.073428 0.004110 0.025502 0.017075 0.032285 0.999007
1341845824.633861 -0.341420 -0.072518 0.001739 0.025030 0.015471 0.036154 0.998913
1341845824.665789 -0.346263 -0.075136 0.002074 0.024506 0.013467 0.039334 0.998835
1341845824.701769 -0.354370 -0.076581 0.004304 0.025037 0.011037 0.041326 0.998771
1341845824.733585 -0.355400 -0.075490 0.001686 0.026583 0.008256 0.043056 0.998685
1341845824.769643 -0.363351 -0.064854 -0.006648 0.025946 0.007471 0.043618 0.998683
1341845824.801632 -0.369434 -0.074528 0.000685 0.021029 0.004026 0.043127 0.998840
1341845824.833654 -0.371181 -0.085281 0.005289 0.021672 0.001604 0.042500 0.998860
1341845824.869926 -0.374848 -0.077958 -0.000715 0.026329 0.001577 0.044101 0.998679
1341845824.902071 -0.382502 -0.075920 -0.004354 0.025349 0.001090 0.043327 0.998739
1341845824.933752 -0.383028 -0.083927 -0.002445 0.024844 0.000524 0.040622 0.998866
1341845824.969855 -0.385064 -0.077868 -0.007088 0.025861 0.002067 0.039105 0.998898
1341845825.001907 -0.388833 -0.078986 -0.006771 0.024119 0.005177 0.038856 0.998940
1341845825.037975 -0.398413 -0.084121 -0.002536 0.023178 0.008790 0.037456 0.998991
1341845825.075793 -0.408793 -0.094070 -0.000583 0.024914 0.008490 0.038519 0.998911
1341845825.107881 -0.408354 -0.093931 -0.000014 0.030434 0.008066 0.040142 0.998698
1341845825.143675 -0.410121 -0.090756 -0.003620 0.033925 0.009965 0.039036 0.998612
1341845825.175707 -0.416070 -0.093223 -0.005294 0.034087 0.011500 0.035754 0.998713
1341845825.211865 -0.419733 -0.088785 -0.006579 0.035953 0.011849 0.035474 0.998653
1341845825.243814 -0.420418 -0.098889 -0.004831 0.036870 0.013353 0.037108 0.998542
1341845825.275795 -0.431128 -0.090963 -0.007486 0.040149 0.015513 0.036613 0.998402
1341845825.311665 -0.440483 -0.094522 -0.009076 0.040610 0.014495 0.038140 0.998342
1341845825.343650 -0.441078 -0.088181 -0.014338 0.041087 0.012568 0.039648 0.998290
1341845825.379771 -0.446803 -0.093565 -0.007607 0.038187 0.012736 0.040541 0.998367
1341845825.411924 -0.452032 -0.091564 -0.011559 0.039467 0.011446 0.042071 0.998269
1341845825.443786 -0.459439 -0.085138 -0.009721 0.035790 0.009281 0.043027 0.998390
1341845825.480278 -0.465696 -0.092169 -0.012212 0.032289 0.005530 0.045541 0.998425
1341845825.511636 -0.468430 -0.088589 -0.012938 0.031353 0.001830 0.046925 0.998405
1341845825.547911 -0.472350 -0.088814 -0.012112 0.028996 -0.000366 0.048546 0.998400
1341845825.579744 -0.471921 -0.091036 -0.004241 0.028259 -0.001939 0.052745 0.998206
1341845825.611784 -0.478580 -0.092614 -0.003149 0.029822 -0.002879 0.055486 0.998010
1341845825.648004 -0.472803 -0.090504 -0.001599 0.030919 -0.003832 0.054165 0.998046
1341845825.679708 -0.482420 -0.092360 -0.003279 0.032294 -0.000573 0.053233 0.998060
1341845825.711937 -0.491712 -0.089235 -0.005470 0.032898 -0.003058 0.052803 0.998058
1341845825.747617 -0.489473 -0.086476 -0.009409 0.031659 -0.005879 0.050952 0.998182
1341845825.779688 -0.497490 -0.086875 -0.006795 0.028716 -0.007701 0.047956 0.998407
1341845825.815954 -0.500225 -0.087735 -0.005457 0.026177 -0.010132 0.045185 0.998584
1341845825.847829 -0.507898 -0.088210 -0.004243 0.024545 -0.010681 0.043101 0.998712
1341845825.879767 -0.512853 -0.091251 -0.000881 0.023894 -0.013465 0.044350 0.998639
1341845825.915646 -0.511645 -0.089662 -0.006258 0.024108 -0.014941 0.045454 0.998564
1341845825.947881 -0.519161 -0.088407 -0.005881 0.023417 -0.014306 0.046214 0.998555
1341845825.979700 -0.522264 -0.089933 -0.003524 0.022914 -0.015876 0.049466 0.998387
1341845826.015845 -0.523828 -0.088282 -0.008322 0.022810 -0.017094 0.050300 0.998327
1341845826.047945 -0.524618 -0.091642 -0.002747 0.022257 -0.017450 0.050046 0.998346
1341845826.079731 -0.532787 -0.087916 -0.005471 0.023955 -0.017731 0.052069 0.998199
1341845826.115655 -0.529369 -0.091191 -0.002133 0.023343 -0.020564 0.052717 0.998125
1341845826.147949 -0.528727 -0.089325 -0.009463 0.023901 -0.019827 0.047401 0.998393
1341845826.183767 -0.533138 -0.087696 -0.009631 0.022671 -0.019432 0.042854 0.998635
1341845826.215780 -0.535298 -0.088306 -0.009263 0.021493 -0.020494 0.043032 0.998632
1341845826.247732 -0.538864 -0.086504 -0.008828 0.021528 -0.021022 0.047861 0.998401
1341845826.283763 -0.544469 -0.087360 -0.006769 0.020561 -0.023253 0.052454 0.998141
1341845826.315658 -0.540583 -0.088079 -0.006400 0.020312 -0.027136 0.054124 0.997959
1341845826.347773 -0.544229 -0.087410 -0.010790 0.019283 -0.028510 0.053930 0.997951
1341845826.383718 -0.546226 -0.090821 -0.008164 0.017871 -0.031268 0.055037 0.997835
1341845826.415712 -0.548483 -0.093828 -0.005271 0.017755 -0.033754 0.056765 0.997659
1341845826.447806 -0.548011 -0.094088 -0.007922 0.018838 -0.036048 0.056045 0.997599
1341845826.483677 -0.548943 -0.092193 -0.011025 0.018684 -0.036489 0.056726 0.997548
1341845826.515677 -0.551666 -0.094377 -0.011343 0.018231 -0.037675 0.059876 0.997328
1341845826.551684 -0.549680 -0.094299 -0.016044 0.016605 -0.038249 0.057891 0.997452
1341845826.583716 -0.553580 -0.093487 -0.013981 0.015306 -0.037189 0.056083 0.997616
1341845826.615875 -0.555581 -0.093316 -0.011137 0.014320 -0.040092 0.059678 0.997309
1341845826.651722 -0.552393 -0.093028 -0.015204 0.014273 -0.040790 0.063218 0.997064
1341845826.683753 -0.555674 -0.089332 -0.017376 0.011113 -0.041059 0.059179 0.997341
1341845826.715643 -0.554637 -0.088334 -0.017453 0.007488 -0.042204 0.057141 0.997446
1341845826.751884 -0.557534 -0.084277 -0.015745 0.004504 -0.041345 0.059461 0.997364
1341845826.783713 -0.557602 -0.084132 -0.013983 0.001336 -0.042950 0.060524 0.997241
1341845826.819713 -0.548187 -0.080893 -0.016593 -0.002854 -0.041739 0.057823 0.997450
1341845826.851701 -0.557006 -0.078489 -0.009455 -0.006990 -0.037785 0.058080 0.997572
1341845826.884460 -0.558393 -0.078838 -0.006886 -0.007944 -0.039630 0.063318 0.997175
1341845826.945792 -0.555090 -0.067989 -0.009077 -0.019194 -0.032235 0.053501 0.997863
1341845826.981873 -0.561364 -0.070972 -0.002824 -0.022028 -0.033279 0.058778 0.997473
1341845827.013745 -0.553623 -0.061149 -0.003929 -0.022264 -0.034900 0.066224 0.996946
1341845827.045694 -0.548065 -0.052518 -0.011008 -0.028680 -0.030547 0.065535 0.996970
1341845827.082458 -0.553632 -0.065054 -0.015774 -0.036714 -0.027559 0.062760 0.996972
1341845827.113645 -0.555328 -0.068195 -0.009873 -0.036511 -0.030389 0.066845 0.996632
1341845827.145773 -0.547879 -0.050786 -0.003480 -0.037006 -0.029415 0.065375 0.996740
1341845827.182474 -0.548133 -0.051542 -0.007932 -0.042225 -0.025673 0.059410 0.997010
1341845827.213974 -0.548899 -0.063208 -0.006282 -0.041653 -0.026031 0.060937 0.996932
1341845827.251751 -0.547559 -0.056821 -0.000626 -0.037585 -0.025698 0.065010 0.996845
1341845827.313888 -0.551397 -0.062832 0.006214 -0.047311 -0.018685 0.061890 0.996786
1341845827.349700 -0.549284 -0.063519 0.001381 -0.042681 -0.021501 0.067627 0.996565
1341845827.381963 -0.543934 -0.054912 0.006980 -0.041853 -0.021601 0.066298 0.996688
1341845827.413850 -0.543601 -0.058930 0.006437 -0.043919 -0.019242 0.061579 0.996950
1341845827.449725 -0.542177 -0.062273 -0.000253 -0.042541 -0.019359 0.061119 0.997036
1341845827.488394 -0.546131 -0.067011 0.011625 -0.039668 -0.020914 0.062160 0.997058
1341845827.555964 -0.541422 -0.064557 0.007558 -0.037453 -0.019298 0.059868 0.997317
1341845827.623688 -0.533940 -0.065101 0.008998 -0.033405 -0.020288 0.065099 0.997113
1341845827.656212 -0.531908 -0.058555 0.009671 -0.035132 -0.019038 0.059215 0.997445
1341845827.687624 -0.526145 -0.064167 0.012036 -0.039132 -0.017076 0.053684 0.997645
1341845827.723697 -0.525658 -0.069865 0.016580 -0.038138 -0.014857 0.056996 0.997535
1341845827.755778 -0.522767 -0.067361 0.012458 -0.036243 -0.014152 0.060473 0.997411
1341845827.791657 -0.514433 -0.067234 0.011968 -0.036481 -0.011590 0.059135 0.997516
1341845827.823845 -0.516422 -0.069412 0.017529 -0.036919 -0.007554 0.058120 0.997598
1341845827.855606 -0.511299 -0.073119 0.020395 -0.035108 -0.006874 0.060715 0.997514
1341845827.891685 -0.503133 -0.071837 0.018305 -0.032467 -0.004142 0.062230 0.997525
1341845827.923824 -0.501189 -0.068775 0.015849 -0.031513 0.000403 0.060756 0.997655
1341845827.959777 -0.498791 -0.070171 0.022042 -0.031331 0.002970 0.061733 0.997596
1341845827.991672 -0.490467 -0.067790 0.016236 -0.029692 0.004829 0.063273 0.997543
1341845828.023726 -0.484624 -0.065603 0.016798 -0.031233 0.008713 0.062718 0.997504
1341845828.059622 -0.481647 -0.066818 0.021129 -0.032089 0.012044 0.062741 0.997441
1341845828.091720 -0.478924 -0.066136 0.022951 -0.031815 0.014031 0.063174 0.997397
1341845828.127612 -0.474493 -0.063362 0.020629 -0.031911 0.015471 0.064124 0.997312
1341845828.159638 -0.468009 -0.062960 0.023934 -0.033122 0.017333 0.063649 0.997272
1341845828.191711 -0.465187 -0.064672 0.030347 -0.033044 0.019702 0.061377 0.997373
1341845828.227644 -0.459830 -0.061365 0.028541 -0.031420 0.021120 0.062117 0.997351
1341845828.259785 -0.458200 -0.061050 0.031657 -0.031118 0.023929 0.064985 0.997114
1341845828.291687 -0.451895 -0.061742 0.033925 -0.029746 0.025025 0.067232 0.996980
1341845828.327803 -0.447076 -0.057783 0.028860 -0.028762 0.026747 0.066671 0.997002
1341845828.359694 -0.442135 -0.056196 0.031798 -0.029783 0.028410 0.066591 0.996931
1341845828.395928 -0.436451 -0.057109 0.034086 -0.029542 0.030770 0.068032 0.996771
1341845828.427803 -0.433606 -0.055400 0.034713 -0.029461 0.032180 0.067730 0.996749
1341845828.459660 -0.426042 -0.056074 0.037687 -0.029254 0.033074 0.068034 0.996705
1341845828.495761 -0.420933 -0.052315 0.033742 -0.027952 0.035087 0.069775 0.996554
1341845828.527686 -0.419597 -0.048846 0.034703 -0.029879 0.036712 0.068188 0.996549
1341845828.595750 -0.409139 -0.050573 0.038019 -0.030233 0.038936 0.068249 0.996450
1341845828.654055 -0.397962 -0.049956 0.040987 -0.032400 0.041928 0.068584 0.996237
1341845828.689681 -0.397509 -0.048503 0.038757 -0.031026 0.043464 0.068701 0.996207
1341845828.721870 -0.394631 -0.045228 0.036799 -0.031294 0.043629 0.069410 0.996142
1341845828.757706 -0.388360 -0.046352 0.038469 -0.031890 0.044232 0.071429 0.995954
1341845828.789650 -0.389063 -0.046897 0.038437 -0.031051 0.044764 0.074897 0.995702
1341845828.821914 -0.383185 -0.043893 0.036357 -0.030674 0.043119 0.076381 0.995674
1341845828.857781 -0.377357 -0.043272 0.037258 -0.031590 0.042493 0.077193 0.995609
1341845828.889770 -0.374009 -0.044081 0.037437 -0.031711 0.042347 0.078099 0.995541
1341845828.931671 -0.373309 -0.043151 0.037835 -0.031596 0.041492 0.077534 0.995625
1341845828.989696 -0.361568 -0.044271 0.036200 -0.029786 0.038144 0.076694 0.995879
1341845829.025626 -0.355564 -0.038913 0.033527 -0.029244 0.036678 0.075128 0.996070
1341845829.063840 -0.346523 -0.039055 0.033412 -0.030288 0.036175 0.073356 0.996189
1341845829.089737 -0.344636 -0.037449 0.031780 -0.030162 0.037113 0.073794 0.996126
1341845829.125754 -0.336884 -0.038128 0.031854 -0.030697 0.036282 0.073847 0.996136
1341845829.158048 -0.323970 -0.038314 0.031245 -0.030204 0.036835 0.073763 0.996137
1341845829.193669 -0.322318 -0.042187 0.032886 -0.028537 0.038695 0.075981 0.995949
1341845829.225742 -0.316937 -0.042617 0.030839 -0.025052 0.038313 0.077610 0.995932
1341845829.257763 -0.312106 -0.041142 0.029326 -0.022311 0.037747 0.077570 0.996022
1341845829.293851 -0.305264 -0.040754 0.026889 -0.019945 0.036964 0.076363 0.996195
1341845829.325861 -0.304107 -0.044635 0.027072 -0.018067 0.036339 0.075600 0.996312
1341845829.357901 -0.298090 -0.044292 0.025398 -0.014889 0.033295 0.075201 0.996501
1341845829.393704 -0.288939 -0.039870 0.022439 -0.012733 0.031537 0.073284 0.996731
1341845829.425831 -0.286326 -0.036095 0.020542 -0.012525 0.030409 0.071274 0.996914
1341845829.461720 -0.280999 -0.045759 0.026038 -0.013252 0.028458 0.071765 0.996927
1341845829.493662 -0.276419 -0.045105 0.021000 -0.007321 0.026210 0.074937 0.996817
1341845829.525846 -0.268761 -0.033169 0.015823 -0.005688 0.023659 0.073144 0.997024
1341845829.561864 -0.259699 -0.031665 0.014529 -0.008478 0.023556 0.070395 0.997205
1341845829.593763 -0.255834 -0.043277 0.017681 -0.010454 0.024561 0.071069 0.997114
1341845829.625785 -0.255209 -0.043439 0.015524 -0.004701 0.023298 0.073407 0.997019
1341845829.661787 -0.246364 -0.032789 0.012247 -0.001979 0.020625 0.072481 0.997155
1341845829.693835 -0.233821 -0.026851 0.010303 -0.005087 0.021439 0.067610 0.997468
1341845829.729747 -0.238907 -0.039510 0.015974 -0.008568 0.023786 0.064023 0.997628
1341845829.761817 -0.245140 -0.042346 0.014811 -0.004149 0.019252 0.064027 0.997754
1341845829.793840 -0.226194 -0.034833 0.013295 -0.000956 0.012738 0.063379 0.997908
1341845829.829803 -0.218411 -0.031580 0.011027 -0.000339 0.013517 0.059318 0.998148
