# timestamp tx ty tz qx qy qz qw
1305031102.175304 0.000000 0.000000 0.000000 0.000000 0.000000 0.000000 1.000000
1305031102.211214 -0.002046 0.007717 0.010433 -0.002120 -0.002971 -0.001681 0.999992
1305031102.243211 -0.003393 0.008613 0.023467 -0.007988 -0.005622 -0.001191 0.999952
1305031102.275326 -0.003713 0.010034 0.035642 -0.012545 -0.008477 -0.000935 0.999885
1305031102.311267 -0.003523 0.007352 0.049756 -0.017704 -0.010698 -0.000219 0.999786
1305031102.343233 -0.004737 0.008831 0.061018 -0.019355 -0.012273 0.001428 0.999736
1305031102.375329 -0.004646 0.010293 0.073275 -0.021174 -0.014338 0.001558 0.999672
1305031102.411258 -0.009267 0.013389 0.081906 -0.022431 -0.015555 0.000019 0.999627
1305031102.443271 -0.011011 0.021819 0.092602 -0.025427 -0.018446 -0.000250 0.999506
1305031102.475318 -0.007149 0.022213 0.108210 -0.032647 -0.022134 -0.000180 0.999222
1305031102.511219 -0.006919 0.022276 0.121286 -0.037577 -0.021293 -0.001875 0.999065
1305031102.543220 -0.008164 0.021584 0.134209 -0.042438 -0.019562 -0.003870 0.998900
1305031102.575286 -0.007061 0.015722 0.147406 -0.045920 -0.018545 -0.005161 0.998760
1305031102.611233 -0.008842 0.013351 0.159359 -0.043838 -0.015310 -0.004153 0.998913
1305031102.643265 -0.015017 0.021262 0.168205 -0.039951 -0.012587 -0.003577 0.999116
1305031102.675285 -0.014559 0.023747 0.181437 -0.041518 -0.014414 -0.002599 0.999030
1305031102.711263 -0.014910 0.023066 0.195070 -0.042830 -0.014762 -0.001370 0.998972
1305031102.743234 -0.014135 0.031285 0.206787 -0.042019 -0.015340 0.000353 0.998999
1305031102.775472 -0.010895 0.031369 0.221011 -0.044681 -0.014601 -0.000954 0.998894
1305031102.811232 -0.012483 0.035117 0.232693 -0.045349 -0.010996 -0.001968 0.998909
1305031102.843290 -0.011505 0.035462 0.246859 -0.047447 -0.008044 -0.002826 0.998837
1305031102.875363 -0.014843 0.038882 0.258499 -0.046179 -0.004148 -0.005345 0.998910
1305031102.911185 -0.015790 0.041712 0.269728 -0.045699 -0.002604 -0.006617 0.998930
1305031102.943229 -0.022641 0.043198 0.279265 -0.045941 -0.000228 -0.008341 0.998909
1305031102.975203 -0.030682 0.045587 0.286066 -0.046441 -0.003801 -0.009341 0.998870
1305031103.011215 -0.030557 0.048554 0.296991 -0.047588 -0.010046 -0.006217 0.998797
1305031103.043227 -0.031660 0.052010 0.308015 -0.049018 -0.015669 -0.003594 0.998669
1305031103.075319 -0.026644 0.050578 0.318682 -0.050166 -0.020411 -0.000930 0.998532
1305031103.111240 -0.027776 0.058815 0.325857 -0.047086 -0.019638 -0.000119 0.998698
1305031103.143318 -0.026583 0.060050 0.336083 -0.049313 -0.020236 0.001555 0.998577
1305031103.175452 -0.026736 0.066868 0.343373 -0.048413 -0.018847 0.001931 0.998648
1305031103.211220 -0.028400 0.074185 0.351947 -0.051472 -0.018321 0.002784 0.998502
1305031103.243216 -0.027914 0.077406 0.359347 -0.058223 -0.018426 0.006659 0.998111
1305031103.275370 -0.033241 0.080190 0.364407 -0.066736 -0.019217 0.010981 0.997525
1305031103.311210 -0.032584 0.073380 0.371713 -0.075812 -0.029196 0.010634 0.996638
1305031103.343223 -0.026947 0.075020 0.373383 -0.076048 -0.035127 0.010262 0.996432
1305031103.375327 -0.025412 0.074395 0.374088 -0.079512 -0.034118 0.012012 0.996177
1305031103.411260 -0.026435 0.068554 0.373154 -0.083132 -0.033250 0.013856 0.995887
1305031103.443280 -0.027907 0.067102 0.369177 -0.082895 -0.035071 0.013446 0.995850
1305031103.475274 -0.027540 0.062987 0.364587 -0.083091 -0.037861 0.011698 0.995754
1305031103.511333 -0.027524 0.058607 0.358619 -0.081125 -0.039368 0.009614 0.995880
1305031103.543444 -0.027716 0.049877 0.350362 -0.078910 -0.040299 0.006480 0.996046
1305031103.575474 -0.029479 0.049197 0.340515 -0.073443 -0.040980 0.006636 0.996435
1305031103.611223 -0.031669 0.043950 0.330557 -0.071669 -0.043134 0.007497 0.996467
1305031103.643445 -0.030844 0.039219 0.320225 -0.069341 -0.047376 0.008013 0.996435
1305031103.675523 -0.028380 0.035308 0.309558 -0.066829 -0.050576 0.008161 0.996448
1305031103.711610 -0.026469 0.031847 0.298425 -0.064417 -0.051952 0.007975 0.996538
1305031103.743326 -0.024870 0.025123 0.287033 -0.062892 -0.051974 0.006987 0.996642
1305031103.775342 -0.024211 0.023510 0.271731 -0.059167 -0.051409 0.003716 0.996917
1305031103.811242 -0.023453 0.022675 0.258120 -0.058781 -0.050363 0.000653 0.996999
1305031103.843251 -0.026994 0.023017 0.242314 -0.060939 -0.048725 -0.001989 0.996950
1305031103.875361 -0.027787 0.011433 0.232029 -0.069465 -0.051617 -0.004891 0.996236
1305031103.911221 -0.026515 0.002988 0.218941 -0.069815 -0.055857 -0.006336 0.995975
1305031103.943211 -0.024851 0.000374 0.204280 -0.067558 -0.058771 -0.007196 0.995957
1305031103.975373 -0.022444 -0.005853 0.191853 -0.066448 -0.061135 -0.008240 0.995881
1305031104.011232 -0.017606 -0.011198 0.181691 -0.062649 -0.062701 -0.009133 0.996022
1305031104.043249 -0.014587 -0.012739 0.165837 -0.054821 -0.059947 -0.011520 0.996628
1305031104.075425 -0.012034 -0.012305 0.151401 -0.050163 -0.055735 -0.014049 0.997086
1305031104.111235 -0.008733 -0.018829 0.140764 -0.048172 -0.050667 -0.015031 0.997440
1305031104.143230 -0.009524 -0.025050 0.125675 -0.044359 -0.044545 -0.016283 0.997889
1305031104.175424 -0.010415 -0.028280 0.110631 -0.040443 -0.040882 -0.017283 0.998196
1305031104.211283 -0.008994 -0.033527 0.098532 -0.037102 -0.038722 -0.016933 0.998417
1305031104.243196 -0.008259 -0.035966 0.085609 -0.032501 -0.036498 -0.017013 0.998660
1305031104.275546 -0.006956 -0.037494 0.073589 -0.027983 -0.034199 -0.017779 0.998865
1305031104.311219 -0.005829 -0.039241 0.061949 -0.024284 -0.031116 -0.017885 0.999061
1305031104.343342 -0.004399 -0.039112 0.050202 -0.020739 -0.027205 -0.018248 0.999248
1305031104.375837 -0.005103 -0.040033 0.039498 -0.018842 -0.022075 -0.017945 0.999418
1305031104.411509 -0.007812 -0.040991 0.028191 -0.017414 -0.017553 -0.017548 0.999540
1305031104.443288 -0.012599 -0.040667 0.016642 -0.016641 -0.014887 -0.017181 0.999603
1305031104.475456 -0.016377 -0.042025 0.007138 -0.017013 -0.015376 -0.016532 0.999600
1305031104.511329 -0.016863 -0.046121 -0.000803 -0.016908 -0.018044 -0.015048 0.999581
1305031104.543368 -0.014049 -0.048759 -0.009796 -0.013993 -0.020866 -0.014252 0.999583
1305031104.575343 -0.008731 -0.050682 -0.013742 -0.009543 -0.022285 -0.013201 0.999619
1305031104.611336 -0.003189 -0.056916 -0.022078 -0.000883 -0.018900 -0.011556 0.999754
1305031104.643243 -0.001503 -0.053772 -0.034166 0.012137 -0.011514 -0.011791 0.999791
1305031104.675525 0.000270 -0.057945 -0.043009 0.022877 -0.003719 -0.010333 0.999678
1305031104.711277 0.001503 -0.060545 -0.053265 0.035955 0.003377 -0.008028 0.999315
1305031104.743280 0.003788 -0.058900 -0.063928 0.049262 0.009991 -0.006303 0.998716
1305031104.775327 0.004706 -0.057897 -0.072872 0.061591 0.017011 -0.004358 0.997947
1305031104.811465 0.007163 -0.054734 -0.082603 0.072445 0.022955 -0.002420 0.997105
1305031104.843258 0.006411 -0.051173 -0.089068 0.081105 0.029737 0.000044 0.996262
1305031104.875350 0.001762 -0.044892 -0.094529 0.087444 0.033759 0.002017 0.995595
1305031104.911534 0.003522 -0.042709 -0.095760 0.089711 0.034271 0.004049 0.995370
1305031104.943262 0.003805 -0.044634 -0.097876 0.089268 0.034881 0.004017 0.995389
1305031104.975202 0.001629 -0.034243 -0.093614 0.090460 0.034667 0.004937 0.995284
1305031105.011290 0.001101 -0.034268 -0.092268 0.085048 0.034562 0.004507 0.995767
1305031105.043373 0.002169 -0.030516 -0.085170 0.080042 0.033896 0.003954 0.996207
1305031105.075320 0.001985 -0.024950 -0.066091 0.074498 0.032648 0.003288 0.996681
1305031105.111299 -0.001329 -0.028460 -0.055172 0.067661 0.032372 0.001802 0.997181
1305031105.143106 -0.006100 -0.017085 -0.042161 0.063766 0.030534 -0.000474 0.997498
1305031105.175159 -0.009350 -0.009633 -0.028107 0.052142 0.027784 -0.004137 0.998245
1305031105.211268 -0.012287 -0.016048 -0.012508 0.038503 0.023943 -0.004966 0.998959
1305031105.243270 -0.017510 -0.013380 0.001498 0.030464 0.019281 -0.006882 0.999326
1305031105.275288 -0.022121 -0.010954 0.015375 0.020365 0.013669 -0.008519 0.999663
1305031105.311290 -0.025421 -0.012866 0.029419 0.009493 0.006763 -0.008979 0.999892
1305031105.343302 -0.026433 -0.016199 0.044251 0.000455 0.000176 -0.009121 0.999958
1305031105.375338 -0.028013 -0.017186 0.057680 -0.003403 -0.004650 -0.009043 0.999943
1305031105.411286 -0.030555 -0.009692 0.070093 -0.007302 -0.008747 -0.010286 0.999882
1305031105.443316 -0.031185 -0.013307 0.085631 -0.015096 -0.012901 -0.010652 0.999746
1305031105.475280 -0.032997 -0.012197 0.098715 -0.018478 -0.015789 -0.010936 0.999645
1305031105.511332 -0.033133 -0.008956 0.112697 -0.022422 -0.018357 -0.011101 0.999518
1305031105.543282 -0.032701 -0.010785 0.128546 -0.027355 -0.019463 -0.009842 0.999388
1305031105.575449 -0.034834 -0.008745 0.141693 -0.029907 -0.020156 -0.009982 0.999300
1305031105.611378 -0.033351 -0.010932 0.158035 -0.033502 -0.021649 -0.009015 0.999163
1305031105.643273 -0.035121 -0.008104 0.171565 -0.033520 -0.021618 -0.006216 0.999185
1305031105.675166 -0.031934 -0.005782 0.185989 -0.035269 -0.023533 -0.004934 0.999089
1305031105.711309 -0.027166 -0.009638 0.201830 -0.036175 -0.022717 -0.004782 0.999076
1305031105.743312 -0.027177 -0.003549 0.213714 -0.033440 -0.018610 -0.004708 0.999256
1305031105.775339 -0.023950 -0.004038 0.230219 -0.034645 -0.014874 -0.004551 0.999279
1305031105.811283 -0.024918 -0.000981 0.244593 -0.032603 -0.009487 -0.003864 0.999416
1305031105.843271 -0.022088 0.000500 0.258365 -0.031519 -0.006607 -0.002765 0.999477
1305031105.875337 -0.020970 0.007629 0.270775 -0.029781 -0.001544 -0.000624 0.999555
1305031105.911262 -0.020632 0.012309 0.284848 -0.031828 0.002648 0.003978 0.999482
1305031105.943272 -0.020311 0.017918 0.296931 -0.033711 0.006001 0.006520 0.999392
1305031105.975329 -0.020134 0.023253 0.309990 -0.037374 0.008078 0.007964 0.999237
1305031106.011285 -0.018775 0.027267 0.322641 -0.041469 0.009942 0.009791 0.999042
1305031106.043355 -0.020316 0.031021 0.334790 -0.045884 0.012649 0.010873 0.998808
1305031106.075330 -0.021354 0.035243 0.346160 -0.049628 0.013682 0.012766 0.998592
1305031106.111327 -0.022075 0.042004 0.356663 -0.053848 0.013577 0.013994 0.998359
1305031106.143355 -0.023361 0.043420 0.368676 -0.061320 0.012046 0.016371 0.997911
1305031106.175534 -0.024321 0.045773 0.378821 -0.065223 0.010542 0.017233 0.997666
1305031106.211275 -0.025011 0.045523 0.388933 -0.069286 0.008941 0.018044 0.997394
1305031106.243267 -0.026061 0.048640 0.396103 -0.069044 0.007654 0.021415 0.997354
1305031106.276385 -0.027388 0.054903 0.401643 -0.068971 0.006341 0.022069 0.997354
1305031106.311238 -0.027584 0.058477 0.407130 -0.072232 0.005084 0.025172 0.997057
1305031106.343258 -0.029674 0.065606 0.409901 -0.075803 0.004595 0.025381 0.996789
1305031106.375388 -0.026556 0.065639 0.413262 -0.085414 0.003421 0.018581 0.996166
1305031106.411320 -0.025324 0.059932 0.415251 -0.093035 0.007993 0.013378 0.995541
1305031106.443278 -0.027866 0.056763 0.412203 -0.094429 0.012376 0.009767 0.995407
1305031106.475345 -0.029511 0.053181 0.406728 -0.095257 0.011902 0.009262 0.995339
1305031106.511129 -0.031526 0.050043 0.400721 -0.093635 0.009387 0.008272 0.995528
1305031106.543302 -0.032959 0.042115 0.394468 -0.092741 0.005645 0.006604 0.995652
1305031106.575282 -0.032946 0.040073 0.384048 -0.089460 0.003754 0.005526 0.995968
1305031106.611151 -0.033813 0.039316 0.372831 -0.088632 0.000602 0.002443 0.996061
1305031106.643207 -0.034313 0.031128 0.362340 -0.090472 -0.001919 0.000370 0.995897
1305031106.675279 -0.036720 0.030948 0.347903 -0.086954 -0.004339 -0.000296 0.996203
1305031106.711508 -0.039512 0.026021 0.336187 -0.089499 -0.009169 -0.000871 0.995944
1305031106.743341 -0.040623 0.022451 0.321428 -0.087908 -0.015333 -0.000909 0.996010
1305031106.775390 -0.038584 0.018730 0.306555 -0.087220 -0.022035 -0.000865 0.995945
1305031106.811289 -0.038260 0.018661 0.290448 -0.086362 -0.026055 -0.001452 0.995922
1305031106.843416 -0.038907 0.008046 0.277858 -0.089339 -0.029669 -0.002791 0.995555
1305031106.875905 -0.035030 0.002277 0.261735 -0.084339 -0.033573 -0.006123 0.995853
1305031106.911243 -0.034674 0.003600 0.242980 -0.079325 -0.032967 -0.010462 0.996249
1305031106.943439 -0.034068 -0.004655 0.229472 -0.079219 -0.032353 -0.014627 0.996225
1305031106.975547 -0.033313 -0.012216 0.214001 -0.074257 -0.030503 -0.017807 0.996613
1305031107.011576 -0.034978 -0.008552 0.190697 -0.065580 -0.026747 -0.021968 0.997247
1305031107.043281 -0.034958 -0.015710 0.177261 -0.067243 -0.024511 -0.023842 0.997151
1305031107.075432 -0.038611 -0.025399 0.161300 -0.064624 -0.022431 -0.024486 0.997357
1305031107.111229 -0.037633 -0.024973 0.144283 -0.058971 -0.023439 -0.025169 0.997667
1305031107.143260 -0.034772 -0.025131 0.129745 -0.056693 -0.023267 -0.025322 0.997799
1305031107.175399 -0.032740 -0.033506 0.119532 -0.056295 -0.022409 -0.025600 0.997834
1305031107.211358 -0.029965 -0.039499 0.106947 -0.050737 -0.020935 -0.027314 0.998119
1305031107.243378 -0.029870 -0.039667 0.091450 -0.043982 -0.017347 -0.027915 0.998492
1305031107.275398 -0.026819 -0.044791 0.080648 -0.039349 -0.014756 -0.027675 0.998733
1305031107.311226 -0.024855 -0.052278 0.070154 -0.033671 -0.011617 -0.028408 0.998962
1305031107.343509 -0.021174 -0.058749 0.059158 -0.023899 -0.008747 -0.028610 0.999267
1305031107.375413 -0.020098 -0.055012 0.045890 -0.013683 -0.003580 -0.029214 0.999473
1305031107.411271 -0.018143 -0.055350 0.038218 -0.007058 0.000957 -0.030055 0.999523
1305031107.443419 -0.016181 -0.052241 0.030872 -0.000755 0.005615 -0.029803 0.999540
1305031107.475377 -0.013316 -0.055138 0.026528 0.001363 0.009680 -0.029473 0.999518
1305031107.511352 -0.011533 -0.050381 0.021475 0.003944 0.013277 -0.029089 0.999481
1305031107.543605 -0.009171 -0.050423 0.022340 0.001464 0.015843 -0.027020 0.999508
1305031107.575454 -0.006337 -0.055609 0.024399 0.000034 0.017496 -0.024226 0.999553
1305031107.611271 -0.003555 -0.047095 0.023750 0.002557 0.018548 -0.022537 0.999571
1305031107.643323 -0.002673 -0.046918 0.025919 -0.000995 0.019998 -0.021453 0.999569
1305031107.675568 -0.003752 -0.046739 0.027406 -0.002287 0.020935 -0.021016 0.999557
1305031107.711307 -0.004362 -0.041737 0.029720 -0.002596 0.020821 -0.019960 0.999581
1305031107.743538 -0.006892 -0.036222 0.031652 -0.004746 0.020177 -0.019199 0.999601
1305031107.775802 -0.007020 -0.039192 0.032042 -0.008666 0.017547 -0.020703 0.999594
1305031107.811596 -0.006189 -0.035480 0.035415 -0.010045 0.015519 -0.020647 0.999616
1305031107.843332 -0.003922 -0.034936 0.037766 -0.012684 0.014759 -0.021047 0.999589
1305031107.875358 0.001457 -0.038815 0.040479 -0.014469 0.014752 -0.024482 0.999487
1305031107.911541 0.004668 -0.038318 0.042961 -0.013338 0.017499 -0.027004 0.999393
1305031107.943122 0.010847 -0.039398 0.045923 -0.011571 0.020135 -0.027322 0.999357
1305031107.975807 0.018138 -0.039950 0.048552 -0.009151 0.023937 -0.027002 0.999307
1305031108.011320 0.028724 -0.039778 0.050732 -0.005291 0.027604 -0.028936 0.999186
1305031108.043418 0.039696 -0.038739 0.050499 -0.002943 0.033838 -0.026834 0.999063
1305031108.075352 0.051697 -0.039787 0.056959 -0.001768 0.042376 -0.021581 0.998867
1305031108.111378 0.058338 -0.040693 0.057634 0.000715 0.048593 -0.021720 0.998582
1305031108.143334 0.071191 -0.038707 0.060665 0.003180 0.051508 -0.020801 0.998451
1305031108.176058 0.081957 -0.036646 0.056890 0.001572 0.054830 -0.017730 0.998337
1305031108.211475 0.092801 -0.039364 0.061281 -0.004041 0.056228 -0.018245 0.998243
1305031108.243347 0.110905 -0.044407 0.069292 -0.005988 0.057559 -0.019784 0.998128
1305031108.275358 0.119558 -0.040178 0.066549 -0.004873 0.062505 -0.019652 0.997839
1305031108.311332 0.126716 -0.036562 0.067955 -0.008150 0.064304 -0.018535 0.997725
1305031108.343278 0.136691 -0.032170 0.074485 -0.012622 0.063161 -0.016348 0.997790
1305031108.375410 0.145310 -0.029806 0.078028 -0.017436 0.061003 -0.011095 0.997924
1305031108.411361 0.159169 -0.030281 0.082002 -0.022566 0.056517 -0.004847 0.998135
1305031108.443610 0.172734 -0.028792 0.085028 -0.026614 0.054843 0.001778 0.998139
1305031108.475471 0.186248 -0.032740 0.087776 -0.030576 0.053854 0.008893 0.998041
1305031108.511378 0.207180 -0.034877 0.093191 -0.030467 0.054388 0.014145 0.997955
1305031108.543737 0.219180 -0.035960 0.093988 -0.026363 0.061184 0.013149 0.997692
1305031108.575414 0.224419 -0.031486 0.086153 -0.022010 0.067781 0.011053 0.997396
1305031108.611407 0.243087 -0.031745 0.089553 -0.022667 0.071066 0.011878 0.997143
1305031108.643303 0.253499 -0.028839 0.086837 -0.021937 0.076261 0.013536 0.996755
1305031108.675375 0.268534 -0.025506 0.086738 -0.024118 0.080448 0.017742 0.996309
1305031108.711411 0.278315 -0.026137 0.090543 -0.028288 0.087994 0.021504 0.995487
1305031108.743502 0.285795 -0.027507 0.093055 -0.030043 0.093216 0.022310 0.994942
1305031108.775493 0.293336 -0.026148 0.092220 -0.030798 0.096972 0.024769 0.994502
1305031108.811244 0.296442 -0.027433 0.093948 -0.032717 0.100967 0.029524 0.993913
1305031108.843264 0.296444 -0.030194 0.094739 -0.032479 0.102027 0.034849 0.993640
1305031108.876515 0.296726 -0.031027 0.092001 -0.030661 0.099482 0.040652 0.993736
1305031108.911364 0.301988 -0.033263 0.088462 -0.028064 0.094377 0.047050 0.994028
1305031108.943243 0.298470 -0.034776 0.087933 -0.023069 0.091430 0.047333 0.994418
1305031108.975268 0.302068 -0.029382 0.080122 -0.018135 0.084013 0.046100 0.995233
1305031109.011269 0.303956 -0.027984 0.075994 -0.018474 0.078842 0.044889 0.995705
1305031109.043277 0.297401 -0.029487 0.073644 -0.017832 0.078264 0.042686 0.995859
1305031109.075410 0.278531 -0.027748 0.068490 -0.019392 0.078858 0.036575 0.996026
1305031109.111282 0.265466 -0.030580 0.073978 -0.024143 0.078732 0.032745 0.996065
1305031109.143334 0.255635 -0.030638 0.073869 -0.024103 0.074466 0.028857 0.996514
1305031109.175464 0.243173 -0.027117 0.068988 -0.023519 0.068572 0.025671 0.997038
1305031109.211379 0.239232 -0.017686 0.067663 -0.025925 0.061642 0.028488 0.997355
1305031109.243290 0.224720 -0.014270 0.072706 -0.033448 0.059998 0.034877 0.997028
1305031109.275308 0.211849 -0.025703 0.071115 -0.038373 0.056055 0.037882 0.996971
1305031109.311329 0.192276 -0.022803 0.069250 -0.035524 0.049053 0.039090 0.997399
1305031109.343248 0.174703 -0.017143 0.067125 -0.036777 0.041403 0.038187 0.997735
1305031109.375397 0.164666 -0.022167 0.069487 -0.041018 0.032231 0.037496 0.997934
1305031109.411329 0.155793 -0.020373 0.065615 -0.041146 0.023802 0.034105 0.998287
1305031109.443302 0.140780 -0.017418 0.064168 -0.043959 0.019806 0.028963 0.998417
1305031109.475363 0.127441 -0.019583 0.065383 -0.047228 0.017578 0.025510 0.998404
1305031109.511273 0.113152 -0.023357 0.064468 -0.048072 0.015895 0.021357 0.998489
1305031109.543294 0.099795 -0.023554 0.061800 -0.045622 0.014497 0.018791 0.998677
1305031109.575362 0.085604 -0.021616 0.058113 -0.044918 0.014631 0.018597 0.998710
1305031109.611310 0.072873 -0.020857 0.055846 -0.044993 0.012846 0.016262 0.998772
1305031109.643229 0.061812 -0.020073 0.054005 -0.045667 0.011393 0.015656 0.998769
1305031109.675263 0.046378 -0.018356 0.051503 -0.047750 0.011755 0.017761 0.998632
1305031109.711312 0.033345 -0.014423 0.050010 -0.049475 0.008533 0.016647 0.998600
1305031109.743274 0.020744 -0.014167 0.051434 -0.054103 0.005576 0.016093 0.998390
1305031109.775277 0.010227 -0.015148 0.053596 -0.057495 0.003241 0.016378 0.998206
1305031109.811371 -0.003871 -0.012360 0.053536 -0.059071 0.002581 0.015502 0.998130
1305031109.843296 -0.017438 -0.011606 0.055303 -0.062420 0.000266 0.014818 0.997940
1305031109.875306 -0.033856 -0.010154 0.058035 -0.065820 -0.002357 0.012955 0.997745
1305031109.911265 -0.046220 -0.012781 0.063422 -0.067969 -0.008636 0.008325 0.997615
1305031109.943299 -0.058285 -0.006094 0.061005 -0.068042 -0.011741 0.003813 0.997606
1305031109.975258 -0.073075 -0.006034 0.067234 -0.072606 -0.013614 -0.000817 0.997267
1305031110.011256 -0.085280 -0.004453 0.070283 -0.074631 -0.016403 -0.007668 0.997047
1305031110.043299 -0.097673 -0.003293 0.073813 -0.076905 -0.017567 -0.014347 0.996780
1305031110.075319 -0.112310 -0.001923 0.074283 -0.078954 -0.017187 -0.019795 0.996533
1305031110.111325 -0.127488 -0.000565 0.078307 -0.083325 -0.018199 -0.024206 0.996062
1305031110.143432 -0.141962 -0.006013 0.081532 -0.086251 -0.021132 -0.028107 0.995653
1305031110.175641 -0.151625 0.001892 0.080831 -0.085646 -0.025027 -0.029488 0.995575
1305031110.211637 -0.164915 -0.000712 0.084849 -0.090302 -0.027507 -0.031020 0.995051
1305031110.243323 -0.176340 -0.004294 0.086173 -0.091861 -0.031390 -0.030740 0.994802
1305031110.279321 -0.183834 -0.004311 0.088091 -0.090249 -0.036128 -0.031372 0.994769
1305031110.311404 -0.197978 -0.004447 0.085855 -0.087838 -0.038067 -0.033324 0.994849
1305031110.343355 -0.208468 -0.001885 0.084606 -0.086430 -0.042775 -0.034246 0.994750
1305031110.379281 -0.221058 -0.001879 0.084116 -0.085684 -0.047858 -0.037941 0.994449
1305031110.411469 -0.233667 0.003958 0.080054 -0.084133 -0.053563 -0.040584 0.994186
1305031110.443260 -0.244575 0.007877 0.081028 -0.087620 -0.059404 -0.043923 0.993411
1305031110.479331 -0.258754 0.005138 0.083584 -0.091200 -0.065432 -0.049956 0.992424
