# timestamp tx ty tz qx qy qz qw
1305031790.645155 0.000000 0.000000 0.000000 0.000000 0.000000 0.000000 1.000000
1305031790.681208 -0.150562 0.037448 0.002663 0.008820 0.090078 0.109402 0.989868
1305031790.713097 -0.249672 0.062846 0.005134 0.009526 0.136662 0.172643 0.975411
1305031790.745223 -0.200707 0.056179 0.010084 -0.005557 0.107997 0.147938 0.983067
1305031790.781258 -0.151888 0.050323 0.015846 -0.017356 0.087781 0.131318 0.987294
1305031790.813207 -0.070061 0.039770 0.024681 -0.030937 0.060045 0.106156 0.992053
1305031790.845151 0.010107 0.028236 0.032035 -0.050897 0.020253 0.066901 0.996255
1305031790.882094 0.022854 0.027644 0.034501 -0.066304 0.009494 0.059513 0.995978
1305031790.913129 0.014925 0.029022 0.034018 -0.078990 0.010693 0.063091 0.994819
1305031790.945171 0.034085 0.025602 0.035082 -0.089396 0.005247 0.055668 0.994425
1305031790.981159 0.047865 0.021953 0.034594 -0.099080 -0.002954 0.044894 0.994062
1305031791.013075 0.022544 0.024040 0.030636 -0.103957 -0.006220 0.045037 0.993542
1305031791.045137 -0.035380 0.030090 0.022928 -0.099477 0.000706 0.058682 0.993308
1305031791.081293 0.013704 0.019523 0.023744 -0.080184 0.040109 0.111784 0.989680
1305031791.113136 0.012728 0.011876 0.015476 -0.063491 0.080576 0.162180 0.981414
1305031791.145096 0.011232 0.000126 0.002772 -0.039636 0.129239 0.208680 0.968597
1305031791.181287 0.010572 -0.005073 -0.002849 -0.008695 0.178602 0.242509 0.953528
1305031791.213098 0.010572 -0.005073 -0.002849 -0.008695 0.178602 0.242509 0.953528
1305031791.245087 0.010572 -0.005073 -0.002849 -0.008695 0.178602 0.242509 0.953528
1305031791.281340 0.010572 -0.005073 -0.002849 -0.008695 0.178602 0.242509 0.953528
1305031791.313088 0.010572 -0.005073 -0.002849 -0.008695 0.178602 0.242509 0.953528
1305031791.345123 0.091521 0.149856 -0.195569 0.013188 0.164945 0.227959 0.959507
1305031791.382161 0.202190 0.021599 -0.066799 0.016921 0.183711 0.249022 0.950764
1305031791.413087 0.513177 0.007604 -0.421616 -0.019826 0.166382 0.241157 0.955912
1305031791.445165 0.757503 0.244795 -0.768032 -0.004884 0.146567 0.233529 0.961228
1305031791.481375 0.908895 0.242751 -0.835114 0.044044 0.161825 0.294369 0.940861
1305031791.513084 1.007302 0.306174 -1.007363 0.032850 0.162900 0.312034 0.935425
1305031791.545065 0.826920 0.318242 -0.797632 0.057756 0.165218 0.327923 0.928350
1305031791.581127 0.906605 0.151806 -0.805210 0.072026 0.177662 0.419577 0.887245
1305031791.613194 0.583125 0.042793 -0.576162 0.066654 0.165938 0.410689 0.894067
1305031791.645074 0.382932 0.261626 -0.492292 0.055205 0.192797 0.400284 0.894178
1305031791.681062 0.153170 -0.252386 -0.242670 0.095700 0.208611 0.422379 0.876880
1305031791.713242 -0.324611 -0.833862 0.367180 0.157241 0.241377 0.546976 0.786021
1305031791.745148 0.035591 -0.471983 -0.057785 -0.043079 0.277239 0.202168 0.938302
1305031791.781286 0.002775 -0.428765 -0.045863 0.011127 0.284595 0.261751 0.922154
1305031791.813247 -0.001273 -0.429417 -0.050112 0.047762 0.286411 0.289451 0.912089
1305031791.845123 -0.002448 -0.429606 -0.051351 0.120135 0.293122 0.373839 0.871718
1305031791.881072 -0.004543 -0.429930 -0.053576 -0.016609 0.308437 0.054406 0.949542
1305031791.913193 -0.028053 -0.433409 -0.078832 0.384806 -0.078908 0.781917 -0.484050
1305031791.948998 -0.026842 -0.433217 -0.077410 0.154439 0.315356 0.345328 0.870315
1305031791.981259 -0.028655 -0.433485 -0.079355 -0.018448 0.307002 -0.042904 0.950562
1305031792.013213 -0.030829 -0.433805 -0.081681 -0.135797 0.258743 -0.318513 0.901754
1305031792.050221 -0.056759 -0.437632 -0.109446 -0.233512 0.215437 -0.502898 0.803836
1305031792.081058 2.110974 -0.583709 -2.135282 -0.206563 0.230594 -0.459724 0.832353
1305031792.113127 3.421550 -0.574704 -3.320167 -0.219462 0.219995 -0.493907 0.812092
1305031792.149109 1.924324 -0.570238 -1.952120 -0.237166 0.209318 -0.534610 0.783665
1305031792.181099 0.568711 -0.479721 -0.697542 0.322756 0.276594 0.723040 0.544553
1305031792.213166 2.221006 -0.635511 -2.123401 -0.338911 0.094231 -0.783923 0.511590
1305031792.249088 2.267005 -0.683034 -2.167649 -0.326507 0.112586 -0.756965 0.554726
1305031792.281069 -0.067458 1.208905 -0.351599 -0.337440 0.108994 -0.774597 0.523692
1305031792.313073 0.266763 0.882369 -0.599565 -0.339025 0.106882 -0.776012 0.521002
1305031792.349198 2.101645 -0.544932 -2.028715 -0.331038 0.109011 -0.761291 0.546778
1305031792.381062 2.148009 -0.600303 -2.064769 -0.331002 0.119281 -0.751983 0.557433
1305031792.413074 4.001532 -1.176140 -3.667828 -0.281907 0.154001 -0.659710 0.679408
1305031792.449168 3.179529 -0.725574 -3.009044 -0.253996 0.184249 -0.586430 0.746752
1305031792.481098 3.142795 -0.860012 -2.947309 -0.270877 0.175517 -0.619844 0.715271
1305031792.513052 3.798364 -1.273336 -3.411892 0.270475 0.277087 0.694368 0.606563
1305031792.549157 3.805697 -1.272054 -3.403332 -0.268886 0.159264 -0.623255 0.716860
1305031792.581136 3.805971 -1.272011 -3.403028 -0.164937 0.257438 -0.335994 0.890859
1305031792.613102 3.799294 -1.273174 -3.410806 0.379625 0.018777 0.909092 -0.170539
1305031792.649254 3.797361 -1.273512 -3.413062 0.351476 -0.107999 0.793379 -0.485130
1305031792.681063 3.796206 -1.273714 -3.414412 -0.345662 0.140352 -0.758582 0.534202
1305031792.713116 3.797822 -1.273431 -3.412524 -0.353500 0.157085 -0.755037 0.529416
1305031792.749097 3.800379 -1.272984 -3.409539 -0.363656 0.172929 -0.753125 0.520242
1305031792.781106 3.804464 -1.272273 -3.404785 0.101828 0.261852 0.544649 0.790204
1305031792.813144 3.804280 -1.272300 -3.404982 0.382719 -0.194007 0.765175 -0.479994
1305031792.849022 3.736466 -1.222277 -3.352208 0.385995 -0.192170 0.778461 -0.456154
1305031792.881064 3.654911 -1.170976 -3.300648 0.391216 -0.206397 0.780045 -0.442583
1305031792.913316 3.479739 -1.047313 -3.180057 0.391043 -0.210185 0.788818 -0.425057
1305031792.949047 3.482259 -1.050793 -3.185645 0.389072 -0.216498 0.783825 -0.432863
1305031792.981139 3.428721 -1.022176 -3.160803 0.381826 -0.220696 0.766158 -0.467443
1305031793.013059 3.196633 -0.870870 -3.023820 0.396300 -0.227836 0.782281 -0.423171
1305031793.049115 3.402605 -0.987757 -3.125760 0.407208 -0.256223 0.762118 -0.433252
1305031793.081172 3.347054 -0.957233 -3.093959 0.404864 -0.256676 0.758899 -0.440766
1305031793.113126 3.302993 -0.933230 -3.073817 0.400604 -0.258197 0.756652 -0.447580
1305031793.149098 3.402695 -0.936953 -3.004744 0.389820 -0.253386 0.757310 -0.458603
1305031793.181113 3.394701 -0.932910 -3.001792 0.388897 -0.262330 0.754570 -0.458874
1305031793.213203 3.380754 -0.923103 -2.990615 0.387092 -0.273061 0.752524 -0.457499
1305031793.249128 3.461579 -0.973178 -3.042462 0.375193 -0.276757 0.734869 -0.492548
1305031793.281300 3.446064 -0.964666 -3.036399 0.373450 -0.287987 0.735177 -0.486943
1305031793.313159 3.454028 -0.978093 -3.059269 0.375954 -0.285530 0.732286 -0.490803
1305031793.349110 3.454409 -0.985262 -3.074770 0.375485 -0.291421 0.732788 -0.486936
1305031793.381139 3.474969 -0.979705 -3.046506 0.391229 -0.295245 0.732680 -0.472175
1305031793.413790 3.478168 -1.015586 -3.124751 0.358959 -0.324392 0.733236 -0.477790
1305031793.449092 3.375048 -1.325672 -3.004222 0.359382 -0.331054 0.730047 -0.477785
1305031793.481359 3.491298 -1.019345 -3.122635 0.361413 -0.353366 0.722980 -0.470970
1305031793.513246 3.739494 -0.472994 -3.408892 0.349524 -0.354466 0.726939 -0.473018
1305031793.549071 3.572000 -1.003113 -3.181289 0.354661 -0.341713 0.721729 -0.486370
1305031793.581157 3.602914 -1.007844 -3.166419 0.347806 -0.346117 0.716566 -0.495748
1305031793.613153 3.605209 -0.999687 -3.131220 -0.320858 0.364297 -0.714404 0.503949
1305031793.649429 3.605209 -0.999687 -3.131220 -0.320858 0.364297 -0.714404 0.503949
1305031793.681107 3.703474 -0.948989 -2.861860 0.417353 -0.325035 0.713403 -0.459592
1305031793.713169 3.703474 -0.948989 -2.861860 0.417353 -0.325035 0.713403 -0.459592
1305031793.749040 3.703474 -0.948989 -2.861860 0.417353 -0.325035 0.713403 -0.459592
1305031793.781106 3.703474 -0.948989 -2.861860 0.417353 -0.325035 0.713403 -0.459592
1305031793.813185 3.703474 -0.948989 -2.861860 0.417353 -0.325035 0.713403 -0.459592
1305031793.849143 3.703474 -0.948989 -2.861860 0.417353 -0.325035 0.713403 -0.459592
1305031793.881130 3.703474 -0.948989 -2.861860 0.417353 -0.325035 0.713403 -0.459592
1305031793.913043 3.703474 -0.948989 -2.861860 0.417353 -0.325035 0.713403 -0.459592
1305031793.949037 3.703474 -0.948989 -2.861860 0.417353 -0.325035 0.713403 -0.459592
1305031793.981122 3.703474 -0.948989 -2.861860 0.417353 -0.325035 0.713403 -0.459592
1305031794.013091 3.703474 -0.948989 -2.861860 0.417353 -0.325035 0.713403 -0.459592
1305031794.049085 3.703474 -0.948989 -2.861860 0.417353 -0.325035 0.713403 -0.459592
1305031794.081104 3.703474 -0.948989 -2.861860 0.417353 -0.325035 0.713403 -0.459592
1305031794.113117 3.703474 -0.948989 -2.861860 0.417353 -0.325035 0.713403 -0.459592
1305031794.149250 3.703474 -0.948989 -2.861860 0.417353 -0.325035 0.713403 -0.459592
1305031794.181114 3.703474 -0.948989 -2.861860 0.417353 -0.325035 0.713403 -0.459592
1305031794.213850 3.703474 -0.948989 -2.861860 0.417353 -0.325035 0.713403 -0.459592
1305031794.249049 3.703474 -0.948989 -2.861860 0.417353 -0.325035 0.713403 -0.459592
1305031794.281224 3.703474 -0.948989 -2.861860 0.417353 -0.325035 0.713403 -0.459592
1305031794.313689 3.703474 -0.948989 -2.861860 0.417353 -0.325035 0.713403 -0.459592
1305031794.349120 3.703474 -0.948989 -2.861860 0.417353 -0.325035 0.713403 -0.459592
1305031794.381128 3.703474 -0.948989 -2.861860 0.417353 -0.325035 0.713403 -0.459592
1305031794.414141 3.703474 -0.948989 -2.861860 0.417353 -0.325035 0.713403 -0.459592
1305031794.448978 3.703474 -0.948989 -2.861860 0.417353 -0.325035 0.713403 -0.459592
1305031794.481048 3.703474 -0.948989 -2.861860 0.417353 -0.325035 0.713403 -0.459592
1305031794.513623 3.703474 -0.948989 -2.861860 0.417353 -0.325035 0.713403 -0.459592
1305031794.549055 3.703474 -0.948989 -2.861860 0.417353 -0.325035 0.713403 -0.459592
1305031794.581098 3.703474 -0.948989 -2.861860 0.417353 -0.325035 0.713403 -0.459592
1305031794.613605 3.703474 -0.948989 -2.861860 0.417353 -0.325035 0.713403 -0.459592
1305031794.649050 3.691259 -0.925954 -2.844487 0.396823 -0.309057 0.726214 -0.468645
1305031794.681066 3.665955 -0.913489 -2.837852 0.382833 -0.304807 0.733201 -0.472174
1305031794.713569 3.665960 -0.923374 -2.846426 0.364843 -0.290082 0.744288 -0.478307
1305031794.749055 3.710164 -0.577152 -3.230904 0.348161 -0.284186 0.753653 -0.479614
1305031794.781053 3.639538 -0.935033 -2.749389 0.333382 -0.290920 0.766634 -0.465289
1305031794.813436 3.582459 -0.842803 -2.765651 0.310362 -0.278099 0.782695 -0.462304
1305031794.849048 3.633064 -0.818702 -2.836905 0.293674 -0.251118 0.801832 -0.455808
1305031794.881088 3.607719 -0.790653 -2.843497 0.277272 -0.224884 0.819898 -0.447564
1305031794.913315 3.499769 -0.063854 -2.951396 0.291291 -0.184641 0.879024 -0.329203
1305031794.948993 3.481945 -0.101929 -2.968039 0.295404 -0.179308 0.875390 -0.338050
1305031794.981050 3.654257 -0.280016 -3.141364 -0.259099 0.232732 -0.787246 0.508868
1305031795.013529 3.623654 -0.279329 -3.124464 -0.250230 0.224649 -0.796174 0.503016
1305031795.049021 4.714662 -0.922525 -3.826724 0.250359 -0.227863 0.803034 -0.490443
1305031795.081170 3.484689 -0.160872 -3.030360 0.226756 -0.232799 0.820520 -0.470249
1305031795.113213 3.372032 -0.104347 -2.960994 0.217509 -0.225499 0.823988 -0.472107
1305031795.149077 3.453598 -0.176317 -3.069379 0.215338 -0.222278 0.818434 -0.484135
1305031795.181142 1.530985 0.652589 -1.743852 0.204587 -0.216010 0.819384 -0.489994
1305031795.213481 2.020320 0.548109 -2.209163 0.194076 -0.207772 0.820523 -0.495891
1305031795.249044 3.481731 -0.199109 -3.006734 -0.177143 0.204496 -0.820466 0.503625
1305031795.281099 3.430628 -0.175141 -3.105559 -0.178749 0.201632 -0.821804 0.502027
1305031795.312920 3.399588 -0.201707 -3.131303 -0.178224 0.192428 -0.822705 0.504345
1305031795.349100 3.391846 -0.197526 -3.146423 -0.168885 0.186949 -0.823267 0.508684
1305031795.381002 3.407758 -0.166405 -3.147449 -0.138508 0.189530 -0.830003 0.505953
1305031795.413224 3.608219 0.003902 -2.963773 -0.144971 0.177684 -0.827630 0.512289
1305031795.449070 3.475218 -0.101290 -3.097963 0.112061 -0.207514 0.845815 -0.478516
1305031795.481096 5.236326 -0.688308 -3.977770 0.104594 -0.207805 0.839222 -0.491512
1305031795.513242 3.758721 -0.207123 -3.303692 0.108494 -0.204860 0.837903 -0.494146
1305031795.549114 4.026235 -0.325946 -3.401181 0.102719 -0.201593 0.843112 -0.487823
1305031795.581136 3.434045 -0.166155 -3.120270 0.111057 -0.212929 0.877139 -0.415878
1305031795.613267 3.368874 -0.234477 -3.181937 0.113449 -0.214186 0.885560 -0.396280
1305031795.649064 3.372916 -0.229097 -3.179959 0.120101 -0.213233 0.896001 -0.370527
1305031795.681015 3.380405 -0.216566 -3.184759 0.111159 -0.216057 0.898823 -0.364802
1305031795.713123 3.367447 -0.215784 -3.174943 0.110969 -0.213104 0.899360 -0.365273
1305031795.749082 3.374943 -0.196351 -3.165187 0.110120 -0.211547 0.899888 -0.365134
1305031795.781166 3.519310 -0.118648 -3.103477 0.093684 -0.224703 0.903262 -0.353342
1305031795.813074 3.759723 0.072539 -3.063061 0.098145 -0.217672 0.901716 -0.360409
1305031795.849070 3.746503 -0.190456 -3.207107 0.090321 -0.215422 0.904349 -0.357196
1305031795.881078 4.114363 0.441301 -3.007935 0.092120 -0.229473 0.899055 -0.361325
1305031795.913138 3.635892 0.227517 -2.919800 0.058269 -0.223982 0.849307 -0.474462
1305031795.949065 3.774181 0.501736 -2.740500 -0.032598 0.230809 -0.818990 0.524328
1305031795.981148 3.789313 0.474142 -2.692676 -0.020445 0.254635 -0.820183 0.511901
1305031796.013148 3.763823 0.450769 -2.720401 -0.038427 0.248238 -0.817295 0.518585
1305031796.049088 3.760452 0.446826 -2.722155 -0.043252 0.253889 -0.813785 0.520983
1305031796.081227 3.741773 0.389482 -2.710628 -0.029484 0.274197 -0.810685 0.516465
1305031796.113719 3.913963 0.292804 -2.830149 -0.047536 0.263244 -0.805940 0.528113
