# timestamp tx ty tz qx qy qz qw
1305031453.359684 0.000000 0.000000 0.000000 0.000000 0.000000 0.000000 1.000000
1305031453.391690 0.001282 0.002634 -0.006858 -0.001210 0.006879 0.011513 0.999909
1305031453.423683 0.003613 0.006256 -0.015412 0.000211 0.011594 0.021155 0.999709
1305031453.459685 0.006395 0.011507 -0.028159 0.004450 0.017813 0.030107 0.999378
1305031453.491698 0.010691 0.014643 -0.040930 0.008022 0.023874 0.040590 0.998858
1305031453.523684 0.007033 0.021962 -0.050231 0.015791 0.030698 0.049374 0.998184
1305031453.559753 0.000938 0.023264 -0.066794 0.021440 0.035880 0.055316 0.997594
1305031453.591640 -0.001974 0.030187 -0.081709 0.029125 0.039697 0.059240 0.997029
1305031453.627706 -0.012207 0.036042 -0.094656 0.036505 0.043381 0.063006 0.996401
1305031453.659600 -0.023363 0.041835 -0.110091 0.043901 0.041994 0.061094 0.996281
1305031453.691678 -0.028904 0.056618 -0.122963 0.053005 0.036994 0.056297 0.996320
1305031453.727652 -0.037097 0.058125 -0.144033 0.054477 0.032035 0.052596 0.996614
1305031453.759694 -0.051205 0.068280 -0.155055 0.060721 0.025774 0.044590 0.996825
1305031453.791716 -0.060340 0.071417 -0.178999 0.062655 0.016908 0.037047 0.997204
1305031453.827773 -0.067600 0.082809 -0.179978 0.067657 0.008613 0.031382 0.997178
1305031453.859705 -0.084415 0.090269 -0.189248 0.069694 -0.002088 0.023642 0.997286
1305031453.891710 -0.099814 0.108675 -0.187612 0.074656 -0.015938 0.020088 0.996880
1305031453.927723 -0.110018 0.110249 -0.191479 0.070888 -0.035008 0.015754 0.996745
1305031453.959641 -0.107749 0.106889 -0.220766 0.065311 -0.055523 0.006319 0.996299
1305031453.991624 -0.111578 0.105511 -0.221909 0.062474 -0.069430 -0.007282 0.995602
1305031454.027662 -0.116422 0.096767 -0.224556 0.061251 -0.083773 -0.015076 0.994486
1305031454.059654 -0.117511 0.102874 -0.241758 0.062086 -0.099666 -0.028550 0.992672
1305031454.091651 -0.109831 0.101662 -0.197103 0.064053 -0.117654 -0.035755 0.990341
1305031454.127701 -0.109831 0.101662 -0.197103 0.064053 -0.117654 -0.035755 0.990341
1305031454.159672 -0.124645 0.107022 -0.200919 0.066614 -0.130887 -0.049972 0.987894
1305031454.191658 -0.124645 0.107022 -0.200919 0.066614 -0.130887 -0.049972 0.987894
1305031454.227671 -0.132189 0.101645 -0.188399 0.065293 -0.151189 -0.063259 0.984315
1305031454.259627 -0.118998 0.079140 -0.204412 0.064606 -0.172722 -0.095409 0.978208
1305031454.291639 -0.176479 0.135883 -0.142507 0.083085 -0.174604 -0.096313 0.976388
1305031454.327699 -0.181477 0.122276 -0.145876 0.079283 -0.187319 -0.111598 0.972714
1305031454.359636 -0.189320 0.127695 -0.149626 0.086476 -0.196992 -0.124973 0.968554
1305031454.391677 -0.205260 0.144022 -0.133012 0.092385 -0.205578 -0.136236 0.964698
1305031454.427465 -0.217346 0.148825 -0.129846 0.094163 -0.217679 -0.148860 0.959995
1305031454.459913 -0.209793 0.146052 -0.133207 0.096721 -0.231490 -0.168304 0.953274
1305031454.491617 -0.219057 0.158982 -0.125359 0.100769 -0.236570 -0.180939 0.949284
1305031454.527700 -0.223848 0.167450 -0.130183 0.102106 -0.241205 -0.196998 0.944768
1305031454.559575 -0.230889 0.178391 -0.133000 0.101681 -0.245843 -0.211427 0.940490
1305031454.591635 -0.235874 0.180738 -0.137456 0.097787 -0.256073 -0.227356 0.934438
1305031454.627580 -0.233462 0.179389 -0.155301 0.093990 -0.266414 -0.240800 0.928550
1305031454.659528 -0.239189 0.198269 -0.132512 0.093328 -0.282672 -0.247182 0.922110
1305031454.691884 -0.243938 0.205391 -0.126451 0.086981 -0.297428 -0.252511 0.916629
1305031454.727659 -0.231266 0.205097 -0.124113 0.082638 -0.314658 -0.257137 0.909968
1305031454.759732 -0.248177 0.221603 -0.122456 0.078383 -0.311301 -0.251967 0.912940
1305031454.791641 -0.223303 0.214577 -0.116846 0.072048 -0.327137 -0.250107 0.908426
1305031454.827570 -0.220694 0.210716 -0.150697 0.061266 -0.318358 -0.246186 0.913393
1305031454.859620 -0.206619 0.218562 -0.134597 0.053403 -0.324044 -0.228673 0.916434
1305031454.891764 -0.203367 0.229277 -0.133883 0.050653 -0.319515 -0.220922 0.920075
1305031454.927567 -0.203528 0.231203 -0.134180 0.043241 -0.314521 -0.215837 0.923375
1305031454.959648 -0.204985 0.242859 -0.139945 0.041018 -0.307816 -0.209248 0.927244
1305031454.991937 -0.208666 0.241390 -0.139900 0.032537 -0.306618 -0.203787 0.929192
1305031455.027799 -0.209877 0.265377 -0.153569 0.040104 -0.301697 -0.201072 0.931097
1305031455.059636 -0.213190 0.272673 -0.153592 0.038209 -0.299805 -0.198105 0.932422
1305031455.091700 -0.218481 0.277286 -0.154560 0.038681 -0.297763 -0.197959 0.933088
1305031455.127695 -0.230384 0.290604 -0.172204 0.040481 -0.286442 -0.196602 0.936835
1305031455.159720 -0.239207 0.298041 -0.178352 0.038506 -0.281441 -0.192597 0.939263
1305031455.191655 -0.249645 0.304198 -0.181613 0.034790 -0.277954 -0.188330 0.941309
1305031455.227581 -0.257962 0.309491 -0.189615 0.032778 -0.273918 -0.181251 0.943950
1305031455.259631 -0.266579 0.322549 -0.195373 0.031045 -0.268471 -0.174567 0.946829
1305031455.291831 -0.279974 0.323542 -0.198378 0.020578 -0.262947 -0.165641 0.950262
1305031455.327766 -0.289043 0.328863 -0.206173 0.013221 -0.260880 -0.154437 0.952846
1305031455.359630 -0.293294 0.341105 -0.206782 0.007062 -0.261583 -0.146974 0.953899
1305031455.391665 -0.306653 0.348487 -0.211835 -0.000203 -0.252732 -0.140980 0.957210
1305031455.427642 -0.322225 0.342227 -0.215401 -0.014453 -0.245867 -0.128934 0.960582
1305031455.459589 -0.335134 0.341607 -0.225240 -0.020804 -0.241147 -0.119160 0.962921
1305031455.491637 -0.348693 0.346166 -0.229149 -0.025233 -0.237937 -0.108253 0.964899
1305031455.527610 -0.365649 0.345762 -0.234380 -0.031086 -0.234040 -0.093657 0.967206
1305031455.559669 -0.374494 0.340129 -0.241200 -0.036859 -0.237588 -0.076327 0.967661
1305031455.591645 -0.403549 0.353763 -0.258542 -0.033115 -0.230153 -0.067975 0.970213
1305031455.627617 -0.417482 0.349373 -0.258240 -0.039654 -0.230391 -0.053497 0.970817
1305031455.659615 -0.430459 0.344336 -0.270366 -0.037879 -0.228895 -0.047367 0.971560
1305031455.691605 -0.442548 0.344049 -0.281907 -0.033965 -0.227608 -0.046949 0.972027
1305031455.727628 -0.450843 0.337644 -0.287451 -0.033502 -0.227535 -0.051736 0.971817
1305031455.759683 -0.462044 0.336377 -0.297947 -0.031571 -0.222872 -0.052171 0.972939
1305031455.791666 -0.472034 0.328903 -0.305056 -0.030849 -0.219511 -0.048232 0.973929
1305031455.827590 -0.479723 0.324921 -0.326100 -0.026931 -0.217338 -0.048312 0.974528
1305031455.859526 -0.489182 0.313014 -0.338546 -0.029765 -0.216053 -0.048341 0.974730
1305031455.891657 -0.500461 0.311178 -0.359771 -0.027378 -0.211280 -0.051079 0.975706
1305031455.927955 -0.511732 0.304521 -0.365897 -0.028790 -0.208094 -0.052478 0.976276
1305031455.959716 -0.514425 0.303498 -0.373377 -0.027858 -0.207865 -0.052412 0.976355
1305031455.991694 -0.523011 0.300658 -0.382898 -0.028864 -0.203318 -0.056085 0.977079
1305031456.027770 -0.527251 0.302575 -0.400107 -0.031790 -0.197759 -0.060473 0.977867
1305031456.059713 -0.541712 0.287512 -0.397194 -0.045641 -0.193207 -0.069417 0.977634
1305031456.091707 -0.551948 0.282198 -0.400549 -0.049353 -0.189039 -0.075131 0.977847
1305031456.127645 -0.558302 0.272764 -0.404927 -0.052209 -0.186166 -0.075664 0.978208
1305031456.159731 -0.570523 0.256459 -0.410125 -0.056441 -0.179072 -0.078912 0.979041
1305031456.191658 -0.579100 0.254708 -0.417470 -0.049158 -0.170478 -0.075319 0.981248
1305031456.227678 -0.587456 0.252047 -0.421337 -0.047697 -0.160599 -0.073588 0.983116
1305031456.259614 -0.599432 0.241978 -0.422926 -0.050330 -0.148399 -0.071491 0.985055
1305031456.291675 -0.574503 0.193064 -0.427148 -0.065532 -0.155320 -0.078074 0.982591
1305031456.327718 -0.581617 0.182092 -0.425213 -0.064672 -0.145786 -0.070018 0.984714
1305031456.359846 -0.590776 0.188600 -0.428903 -0.058149 -0.133710 -0.066801 0.987055
1305031456.391619 -0.604009 0.184258 -0.416318 -0.057578 -0.120335 -0.060463 0.989216
1305031456.427662 -0.623283 0.188599 -0.421383 -0.048923 -0.106564 -0.053458 0.991662
1305031456.459610 -0.635351 0.171020 -0.407843 -0.059095 -0.102766 -0.041061 0.992099
1305031456.491677 -0.670117 0.200793 -0.420759 -0.050517 -0.090271 -0.036756 0.993956
1305031456.527641 -0.679959 0.198833 -0.411086 -0.057759 -0.093738 -0.032057 0.993403
1305031456.559608 -0.675022 0.181172 -0.389127 -0.067933 -0.100390 -0.023010 0.992360
1305031456.591651 -0.674740 0.180457 -0.388076 -0.068160 -0.100361 -0.022794 0.992352
1305031456.627612 -0.710988 0.202287 -0.377105 -0.076415 -0.084789 -0.015984 0.993336
1305031456.659665 -0.729480 0.192434 -0.356322 -0.090585 -0.077487 -0.010276 0.992817
1305031456.691612 -0.727521 0.184729 -0.349759 -0.092843 -0.081800 -0.000985 0.992315
1305031456.727693 -0.739862 0.195579 -0.338098 -0.096683 -0.081513 0.011795 0.991902
1305031456.759615 -0.757038 0.173711 -0.331156 -0.111539 -0.083661 0.017641 0.990075
1305031456.791649 -0.770565 0.175852 -0.326812 -0.106488 -0.089873 0.024768 0.989934
1305031456.827603 -0.773488 0.190615 -0.308727 -0.105665 -0.097621 0.033831 0.989020
1305031456.859634 -0.784632 0.186081 -0.297879 -0.115283 -0.096670 0.039755 0.987818
1305031456.891672 -0.788005 0.184223 -0.281634 -0.118859 -0.097793 0.045158 0.987051
1305031456.927690 -0.804215 0.197446 -0.280181 -0.109849 -0.089818 0.050748 0.988580
1305031456.959667 -0.818723 0.205544 -0.275317 -0.112323 -0.083117 0.056768 0.988561
1305031456.991709 -0.828891 0.198031 -0.269550 -0.123931 -0.079321 0.059191 0.987343
1305031457.027648 -0.846756 0.206067 -0.263996 -0.122250 -0.073435 0.060798 0.987910
1305031457.059621 -0.864911 0.218221 -0.267577 -0.121826 -0.064929 0.065829 0.988235
1305031457.091655 -0.871399 0.210303 -0.265186 -0.134526 -0.061784 0.068744 0.986590
1305031457.127632 -0.875396 0.197400 -0.259562 -0.142905 -0.058897 0.074169 0.985195
1305031457.159693 -0.884542 0.191731 -0.263374 -0.144184 -0.051962 0.081097 0.984852
1305031457.191735 -0.904349 0.194895 -0.274940 -0.141460 -0.039673 0.085425 0.985453
1305031457.227543 -0.915140 0.189488 -0.279408 -0.146882 -0.033033 0.091481 0.984361
1305031457.259691 -0.921374 0.170012 -0.281741 -0.151289 -0.027777 0.096548 0.983371
1305031457.291656 -0.935301 0.169131 -0.293724 -0.143287 -0.017413 0.102549 0.984200
1305031457.327548 -0.949615 0.172075 -0.306252 -0.138908 -0.005896 0.107697 0.984414
1305031457.359712 -0.954921 0.158149 -0.311867 -0.144288 0.002747 0.113409 0.983012
1305031457.391684 -0.974356 0.146625 -0.323652 -0.141058 0.017974 0.118057 0.982773
1305031457.427641 -0.998078 0.149538 -0.337013 -0.134396 0.030969 0.125332 0.982482
1305031457.459614 -1.004700 0.139374 -0.343095 -0.136974 0.031655 0.130115 0.981482
1305031457.491705 -1.014392 0.126584 -0.340343 -0.140249 0.034865 0.131210 0.980764
1305031457.527638 -1.021232 0.123563 -0.363450 -0.132071 0.035101 0.136740 0.981136
1305031457.559685 -1.015810 0.083809 -0.367440 -0.145812 0.034460 0.142083 0.978450
1305031457.591678 -1.033193 0.079390 -0.377314 -0.142402 0.041427 0.145352 0.978202
1305031457.627526 -1.041807 0.072183 -0.384818 -0.141038 0.042410 0.148082 0.977947
1305031457.659632 -1.055871 0.076444 -0.394007 -0.134292 0.045135 0.152539 0.978090
1305031457.691570 -1.077620 0.072521 -0.404093 -0.136856 0.049605 0.155704 0.977019
1305031457.727669 -1.083533 0.048715 -0.407675 -0.142813 0.049336 0.154193 0.976420
1305031457.759556 -1.100047 0.043809 -0.416729 -0.137007 0.053401 0.151402 0.977474
1305031457.791567 -1.100297 0.013020 -0.417897 -0.138038 0.056036 0.151436 0.977176
1305031457.827699 -1.104943 0.014672 -0.430151 -0.126359 0.061305 0.153400 0.978133
1305031457.859623 -1.135496 0.019797 -0.434609 -0.117456 0.075978 0.148862 0.978914
1305031457.891593 -1.145473 -0.004955 -0.434606 -0.114416 0.083996 0.151489 0.978215
1305031457.927633 -1.154279 -0.002265 -0.440694 -0.098076 0.086108 0.151159 0.979856
1305031457.959632 -1.170090 -0.028893 -0.444595 -0.099836 0.090199 0.152803 0.979055
1305031457.991644 -1.181591 -0.043932 -0.438095 -0.096452 0.091580 0.152690 0.979283
1305031458.027845 -1.166227 -0.031575 -0.451864 -0.081254 0.085128 0.157618 0.980463
1305031458.059689 -1.178221 -0.034542 -0.451288 -0.072884 0.089998 0.159669 0.980354
1305031458.091690 -1.176974 -0.014256 -0.429557 -0.067071 0.087664 0.158536 0.981164
1305031458.127605 -1.208680 -0.042559 -0.432849 -0.073720 0.099331 0.158637 0.979558
1305031458.159638 -1.213690 -0.047299 -0.433020 -0.073605 0.100063 0.159737 0.979313
1305031458.191646 -1.259230 -0.046047 -0.402765 -0.069552 0.108690 0.160950 0.978491
1305031458.227611 -1.272045 -0.042613 -0.394514 -0.073595 0.103644 0.163154 0.978378
1305031458.259934 -1.280274 -0.047558 -0.369263 -0.073147 0.100501 0.162397 0.978865
1305031458.291664 -1.319400 -0.064163 -0.367207 -0.066221 0.106727 0.167468 0.977844
1305031458.327628 -1.343031 0.031648 -0.368252 -0.022787 0.098224 0.171447 0.980020
1305031458.359590 -1.342890 0.031647 -0.368901 -0.022827 0.098199 0.171500 0.980012
1305031458.391626 -1.342890 0.031647 -0.368901 -0.022827 0.098199 0.171500 0.980012
1305031458.427598 -1.342890 0.031647 -0.368901 -0.022827 0.098199 0.171500 0.980012
1305031458.459637 -1.382117 0.103051 -0.368580 -0.001256 0.107911 0.146671 0.983281
1305031458.491696 -1.382117 0.103051 -0.368580 -0.001256 0.107911 0.146671 0.983281
1305031458.527737 -1.382117 0.103051 -0.368580 -0.001256 0.107911 0.146671 0.983281
1305031458.559628 -1.385041 0.103878 -0.349784 0.003087 0.114292 0.142258 0.983204
1305031458.591641 -1.398377 0.117032 -0.328778 0.016727 0.121420 0.139448 0.982615
1305031458.627659 -1.406712 0.148356 -0.315094 0.025592 0.118926 0.136529 0.983139
1305031458.659623 -1.406712 0.148356 -0.315094 0.025592 0.118926 0.136529 0.983139
1305031458.691674 -1.406712 0.148356 -0.315094 0.025592 0.118926 0.136529 0.983139
1305031458.727650 -1.406712 0.148356 -0.315094 0.025592 0.118926 0.136529 0.983139
1305031458.759945 -1.420833 0.154030 -0.297934 0.033194 0.106840 0.127454 0.985515
1305031458.791632 -1.389951 0.168589 -0.295100 0.035268 0.076926 0.130724 0.987801
