# timestamp tx ty tz qx qy qz qw
1305031453.359684 0.000000 0.000000 0.000000 0.000000 0.000000 0.000000 1.000000
1305031453.391690 -0.002737 -0.000020 -0.010336 -0.002625 0.008456 0.010438 0.999906
1305031453.423683 0.001356 -0.000819 -0.023357 -0.002990 0.012564 0.019422 0.999728
1305031453.459685 0.007646 -0.003060 -0.045660 -0.002224 0.017632 0.029516 0.999406
1305031453.491698 0.006586 -0.002030 -0.059006 0.000544 0.025883 0.038934 0.998906
1305031453.523684 0.009098 -0.003869 -0.077941 0.004269 0.029949 0.047630 0.998407
1305031453.559753 0.014811 -0.006415 -0.094867 0.008018 0.030472 0.054467 0.998018
1305031453.591640 0.009903 0.006438 -0.106459 0.018593 0.035378 0.058617 0.997480
1305031453.627706 0.004297 0.000990 -0.124750 0.020901 0.037337 0.062923 0.997101
1305031453.659600 -0.005753 0.014608 -0.137819 0.031815 0.035594 0.059418 0.997091
1305031453.691678 -0.007839 0.027337 -0.153597 0.040084 0.029132 0.055508 0.997228
1305031453.727652 -0.019223 0.033950 -0.169759 0.043865 0.025568 0.049991 0.997458
1305031453.759694 -0.034030 0.037779 -0.182411 0.047587 0.019507 0.041881 0.997798
1305031453.791716 -0.036901 0.050727 -0.197713 0.053674 0.008280 0.034568 0.997926
1305031453.827773 -0.050581 0.054858 -0.210210 0.055328 0.002673 0.027924 0.998074
1305031453.859705 -0.066437 0.063838 -0.226492 0.057468 -0.007726 0.019997 0.998117
1305031453.891710 -0.080883 0.071795 -0.239707 0.057265 -0.022196 0.013251 0.998024
1305031453.927723 -0.088338 0.076638 -0.248106 0.054535 -0.041976 0.008208 0.997595
1305031453.959641 -0.088241 0.078982 -0.257910 0.051184 -0.061760 -0.000071 0.996778
1305031453.991624 -0.107435 0.080651 -0.261798 0.049430 -0.070313 -0.009653 0.996253
1305031454.027662 -0.117511 0.082106 -0.270532 0.051064 -0.082948 -0.020098 0.995042
1305031454.059654 -0.123142 0.086864 -0.281122 0.051850 -0.096396 -0.031904 0.993480
1305031454.091651 -0.140930 0.085765 -0.279131 0.051432 -0.105504 -0.045095 0.992064
1305031454.127701 -0.163528 0.088795 -0.281252 0.055173 -0.115898 -0.059124 0.989964
1305031454.159672 -0.180471 0.101622 -0.285921 0.058866 -0.129186 -0.071414 0.987292
1305031454.191658 -0.194257 0.098097 -0.294060 0.053984 -0.142853 -0.084703 0.984634
1305031454.227671 -0.202740 0.085751 -0.290595 0.052131 -0.161514 -0.102709 0.980126
1305031454.259627 -0.208038 0.093400 -0.301551 0.058513 -0.172894 -0.116316 0.976296
1305031454.291639 -0.222468 0.103572 -0.300640 0.059120 -0.178824 -0.128387 0.973675
1305031454.327699 -0.237462 0.096371 -0.298231 0.057928 -0.188243 -0.144348 0.969728
1305031454.359636 -0.237639 0.094097 -0.301589 0.062282 -0.202230 -0.159042 0.964329
1305031454.391677 -0.249956 0.107716 -0.307756 0.066288 -0.206479 -0.169730 0.961335
1305031454.427465 -0.265216 0.113675 -0.305464 0.069143 -0.217590 -0.185414 0.955769
1305031454.459913 -0.266027 0.118678 -0.303740 0.072637 -0.228814 -0.200474 0.949830
1305031454.491617 -0.270927 0.122738 -0.308663 0.074097 -0.233411 -0.216850 0.944989
1305031454.527700 -0.278405 0.135827 -0.305216 0.076515 -0.239442 -0.233401 0.939328
1305031454.559575 -0.281563 0.143715 -0.313202 0.073935 -0.244089 -0.245379 0.935277
1305031454.591635 -0.289053 0.148456 -0.315809 0.071068 -0.253826 -0.262799 0.928148
1305031454.627580 -0.289404 0.152756 -0.319070 0.068907 -0.267039 -0.275420 0.920916
1305031454.659528 -0.288625 0.164955 -0.319945 0.064600 -0.279451 -0.281622 0.915654
1305031454.691884 -0.289803 0.170684 -0.320403 0.058111 -0.293628 -0.288830 0.909386
1305031454.727659 -0.282750 0.171859 -0.322231 0.052780 -0.307601 -0.291968 0.904074
1305031454.759732 -0.275406 0.181245 -0.323058 0.048951 -0.314007 -0.288559 0.903182
1305031454.791641 -0.270390 0.186591 -0.323250 0.043960 -0.317190 -0.281551 0.904537
1305031454.827570 -0.261611 0.196492 -0.320891 0.040613 -0.319700 -0.274715 0.905911
1305031454.859620 -0.257598 0.203935 -0.316784 0.034993 -0.317717 -0.267158 0.909097
1305031454.891764 -0.253296 0.213765 -0.313049 0.032004 -0.314105 -0.259282 0.912736
1305031454.927567 -0.250874 0.223532 -0.315709 0.028605 -0.307952 -0.252900 0.916727
1305031454.959648 -0.252128 0.231910 -0.320867 0.024965 -0.301414 -0.246880 0.920639
1305031454.991937 -0.256326 0.240163 -0.327884 0.022074 -0.296810 -0.241414 0.923653
1305031455.027799 -0.256292 0.252769 -0.331316 0.022608 -0.296131 -0.238152 0.924705
1305031455.059636 -0.261119 0.260127 -0.334137 0.021024 -0.292679 -0.236268 0.926323
1305031455.091700 -0.266344 0.269259 -0.339093 0.023530 -0.288709 -0.235702 0.927652
1305031455.127695 -0.271872 0.281382 -0.345270 0.025413 -0.283203 -0.234078 0.929709
1305031455.159720 -0.280675 0.290007 -0.351331 0.024023 -0.277897 -0.230199 0.932311
1305031455.191655 -0.291123 0.298874 -0.356604 0.020583 -0.273214 -0.224892 0.935069
1305031455.227581 -0.301099 0.305462 -0.361852 0.019766 -0.269278 -0.219380 0.937534
1305031455.259631 -0.307115 0.320594 -0.366175 0.019072 -0.264511 -0.212648 0.940453
1305031455.291831 -0.321300 0.323762 -0.371942 0.009575 -0.257240 -0.204049 0.944510
1305031455.327766 -0.333373 0.333586 -0.380003 0.004524 -0.253266 -0.193620 0.947812
1305031455.359630 -0.338915 0.347778 -0.381739 -0.001243 -0.252096 -0.186491 0.949562
1305031455.391665 -0.351241 0.348299 -0.383725 -0.012357 -0.244611 -0.179303 0.952819
1305031455.427642 -0.365347 0.351852 -0.391895 -0.020444 -0.236207 -0.169143 0.956650
1305031455.459589 -0.381068 0.354723 -0.400800 -0.024740 -0.230627 -0.161052 0.959302
1305031455.491637 -0.393681 0.360090 -0.409422 -0.028681 -0.225966 -0.150535 0.962006
1305031455.527610 -0.411273 0.358451 -0.416258 -0.034745 -0.221490 -0.137804 0.964751
1305031455.559669 -0.430519 0.360149 -0.429176 -0.037048 -0.219388 -0.125065 0.966879
1305031455.591645 -0.444686 0.365276 -0.442835 -0.038851 -0.218665 -0.111076 0.968679
1305031455.627617 -0.461972 0.361128 -0.448782 -0.045259 -0.216273 -0.098208 0.970326
1305031455.659615 -0.478396 0.357833 -0.458801 -0.043358 -0.213709 -0.092360 0.971554
1305031455.691605 -0.495226 0.358871 -0.473162 -0.039259 -0.210147 -0.093817 0.972366
1305031455.727628 -0.510210 0.356057 -0.483305 -0.037513 -0.206524 -0.098530 0.972745
1305031455.759683 -0.525513 0.354353 -0.495678 -0.036006 -0.200088 -0.101744 0.973815
1305031455.791666 -0.541649 0.345091 -0.507355 -0.036056 -0.194186 -0.100671 0.975119
1305031455.827590 -0.557389 0.342734 -0.525135 -0.033259 -0.189264 -0.100381 0.976215
1305031455.859526 -0.571619 0.337824 -0.536881 -0.033342 -0.186533 -0.101960 0.976574
1305031455.891657 -0.583038 0.333858 -0.548850 -0.033300 -0.183347 -0.102307 0.977143
1305031455.927955 -0.594483 0.328122 -0.558266 -0.034518 -0.179670 -0.103207 0.977689
1305031455.959716 -0.606007 0.328027 -0.570860 -0.032898 -0.175042 -0.105632 0.978325
1305031455.991694 -0.616503 0.325321 -0.579818 -0.034727 -0.169983 -0.108412 0.978850
1305031456.027770 -0.628154 0.330957 -0.592147 -0.036960 -0.162054 -0.112934 0.979601
1305031456.059713 -0.642207 0.320804 -0.597263 -0.048098 -0.156000 -0.121080 0.979127
1305031456.091707 -0.654535 0.310952 -0.600225 -0.054685 -0.151536 -0.126136 0.978844
1305031456.127645 -0.666504 0.305327 -0.605249 -0.056005 -0.146473 -0.127570 0.979354
1305031456.159731 -0.671825 0.295548 -0.603997 -0.058302 -0.143115 -0.127725 0.979697
1305031456.191658 -0.681816 0.286140 -0.608417 -0.054421 -0.134956 -0.125566 0.981355
1305031456.227678 -0.689094 0.289080 -0.616665 -0.049633 -0.124776 -0.122922 0.983289
1305031456.259614 -0.701788 0.282073 -0.612836 -0.051605 -0.112653 -0.120064 0.985003
1305031456.291675 -0.713476 0.272498 -0.610426 -0.050647 -0.102061 -0.115408 0.986762
1305031456.327718 -0.725480 0.265913 -0.609093 -0.046971 -0.090850 -0.109010 0.988765
1305031456.359846 -0.734012 0.274077 -0.611275 -0.039717 -0.078225 -0.103489 0.990754
1305031456.391619 -0.746220 0.262907 -0.600757 -0.041443 -0.066392 -0.099483 0.991957
1305031456.427662 -0.767398 0.265692 -0.599804 -0.033532 -0.052371 -0.093607 0.993665
1305031456.459610 -0.788271 0.280665 -0.598197 -0.029449 -0.043755 -0.088141 0.994711
1305031456.491677 -0.802640 0.294581 -0.586830 -0.030568 -0.042327 -0.080378 0.995396
1305031456.527641 -0.815037 0.294645 -0.576632 -0.036698 -0.043644 -0.074863 0.995562
1305031456.559608 -0.816471 0.284405 -0.555439 -0.042974 -0.048024 -0.067975 0.995603
1305031456.591651 -0.824144 0.293655 -0.554246 -0.040390 -0.044909 -0.063684 0.996141
1305031456.627612 -0.840563 0.314515 -0.549151 -0.046849 -0.035294 -0.055099 0.996757
1305031456.659665 -0.846106 0.300619 -0.529241 -0.061034 -0.033671 -0.047168 0.996452
1305031456.691612 -0.861886 0.297258 -0.522145 -0.062279 -0.028718 -0.036815 0.996966
1305031456.727693 -0.880534 0.313991 -0.515340 -0.063050 -0.024979 -0.027104 0.997330
1305031456.759615 -0.896994 0.298762 -0.503862 -0.074404 -0.027164 -0.020526 0.996647
1305031456.791649 -0.913018 0.301215 -0.496546 -0.069573 -0.032381 -0.012998 0.996966
1305031456.827603 -0.921413 0.320803 -0.488153 -0.065508 -0.036246 -0.005208 0.997180
1305031456.859634 -0.929918 0.318283 -0.474953 -0.073784 -0.035908 0.001247 0.996627
1305031456.891672 -0.931205 0.309799 -0.457746 -0.079781 -0.037559 0.007078 0.996079
1305031456.927690 -0.944249 0.317203 -0.451611 -0.073483 -0.030934 0.013236 0.996729
1305031456.959667 -0.955524 0.334974 -0.447358 -0.070843 -0.025455 0.018708 0.996987
1305031456.991709 -0.970161 0.330696 -0.439645 -0.080449 -0.019524 0.020441 0.996358
1305031457.027648 -0.981965 0.330711 -0.434644 -0.082365 -0.015237 0.024163 0.996193
1305031457.059621 -0.994498 0.341849 -0.434555 -0.083446 -0.009480 0.030126 0.996012
1305031457.091655 -1.007118 0.338240 -0.432364 -0.093173 -0.003227 0.033561 0.995079
1305031457.127632 -1.015815 0.325747 -0.429668 -0.100415 0.001967 0.037460 0.994238
1305031457.159693 -1.025887 0.323366 -0.432224 -0.099986 0.008668 0.044698 0.993947
1305031457.191735 -1.041085 0.327156 -0.438926 -0.097765 0.017749 0.050486 0.993770
1305031457.227543 -1.054894 0.322014 -0.442246 -0.102789 0.025397 0.056148 0.992792
1305031457.259691 -1.064882 0.307533 -0.445359 -0.104404 0.031581 0.062210 0.992085
1305031457.291656 -1.079817 0.309814 -0.455932 -0.095069 0.041319 0.068732 0.992235
1305031457.327548 -1.095246 0.312913 -0.466198 -0.091056 0.052651 0.073475 0.991735
1305031457.359712 -1.107270 0.303877 -0.471572 -0.093529 0.063567 0.079283 0.990417
1305031457.391684 -1.125144 0.296832 -0.480161 -0.088755 0.076746 0.086687 0.989302
1305031457.427641 -1.147572 0.295333 -0.491266 -0.085056 0.087867 0.093606 0.988070
1305031457.459614 -1.166264 0.288245 -0.499858 -0.085416 0.092909 0.098170 0.987135
1305031457.491705 -1.178745 0.277198 -0.507181 -0.085922 0.094885 0.101607 0.986555
1305031457.527638 -1.190611 0.268649 -0.517561 -0.082852 0.098248 0.104936 0.986140
1305031457.559685 -1.204855 0.262664 -0.527350 -0.079455 0.103849 0.108715 0.985436
1305031457.591678 -1.223860 0.261499 -0.535920 -0.075241 0.110101 0.111998 0.984720
1305031457.627526 -1.238117 0.248183 -0.541083 -0.077093 0.113097 0.114687 0.983927
1305031457.659632 -1.253857 0.251844 -0.551492 -0.071222 0.115453 0.118679 0.983623
1305031457.691570 -1.270722 0.244968 -0.556290 -0.076448 0.117295 0.121058 0.982722
1305031457.727669 -1.282637 0.224997 -0.558321 -0.081039 0.119057 0.119736 0.982304
1305031457.759556 -1.297294 0.212580 -0.564023 -0.079114 0.122252 0.117907 0.982290
1305031457.791567 -1.304853 0.193535 -0.569088 -0.074752 0.126026 0.116289 0.982347
1305031457.827699 -1.318420 0.195979 -0.578152 -0.062329 0.134101 0.117329 0.982021
1305031457.859623 -1.332091 0.187713 -0.582103 -0.059893 0.142665 0.117755 0.980915
1305031457.891593 -1.352636 0.167167 -0.583107 -0.054768 0.153348 0.116691 0.979729
1305031457.927633 -1.373641 0.166876 -0.586324 -0.040113 0.159839 0.120082 0.978991
1305031457.959632 -1.392444 0.167613 -0.587080 -0.031581 0.162951 0.123543 0.978359
1305031457.991644 -1.403202 0.152169 -0.585766 -0.028697 0.164206 0.123821 0.978203
1305031458.027845 -1.415620 0.139114 -0.582681 -0.020987 0.168969 0.124535 0.977497
1305031458.059689 -1.434775 0.144994 -0.579846 -0.010545 0.175719 0.126078 0.976277
1305031458.091690 -1.446750 0.152366 -0.579539 -0.007190 0.178693 0.128624 0.975435
1305031458.127605 -1.463108 0.139761 -0.568568 -0.010190 0.184215 0.128939 0.974339
1305031458.159638 -1.481188 0.126985 -0.557299 -0.010388 0.188680 0.130598 0.973260
1305031458.191646 -1.503851 0.131487 -0.544977 -0.007936 0.191416 0.134041 0.972281
1305031458.227611 -1.519124 0.125039 -0.529961 -0.015546 0.189770 0.134415 0.972460
1305031458.259934 -1.529840 0.095354 -0.511043 -0.022448 0.188649 0.132543 0.972800
1305031458.291664 -1.549231 0.095375 -0.500535 -0.012472 0.186415 0.131944 0.973491
1305031458.327628 -1.562398 0.081770 -0.487910 -0.012976 0.181195 0.135487 0.973983
1305031458.359590 -1.572840 0.057926 -0.469697 -0.010151 0.179309 0.136905 0.974168
1305031458.391626 -1.580222 0.067535 -0.463018 0.005075 0.175271 0.139816 0.974529
1305031458.427598 -1.586028 0.066708 -0.445751 0.014286 0.175627 0.148886 0.973028
1305031458.459637 -1.585006 0.051951 -0.433499 0.022200 0.179461 0.152936 0.971551
1305031458.491696 -1.580440 0.048542 -0.418294 0.040389 0.186243 0.150440 0.970077
1305031458.527737 -1.606474 0.079295 -0.396944 0.067968 0.202502 0.144254 0.966211
1305031458.559628 -1.609933 0.083629 -0.377434 0.075014 0.210889 0.141691 0.964273
1305031458.591641 -1.621447 0.086567 -0.354343 0.084570 0.218784 0.134615 0.962736
1305031458.627659 -1.632918 0.115916 -0.329816 0.092966 0.220324 0.130492 0.962178
1305031458.659623 -1.647498 0.115862 -0.304633 0.086923 0.219840 0.131162 0.962762
1305031458.691674 -1.645223 0.120686 -0.281800 0.082143 0.203245 0.125741 0.967540
1305031458.727650 -1.636097 0.112204 -0.265229 0.077840 0.186517 0.117140 0.972333
1305031458.759945 -1.629111 0.115462 -0.259113 0.082439 0.165606 0.106808 0.976919
1305031458.791632 -1.650002 0.127229 -0.242691 0.083317 0.159812 0.096073 0.978922
